base_mae,candidate,corr_mae,delta_pct,kappa,rho,scale,shrink,test_curve,test_label,train_id,train_label,train_size,win
0.003408385839825258,none,0.002767950647437327,-18.789985127410482,0.020555000039450946,0.0,25,1.0,wsd_20000_24000.csv,WSD sharp,cosine_72000.csv,Cosine,1,1
0.002504818961791151,none,0.0020842506738609416,-16.79036666304492,0.020555000039450946,0.0,25,1.0,wsdcon_18.csv,WSD-con 18e-5,cosine_72000.csv,Cosine,1,1
0.004487187642230267,none,0.002905343263709773,-35.2524677959371,0.020555000039450946,0.0,25,1.0,wsdcon_3.csv,WSD-con 3e-5,cosine_72000.csv,Cosine,1,1
0.002926482771138891,none,0.0023455307260374795,-19.851545029780716,0.020555000039450946,0.0,25,1.0,wsdcon_9.csv,WSD-con 9e-5,cosine_72000.csv,Cosine,1,1
0.0031360955249893426,none,0.0026752403424190763,-14.695189572448763,0.020555000039450946,0.0,25,1.0,wsdld_20000_24000.csv,WSD linear,cosine_72000.csv,Cosine,1,1
0.003408385839825258,constant_0p85,0.002864015926295515,-15.971487358298964,0.017471750033533302,0.0,25,0.85,wsd_20000_24000.csv,WSD sharp,cosine_72000.csv,Cosine,1,1
0.002504818961791151,constant_0p85,0.0021473359170504675,-14.271811663588407,0.017471750033533302,0.0,25,0.85,wsdcon_18.csv,WSD-con 18e-5,cosine_72000.csv,Cosine,1,1
0.004487187642230267,constant_0p85,0.0027681375699613324,-38.31018912805071,0.017471750033533302,0.0,25,0.85,wsdcon_3.csv,WSD-con 3e-5,cosine_72000.csv,Cosine,1,1
0.002926482771138891,constant_0p85,0.0021951982763775747,-24.988511874160945,0.017471750033533302,0.0,25,0.85,wsdcon_9.csv,WSD-con 9e-5,cosine_72000.csv,Cosine,1,1
0.0031360955249893426,constant_0p85,0.002744368619804614,-12.490911136581529,0.017471750033533302,0.0,25,0.85,wsdld_20000_24000.csv,WSD linear,cosine_72000.csv,Cosine,1,1
0.003408385839825258,train_size_rho0p25,0.002896037685914911,-15.031988101928452,0.016444000031560758,0.25,25,0.8,wsd_20000_24000.csv,WSD sharp,cosine_72000.csv,Cosine,1,1
0.002504818961791151,train_size_rho0p25,0.0021683643314469917,-13.432293330435607,0.016444000031560758,0.25,25,0.8,wsdcon_18.csv,WSD-con 18e-5,cosine_72000.csv,Cosine,1,1
0.004487187642230267,train_size_rho0p25,0.002765890022598664,-38.36027723538806,0.016444000031560758,0.25,25,0.8,wsdcon_3.csv,WSD-con 3e-5,cosine_72000.csv,Cosine,1,1
0.002926482771138891,train_size_rho0p25,0.0021950794467669086,-24.9925723665663,0.016444000031560758,0.25,25,0.8,wsdcon_9.csv,WSD-con 9e-5,cosine_72000.csv,Cosine,1,1
0.0031360955249893426,train_size_rho0p25,0.0027674113789331305,-11.75615165795898,0.016444000031560758,0.25,25,0.8,wsdld_20000_24000.csv,WSD linear,cosine_72000.csv,Cosine,1,1
0.003408385839825258,train_size_rho0p35,0.0029339894010193815,-13.918507501785593,0.015225925955148848,0.35,25,0.7407407407407407,wsd_20000_24000.csv,WSD sharp,cosine_72000.csv,Cosine,1,1
0.002504818961791151,train_size_rho0p35,0.0021932868966576583,-12.437308639292699,0.015225925955148848,0.35,25,0.7407407407407407,wsdcon_18.csv,WSD-con 18e-5,cosine_72000.csv,Cosine,1,1
0.004487187642230267,train_size_rho0p35,0.00278545154232913,-37.92433558796582,0.015225925955148848,0.35,25,0.7407407407407407,wsdcon_3.csv,WSD-con 3e-5,cosine_72000.csv,Cosine,1,1
0.002926482771138891,train_size_rho0p35,0.0022151403147636943,-24.307078223404865,0.015225925955148848,0.35,25,0.7407407407407407,wsdcon_9.csv,WSD-con 9e-5,cosine_72000.csv,Cosine,1,1
0.0031360955249893426,train_size_rho0p35,0.0027947213156780393,-10.885325609221152,0.015225925955148848,0.35,25,0.7407407407407407,wsdld_20000_24000.csv,WSD linear,cosine_72000.csv,Cosine,1,1
0.003408385839825258,train_size_rho0p5,0.0029814290448999733,-12.526656751606913,0.013703333359633963,0.5,25,0.6666666666666666,wsd_20000_24000.csv,WSD sharp,cosine_72000.csv,Cosine,1,1
0.002504818961791151,train_size_rho0p5,0.0022244401031710145,-11.193577775363151,0.013703333359633963,0.5,25,0.6666666666666666,wsdcon_18.csv,WSD-con 18e-5,cosine_72000.csv,Cosine,1,1
0.004487187642230267,train_size_rho0p5,0.002843139237393469,-36.63872643444116,0.013703333359633963,0.5,25,0.6666666666666666,wsdcon_3.csv,WSD-con 3e-5,cosine_72000.csv,Cosine,1,1
0.002926482771138891,train_size_rho0p5,0.0022512194348145538,-23.074229002262214,0.013703333359633963,0.5,25,0.6666666666666666,wsdcon_9.csv,WSD-con 9e-5,cosine_72000.csv,Cosine,1,1
0.0031360955249893426,train_size_rho0p5,0.0028288587366091713,-9.79679304829898,0.013703333359633963,0.5,25,0.6666666666666666,wsdld_20000_24000.csv,WSD linear,cosine_72000.csv,Cosine,1,1
0.003408385839825258,train_size_rho0p75,0.003042422872746435,-10.737134358520429,0.011745714308257682,0.75,25,0.5714285714285714,wsd_20000_24000.csv,WSD sharp,cosine_72000.csv,Cosine,1,1
0.002504818961791151,train_size_rho0p75,0.0022644942258310385,-9.59449523602538,0.011745714308257682,0.75,25,0.5714285714285714,wsdcon_18.csv,WSD-con 18e-5,cosine_72000.csv,Cosine,1,1
0.004487187642230267,train_size_rho0p75,0.002960865990328431,-34.01510642294443,0.011745714308257682,0.75,25,0.5714285714285714,wsdcon_3.csv,WSD-con 3e-5,cosine_72000.csv,Cosine,1,1
0.002926482771138891,train_size_rho0p75,0.002324983414915587,-20.553661280883595,0.011745714308257682,0.75,25,0.5714285714285714,wsdcon_9.csv,WSD-con 9e-5,cosine_72000.csv,Cosine,1,1
0.0031360955249893426,train_size_rho0p75,0.0028727497063777588,-8.397251184256538,0.011745714308257682,0.75,25,0.5714285714285714,wsdld_20000_24000.csv,WSD linear,cosine_72000.csv,Cosine,1,1
0.003408385839825258,train_size_rho1p0,0.0030881682436312914,-9.394992563705273,0.010277500019725473,1.0,25,0.5,wsd_20000_24000.csv,WSD sharp,cosine_72000.csv,Cosine,1,1
0.002504818961791151,train_size_rho1p0,0.0022945348178260486,-8.395183331522361,0.010277500019725473,1.0,25,0.5,wsdcon_18.csv,WSD-con 18e-5,cosine_72000.csv,Cosine,1,1
0.004487187642230267,train_size_rho1p0,0.0030790740451907394,-31.38076027370349,0.010277500019725473,1.0,25,0.5,wsdcon_3.csv,WSD-con 3e-5,cosine_72000.csv,Cosine,1,1
0.002926482771138891,train_size_rho1p0,0.002391657871716571,-18.275347618540174,0.010277500019725473,1.0,25,0.5,wsdcon_9.csv,WSD-con 9e-5,cosine_72000.csv,Cosine,1,1
0.0031360955249893426,train_size_rho1p0,0.0029056679337042053,-7.3475947862245095,0.010277500019725473,1.0,25,0.5,wsdld_20000_24000.csv,WSD linear,cosine_72000.csv,Cosine,1,1
0.003408385839825258,train_selected_rho,0.0029814290448999733,-12.526656751606913,0.013703333359633963,0.5,25,0.6666666666666666,wsd_20000_24000.csv,WSD sharp,cosine_72000.csv,Cosine,1,1
0.002504818961791151,train_selected_rho,0.0022244401031710145,-11.193577775363151,0.013703333359633963,0.5,25,0.6666666666666666,wsdcon_18.csv,WSD-con 18e-5,cosine_72000.csv,Cosine,1,1
0.004487187642230267,train_selected_rho,0.002843139237393469,-36.63872643444116,0.013703333359633963,0.5,25,0.6666666666666666,wsdcon_3.csv,WSD-con 3e-5,cosine_72000.csv,Cosine,1,1
0.002926482771138891,train_selected_rho,0.0022512194348145538,-23.074229002262214,0.013703333359633963,0.5,25,0.6666666666666666,wsdcon_9.csv,WSD-con 9e-5,cosine_72000.csv,Cosine,1,1
0.0031360955249893426,train_selected_rho,0.0028288587366091713,-9.79679304829898,0.013703333359633963,0.5,25,0.6666666666666666,wsdld_20000_24000.csv,WSD linear,cosine_72000.csv,Cosine,1,1
0.0037480705220761528,none,0.0026040795145366885,-30.5221313420159,0.036932787982351674,0.0,100,1.0,wsd_20000_24000.csv,WSD sharp,cosine_72000.csv,Cosine,1,1
0.0013816404339982303,none,0.001458263182917274,5.545780728008265,0.036932787982351674,0.0,100,1.0,wsdcon_18.csv,WSD-con 18e-5,cosine_72000.csv,Cosine,1,0
0.0056693997340904675,none,0.00594234943550538,4.814437404610006,0.036932787982351674,0.0,100,1.0,wsdcon_3.csv,WSD-con 3e-5,cosine_72000.csv,Cosine,1,0
0.004934623402238123,none,0.005508069391670714,11.62086632938395,0.036932787982351674,0.0,100,1.0,wsdcon_9.csv,WSD-con 9e-5,cosine_72000.csv,Cosine,1,0
0.003248313740665229,none,0.002425101351801072,-25.34276103193066,0.036932787982351674,0.0,100,1.0,wsdld_20000_24000.csv,WSD linear,cosine_72000.csv,Cosine,1,1
0.0037480705220761528,constant_0p85,0.0027756781656675983,-25.943811640713776,0.031392869784998924,0.0,100,0.85,wsd_20000_24000.csv,WSD sharp,cosine_72000.csv,Cosine,1,1
0.0013816404339982303,constant_0p85,0.0013594735759549141,-1.6043868938584227,0.031392869784998924,0.0,100,0.85,wsdcon_18.csv,WSD-con 18e-5,cosine_72000.csv,Cosine,1,1
0.0056693997340904675,constant_0p85,0.005122291364155874,-9.650199237933343,0.031392869784998924,0.0,100,0.85,wsdcon_3.csv,WSD-con 3e-5,cosine_72000.csv,Cosine,1,1
0.004934623402238123,constant_0p85,0.0051813375516070025,4.999655075136666,0.031392869784998924,0.0,100,0.85,wsdcon_9.csv,WSD-con 9e-5,cosine_72000.csv,Cosine,1,0
0.003248313740665229,constant_0p85,0.0025485832101306894,-21.541346877141255,0.031392869784998924,0.0,100,0.85,wsdld_20000_24000.csv,WSD linear,cosine_72000.csv,Cosine,1,1
0.0037480705220761528,train_size_rho0p25,0.0028328777160445766,-24.41770507361284,0.02954623038588134,0.25,100,0.8,wsd_20000_24000.csv,WSD sharp,cosine_72000.csv,Cosine,1,1
0.0013816404339982303,train_size_rho0p25,0.0013265569732601708,-3.986815916979025,0.02954623038588134,0.25,100,0.8,wsdcon_18.csv,WSD-con 18e-5,cosine_72000.csv,Cosine,1,1
0.0056693997340904675,train_size_rho0p25,0.004915406332223985,-13.299351558025997,0.02954623038588134,0.25,100,0.8,wsdcon_3.csv,WSD-con 3e-5,cosine_72000.csv,Cosine,1,1
0.004934623402238123,train_size_rho0p25,0.005072426938252413,2.7925846570538315,0.02954623038588134,0.25,100,0.8,wsdcon_9.csv,WSD-con 9e-5,cosine_72000.csv,Cosine,1,0
0.003248313740665229,train_size_rho0p25,0.0025897438295739055,-20.27420882554447,0.02954623038588134,0.25,100,0.8,wsdld_20000_24000.csv,WSD linear,cosine_72000.csv,Cosine,1,1
0.0037480705220761528,train_size_rho0p35,0.002900669775750616,-22.60898617927124,0.027357620727667904,0.35,100,0.7407407407407407,wsd_20000_24000.csv,WSD sharp,cosine_72000.csv,Cosine,1,1
0.0013816404339982303,train_size_rho0p35,0.0012875447033997038,-6.810435499938983,0.027357620727667904,0.35,100,0.7407407407407407,wsdcon_18.csv,WSD-con 18e-5,cosine_72000.csv,Cosine,1,1
0.0056693997340904675,train_size_rho0p35,0.004717541127843312,-16.789407184036932,0.027357620727667904,0.35,100,0.7407407407407407,wsdcon_3.csv,WSD-con 3e-5,cosine_72000.csv,Cosine,1,1
0.004934623402238123,train_size_rho0p35,0.0049469057709993795,0.24890184640404822,0.027357620727667904,0.35,100,0.7407407407407407,wsdcon_9.csv,WSD-con 9e-5,cosine_72000.csv,Cosine,1,0
0.003248313740665229,train_size_rho0p35,0.0026385267859510347,-18.772415579208012,0.027357620727667904,0.35,100,0.7407407407407407,wsdld_20000_24000.csv,WSD linear,cosine_72000.csv,Cosine,1,1
0.0037480705220761528,train_size_rho0p5,0.002985409850383169,-20.34808756134414,0.024621858654901116,0.5,100,0.6666666666666666,wsd_20000_24000.csv,WSD sharp,cosine_72000.csv,Cosine,1,1
0.0013816404339982303,train_size_rho0p5,0.0012415578952275736,-10.13885634233227,0.024621858654901116,0.5,100,0.6666666666666666,wsdcon_18.csv,WSD-con 18e-5,cosine_72000.csv,Cosine,1,1
0.0056693997340904675,train_size_rho0p5,0.004543348873529426,-19.861906257729988,0.024621858654901116,0.5,100,0.6666666666666666,wsdcon_3.csv,WSD-con 3e-5,cosine_72000.csv,Cosine,1,1
0.004934623402238123,train_size_rho0p5,0.004827707940146291,-2.1666387356599426,0.024621858654901116,0.5,100,0.6666666666666666,wsdcon_9.csv,WSD-con 9e-5,cosine_72000.csv,Cosine,1,1
0.003248313740665229,train_size_rho0p5,0.002699505481422466,-16.89517402128684,0.024621858654901116,0.5,100,0.6666666666666666,wsdld_20000_24000.csv,WSD linear,cosine_72000.csv,Cosine,1,1
0.0037480705220761528,train_size_rho0p75,0.003094361374910739,-17.441217909723516,0.021104450275629526,0.75,100,0.5714285714285714,wsd_20000_24000.csv,WSD sharp,cosine_72000.csv,Cosine,1,1
0.0013816404339982303,train_size_rho0p75,0.0012252827460091187,-11.316814718330104,0.021104450275629526,0.75,100,0.5714285714285714,wsdcon_18.csv,WSD-con 18e-5,cosine_72000.csv,Cosine,1,1
0.0056693997340904675,train_size_rho0p75,0.004434585536306456,-21.780333998306624,0.021104450275629526,0.75,100,0.5714285714285714,wsdcon_3.csv,WSD-con 3e-5,cosine_72000.csv,Cosine,1,1
0.004934623402238123,train_size_rho0p75,0.004731610986327257,-4.1140407152203124,0.021104450275629526,0.75,100,0.5714285714285714,wsdcon_9.csv,WSD-con 9e-5,cosine_72000.csv,Cosine,1,1
0.003248313740665229,train_size_rho0p75,0.0027779066613142765,-14.481577732531981,0.021104450275629526,0.75,100,0.5714285714285714,wsdld_20000_24000.csv,WSD linear,cosine_72000.csv,Cosine,1,1
0.0037480705220761528,train_size_rho1p0,0.003176075018306414,-15.261065671008122,0.018466393991175837,1.0,100,0.5,wsd_20000_24000.csv,WSD sharp,cosine_72000.csv,Cosine,1,1
0.0013816404339982303,train_size_rho1p0,0.0012232531569301493,-11.463711771212093,0.018466393991175837,1.0,100,0.5,wsdcon_18.csv,WSD-con 18e-5,cosine_72000.csv,Cosine,1,1
0.0056693997340904675,train_size_rho1p0,0.00442653045569341,-21.922413953696097,0.018466393991175837,1.0,100,0.5,wsdcon_3.csv,WSD-con 3e-5,cosine_72000.csv,Cosine,1,1
0.004934623402238123,train_size_rho1p0,0.0046814241295405545,-5.131075911136984,0.018466393991175837,1.0,100,0.5,wsdcon_9.csv,WSD-con 9e-5,cosine_72000.csv,Cosine,1,1
0.003248313740665229,train_size_rho1p0,0.0028367075462331502,-12.671380515965335,0.018466393991175837,1.0,100,0.5,wsdld_20000_24000.csv,WSD linear,cosine_72000.csv,Cosine,1,1
0.0037480705220761528,train_selected_rho,0.002985409850383169,-20.34808756134414,0.024621858654901116,0.5,100,0.6666666666666666,wsd_20000_24000.csv,WSD sharp,cosine_72000.csv,Cosine,1,1
0.0013816404339982303,train_selected_rho,0.0012415578952275736,-10.13885634233227,0.024621858654901116,0.5,100,0.6666666666666666,wsdcon_18.csv,WSD-con 18e-5,cosine_72000.csv,Cosine,1,1
0.0056693997340904675,train_selected_rho,0.004543348873529426,-19.861906257729988,0.024621858654901116,0.5,100,0.6666666666666666,wsdcon_3.csv,WSD-con 3e-5,cosine_72000.csv,Cosine,1,1
0.004934623402238123,train_selected_rho,0.004827707940146291,-2.1666387356599426,0.024621858654901116,0.5,100,0.6666666666666666,wsdcon_9.csv,WSD-con 9e-5,cosine_72000.csv,Cosine,1,1
0.003248313740665229,train_selected_rho,0.002699505481422466,-16.89517402128684,0.024621858654901116,0.5,100,0.6666666666666666,wsdld_20000_24000.csv,WSD linear,cosine_72000.csv,Cosine,1,1
0.004701998914275349,none,0.002696896417908533,-42.64361887195018,0.06508729347827592,0.0,400,1.0,wsd_20000_24000.csv,WSD sharp,cosine_72000.csv,Cosine,1,1
0.0025579541942073844,none,0.0028231075076254296,10.365835088779086,0.06508729347827592,0.0,400,1.0,wsdcon_18.csv,WSD-con 18e-5,cosine_72000.csv,Cosine,1,0
0.008173606778800102,none,0.008867993133477664,8.495470524451854,0.06508729347827592,0.0,400,1.0,wsdcon_3.csv,WSD-con 3e-5,cosine_72000.csv,Cosine,1,0
0.006687305974578527,none,0.0075709478352190065,13.213719605467444,0.06508729347827592,0.0,400,1.0,wsdcon_9.csv,WSD-con 9e-5,cosine_72000.csv,Cosine,1,0
0.0038535563963712593,none,0.002394602003245419,-37.859946580765744,0.06508729347827592,0.0,400,1.0,wsdld_20000_24000.csv,WSD linear,cosine_72000.csv,Cosine,1,1
0.004701998914275349,constant_0p85,0.0029870019689996925,-36.47378437431996,0.05532419945653453,0.0,400,0.85,wsd_20000_24000.csv,WSD sharp,cosine_72000.csv,Cosine,1,1
0.0025579541942073844,constant_0p85,0.002649003473723286,3.559456995832333,0.05532419945653453,0.0,400,0.85,wsdcon_18.csv,WSD-con 18e-5,cosine_72000.csv,Cosine,1,0
0.008173606778800102,constant_0p85,0.00701172272130291,-14.215071619432107,0.05532419945653453,0.0,400,0.85,wsdcon_3.csv,WSD-con 3e-5,cosine_72000.csv,Cosine,1,1
0.006687305974578527,constant_0p85,0.00699514264084577,4.6032986592428715,0.05532419945653453,0.0,400,0.85,wsdcon_9.csv,WSD-con 9e-5,cosine_72000.csv,Cosine,1,0
0.0038535563963712593,constant_0p85,0.002611882781004883,-32.22149847179118,0.05532419945653453,0.0,400,0.85,wsdld_20000_24000.csv,WSD linear,cosine_72000.csv,Cosine,1,1
0.004701998914275349,train_size_rho0p25,0.0030868750432997806,-34.34972870946492,0.05206983478262074,0.25,400,0.8,wsd_20000_24000.csv,WSD sharp,cosine_72000.csv,Cosine,1,1
0.0025579541942073844,train_size_rho0p25,0.002590968795755906,1.2906642981834748,0.05206983478262074,0.25,400,0.8,wsdcon_18.csv,WSD-con 18e-5,cosine_72000.csv,Cosine,1,0
0.008173606778800102,train_size_rho0p25,0.006460555231988665,-20.95833079778907,0.05206983478262074,0.25,400,0.8,wsdcon_3.csv,WSD-con 3e-5,cosine_72000.csv,Cosine,1,1
0.006687305974578527,train_size_rho0p25,0.006818538513504157,1.9624126580195966,0.05206983478262074,0.25,400,0.8,wsdcon_9.csv,WSD-con 9e-5,cosine_72000.csv,Cosine,1,0
0.0038535563963712593,train_size_rho0p25,0.0026849224054382006,-30.3261162087446,0.05206983478262074,0.25,400,0.8,wsdld_20000_24000.csv,WSD linear,cosine_72000.csv,Cosine,1,1
0.004701998914275349,train_size_rho0p35,0.00320524313135914,-31.83232940297014,0.04821280998390809,0.35,400,0.7407407407407407,wsd_20000_24000.csv,WSD sharp,cosine_72000.csv,Cosine,1,1
0.0025579541942073844,train_size_rho0p35,0.002524672911393788,-1.3010898666193316,0.04821280998390809,0.35,400,0.7407407407407407,wsdcon_18.csv,WSD-con 18e-5,cosine_72000.csv,Cosine,1,1
0.008173606778800102,train_size_rho0p35,0.005896266968933984,-27.86211609509841,0.04821280998390809,0.35,400,0.7407407407407407,wsdcon_3.csv,WSD-con 3e-5,cosine_72000.csv,Cosine,1,1
0.006687305974578527,train_size_rho0p35,0.006635209159487786,-0.7790403981631,0.04821280998390809,0.35,400,0.7407407407407407,wsdcon_9.csv,WSD-con 9e-5,cosine_72000.csv,Cosine,1,1
0.0038535563963712593,train_size_rho0p35,0.0027714878862480498,-28.079737230319257,0.04821280998390809,0.35,400,0.7407407407407407,wsdld_20000_24000.csv,WSD linear,cosine_72000.csv,Cosine,1,1
0.004701998914275349,train_size_rho0p5,0.003353203241433326,-28.68558026985196,0.04339152898551728,0.5,400,0.6666666666666666,wsd_20000_24000.csv,WSD sharp,cosine_72000.csv,Cosine,1,1
0.0025579541942073844,train_size_rho0p5,0.0024667993743625787,-3.5635829621668114,0.04339152898551728,0.5,400,0.6666666666666666,wsdcon_18.csv,WSD-con 18e-5,cosine_72000.csv,Cosine,1,1
0.008173606778800102,train_size_rho0p5,0.005379034607788617,-34.19019591522034,0.04339152898551728,0.5,400,0.6666666666666666,wsdcon_3.csv,WSD-con 3e-5,cosine_72000.csv,Cosine,1,1
0.006687305974578527,train_size_rho0p5,0.006407768601619105,-4.180119378746394,0.04339152898551728,0.5,400,0.6666666666666666,wsdcon_9.csv,WSD-con 9e-5,cosine_72000.csv,Cosine,1,1
0.0038535563963712593,train_size_rho0p5,0.002879694737260368,-25.271763507287393,0.04339152898551728,0.5,400,0.6666666666666666,wsdld_20000_24000.csv,WSD linear,cosine_72000.csv,Cosine,1,1
0.004701998914275349,train_size_rho0p75,0.0035434376686715877,-24.63975995584239,0.03719273913044338,0.75,400,0.5714285714285714,wsd_20000_24000.csv,WSD sharp,cosine_72000.csv,Cosine,1,1
0.0025579541942073844,train_size_rho0p75,0.0024018700793455236,-6.101912036396939,0.03719273913044338,0.75,400,0.5714285714285714,wsdcon_18.csv,WSD-con 18e-5,cosine_72000.csv,Cosine,1,1
0.008173606778800102,train_size_rho0p75,0.00507688409789227,-37.88685661928106,0.03719273913044338,0.75,400,0.5714285714285714,wsdcon_3.csv,WSD-con 3e-5,cosine_72000.csv,Cosine,1,1
0.006687305974578527,train_size_rho0p75,0.006208933319708193,-7.153443504586832,0.03719273913044338,0.75,400,0.5714285714285714,wsdcon_9.csv,WSD-con 9e-5,cosine_72000.csv,Cosine,1,1
0.0038535563963712593,train_size_rho0p75,0.0030188178314190742,-21.66151157767472,0.03719273913044338,0.75,400,0.5714285714285714,wsdld_20000_24000.csv,WSD linear,cosine_72000.csv,Cosine,1,1
0.004701998914275349,train_size_rho1p0,0.0036861134891002724,-21.605394720335447,0.03254364673913796,1.0,400,0.5,wsd_20000_24000.csv,WSD sharp,cosine_72000.csv,Cosine,1,1
0.0025579541942073844,train_size_rho1p0,0.0023814176531554944,-6.90147389862047,0.03254364673913796,1.0,400,0.5,wsdcon_18.csv,WSD-con 18e-5,cosine_72000.csv,Cosine,1,1
0.008173606778800102,train_size_rho1p0,0.005100623700759759,-37.59641442515617,0.03254364673913796,1.0,400,0.5,wsdcon_3.csv,WSD-con 3e-5,cosine_72000.csv,Cosine,1,1
0.006687305974578527,train_size_rho1p0,0.006141320360115118,-8.16450774854549,0.03254364673913796,1.0,400,0.5,wsdcon_9.csv,WSD-con 9e-5,cosine_72000.csv,Cosine,1,1
0.0038535563963712593,train_size_rho1p0,0.0031231601520381003,-18.95382263046531,0.03254364673913796,1.0,400,0.5,wsdld_20000_24000.csv,WSD linear,cosine_72000.csv,Cosine,1,1
0.004701998914275349,train_selected_rho,0.003353203241433326,-28.68558026985196,0.04339152898551728,0.5,400,0.6666666666666666,wsd_20000_24000.csv,WSD sharp,cosine_72000.csv,Cosine,1,1
0.0025579541942073844,train_selected_rho,0.0024667993743625787,-3.5635829621668114,0.04339152898551728,0.5,400,0.6666666666666666,wsdcon_18.csv,WSD-con 18e-5,cosine_72000.csv,Cosine,1,1
0.008173606778800102,train_selected_rho,0.005379034607788617,-34.19019591522034,0.04339152898551728,0.5,400,0.6666666666666666,wsdcon_3.csv,WSD-con 3e-5,cosine_72000.csv,Cosine,1,1
0.006687305974578527,train_selected_rho,0.006407768601619105,-4.180119378746394,0.04339152898551728,0.5,400,0.6666666666666666,wsdcon_9.csv,WSD-con 9e-5,cosine_72000.csv,Cosine,1,1
0.0038535563963712593,train_selected_rho,0.002879694737260368,-25.271763507287393,0.04339152898551728,0.5,400,0.6666666666666666,wsdld_20000_24000.csv,WSD linear,cosine_72000.csv,Cosine,1,1
0.00744534704076948,none,0.007259418934678206,-2.4972389476697776,0.016364874874118,0.0,25,1.0,cosine_72000.csv,Cosine,wsd_20000_24000.csv,WSD sharp,1,1
0.002504818961791151,none,0.002169983282161355,-13.367659888296313,0.016364874874118,0.0,25,1.0,wsdcon_18.csv,WSD-con 18e-5,wsd_20000_24000.csv,WSD sharp,1,1
0.004487187642230267,none,0.0027666029722471096,-38.34438867209875,0.016364874874118,0.0,25,1.0,wsdcon_3.csv,WSD-con 3e-5,wsd_20000_24000.csv,WSD sharp,1,1
0.002926482771138891,none,0.0021961967294928486,-24.954394020294846,0.016364874874118,0.0,25,1.0,wsdcon_9.csv,WSD-con 9e-5,wsd_20000_24000.csv,WSD sharp,1,1
0.0031360955249893426,none,0.002769185411470679,-11.699583465969532,0.016364874874118,0.0,25,1.0,wsdld_20000_24000.csv,WSD linear,wsd_20000_24000.csv,WSD sharp,1,1
0.00744534704076948,constant_0p85,0.007287308150591888,-2.122653105519434,0.0139101436430003,0.0,25,0.85,cosine_72000.csv,Cosine,wsd_20000_24000.csv,WSD sharp,1,1
0.002504818961791151,constant_0p85,0.0022202086341058334,-11.362510905051504,0.0139101436430003,0.0,25,0.85,wsdcon_18.csv,WSD-con 18e-5,wsd_20000_24000.csv,WSD sharp,1,1
0.004487187642230267,constant_0p85,0.0028335657220526504,-36.85207867428778,0.0139101436430003,0.0,25,0.85,wsdcon_3.csv,WSD-con 3e-5,wsd_20000_24000.csv,WSD sharp,1,1
0.002926482771138891,constant_0p85,0.0022453136254949437,-23.27603471175942,0.0139101436430003,0.0,25,0.85,wsdcon_9.csv,WSD-con 9e-5,wsd_20000_24000.csv,WSD sharp,1,1
0.0031360955249893426,constant_0p85,0.0028242219284984756,-9.944645946074193,0.0139101436430003,0.0,25,0.85,wsdld_20000_24000.csv,WSD linear,wsd_20000_24000.csv,WSD sharp,1,1
0.00744534704076948,train_size_rho0p25,0.0072966045558964625,-1.9977911581357977,0.013091899899294402,0.25,25,0.8,cosine_72000.csv,Cosine,wsd_20000_24000.csv,WSD sharp,1,1
0.002504818961791151,train_size_rho0p25,0.0022369504180873123,-10.69412791063713,0.013091899899294402,0.25,25,0.8,wsdcon_18.csv,WSD-con 18e-5,wsd_20000_24000.csv,WSD sharp,1,1
0.004487187642230267,train_size_rho0p25,0.0028727450081932606,-35.978941884288574,0.013091899899294402,0.25,25,0.8,wsdcon_3.csv,WSD-con 3e-5,wsd_20000_24000.csv,WSD sharp,1,1
0.002926482771138891,train_size_rho0p25,0.0022686799274438934,-22.47759153692206,0.013091899899294402,0.25,25,0.8,wsdcon_9.csv,WSD-con 9e-5,wsd_20000_24000.csv,WSD sharp,1,1
0.0031360955249893426,train_size_rho0p25,0.002842567434174399,-9.359666772776032,0.013091899899294402,0.25,25,0.8,wsdld_20000_24000.csv,WSD linear,wsd_20000_24000.csv,WSD sharp,1,1
0.00744534704076948,train_size_rho0p35,0.007307622517738899,-1.8498066279036385,0.012122129536383704,0.35,25,0.7407407407407407,cosine_72000.csv,Cosine,wsd_20000_24000.csv,WSD sharp,1,1
0.002504818961791151,train_size_rho0p35,0.002256792532435761,-9.901970287626327,0.012122129536383704,0.35,25,0.7407407407407407,wsdcon_18.csv,WSD-con 18e-5,wsd_20000_24000.csv,WSD sharp,1,1
0.004487187642230267,train_size_rho0p35,0.002934243975760903,-34.60839595505537,0.012122129536383704,0.35,25,0.7407407407407407,wsdcon_3.csv,WSD-con 3e-5,wsd_20000_24000.csv,WSD sharp,1,1
0.002926482771138891,train_size_rho0p35,0.00230794032691246,-21.136035732946223,0.012122129536383704,0.35,25,0.7407407407407407,wsdcon_9.csv,WSD-con 9e-5,wsd_20000_24000.csv,WSD sharp,1,1
0.0031360955249893426,train_size_rho0p35,0.002864310255716254,-8.666358122940544,0.012122129536383704,0.35,25,0.7407407407407407,wsdld_20000_24000.csv,WSD linear,wsd_20000_24000.csv,WSD sharp,1,1
0.00744534704076948,train_size_rho0p5,0.007321394970041959,-1.664825965113248,0.010909916582745333,0.5,25,0.6666666666666666,cosine_72000.csv,Cosine,wsd_20000_24000.csv,WSD sharp,1,1
0.002504818961791151,train_size_rho0p5,0.00228159517537129,-8.911773258864086,0.010909916582745333,0.5,25,0.6666666666666666,wsdcon_18.csv,WSD-con 18e-5,wsd_20000_24000.csv,WSD sharp,1,1
0.004487187642230267,train_size_rho0p5,0.0030257902115823107,-32.56822640743409,0.010909916582745333,0.5,25,0.6666666666666666,wsdcon_3.csv,WSD-con 3e-5,wsd_20000_24000.csv,WSD sharp,1,1
0.002926482771138891,train_size_rho0p5,0.0023629057529433294,-19.25782798906538,0.010909916582745333,0.5,25,0.6666666666666666,wsdcon_9.csv,WSD-con 9e-5,wsd_20000_24000.csv,WSD sharp,1,1
0.0031360955249893426,train_size_rho0p5,0.002891488782643552,-7.799722310646828,0.010909916582745333,0.5,25,0.6666666666666666,wsdld_20000_24000.csv,WSD linear,wsd_20000_24000.csv,WSD sharp,1,1
0.00744534704076948,train_size_rho0p75,0.007339102408717329,-1.4269936843826492,0.009351357070924571,0.75,25,0.5714285714285714,cosine_72000.csv,Cosine,wsd_20000_24000.csv,WSD sharp,1,1
0.002504818961791151,train_size_rho0p75,0.0023134842877169932,-7.638662793311724,0.009351357070924571,0.75,25,0.5714285714285714,wsdcon_18.csv,WSD-con 18e-5,wsd_20000_24000.csv,WSD sharp,1,1
0.004487187642230267,train_size_rho0p75,0.0031730771132735783,-29.28583856376321,0.009351357070924571,0.75,25,0.5714285714285714,wsdcon_3.csv,WSD-con 3e-5,wsd_20000_24000.csv,WSD sharp,1,1
0.002926482771138891,train_size_rho0p75,0.0024374555251537463,-16.710409191810527,0.009351357070924571,0.75,25,0.5714285714285714,wsdcon_9.csv,WSD-con 9e-5,wsd_20000_24000.csv,WSD sharp,1,1
0.0031360955249893426,train_size_rho0p75,0.002926432602978673,-6.685476266268453,0.009351357070924571,0.75,25,0.5714285714285714,wsdld_20000_24000.csv,WSD linear,wsd_20000_24000.csv,WSD sharp,1,1
0.00744534704076948,train_size_rho1p0,0.007352382987723849,-1.248619473834811,0.008182437437059,1.0,25,0.5,cosine_72000.csv,Cosine,wsd_20000_24000.csv,WSD sharp,1,1
0.002504818961791151,train_size_rho1p0,0.0023374011219762505,-6.683829944148256,0.008182437437059,1.0,25,0.5,wsdcon_18.csv,WSD-con 18e-5,wsd_20000_24000.csv,WSD sharp,1,1
0.004487187642230267,train_size_rho1p0,0.003314752506554834,-26.128506965951125,0.008182437437059,1.0,25,0.5,wsdcon_3.csv,WSD-con 3e-5,wsd_20000_24000.csv,WSD sharp,1,1
0.002926482771138891,train_size_rho1p0,0.0024969862000453653,-14.676203643815732,0.008182437437059,1.0,25,0.5,wsdcon_9.csv,WSD-con 9e-5,wsd_20000_24000.csv,WSD sharp,1,1
0.0031360955249893426,train_size_rho1p0,0.002952640468229999,-5.849791732985143,0.008182437437059,1.0,25,0.5,wsdld_20000_24000.csv,WSD linear,wsd_20000_24000.csv,WSD sharp,1,1
0.00744534704076948,train_selected_rho,0.007321394970041959,-1.664825965113248,0.010909916582745333,0.5,25,0.6666666666666666,cosine_72000.csv,Cosine,wsd_20000_24000.csv,WSD sharp,1,1
0.002504818961791151,train_selected_rho,0.00228159517537129,-8.911773258864086,0.010909916582745333,0.5,25,0.6666666666666666,wsdcon_18.csv,WSD-con 18e-5,wsd_20000_24000.csv,WSD sharp,1,1
0.004487187642230267,train_selected_rho,0.0030257902115823107,-32.56822640743409,0.010909916582745333,0.5,25,0.6666666666666666,wsdcon_3.csv,WSD-con 3e-5,wsd_20000_24000.csv,WSD sharp,1,1
0.002926482771138891,train_selected_rho,0.0023629057529433294,-19.25782798906538,0.010909916582745333,0.5,25,0.6666666666666666,wsdcon_9.csv,WSD-con 9e-5,wsd_20000_24000.csv,WSD sharp,1,1
0.0031360955249893426,train_selected_rho,0.002891488782643552,-7.799722310646828,0.010909916582745333,0.5,25,0.6666666666666666,wsdld_20000_24000.csv,WSD linear,wsd_20000_24000.csv,WSD sharp,1,1
0.007265129575917493,none,0.006955754693518026,-4.25835326358095,0.027239408839724536,0.0,100,1.0,cosine_72000.csv,Cosine,wsd_20000_24000.csv,WSD sharp,1,1
0.0013816404339982303,none,0.0012854375601474247,-6.962945747933203,0.027239408839724536,0.0,100,1.0,wsdcon_18.csv,WSD-con 18e-5,wsd_20000_24000.csv,WSD sharp,1,1
0.0056693997340904675,none,0.0047085087355377125,-16.948725502187745,0.027239408839724536,0.0,100,1.0,wsdcon_3.csv,WSD-con 3e-5,wsd_20000_24000.csv,WSD sharp,1,1
0.004934623402238123,none,0.00494128700778561,0.13503777298313757,0.027239408839724536,0.0,100,1.0,wsdcon_9.csv,WSD-con 9e-5,wsd_20000_24000.csv,WSD sharp,1,0
0.003248313740665229,none,0.002641161666662247,-18.691300239940556,0.027239408839724536,0.0,100,1.0,wsdld_20000_24000.csv,WSD linear,wsd_20000_24000.csv,WSD sharp,1,1
0.007265129575917493,constant_0p85,0.007002160925877951,-3.6196002740437327,0.023153497513765855,0.0,100,0.85,cosine_72000.csv,Cosine,wsd_20000_24000.csv,WSD sharp,1,1
0.0013816404339982303,constant_0p85,0.001230435944282442,-10.943837918685439,0.023153497513765855,0.0,100,0.85,wsdcon_18.csv,WSD-con 18e-5,wsd_20000_24000.csv,WSD sharp,1,1
0.0056693997340904675,constant_0p85,0.004483538807991368,-20.91686918755157,0.023153497513765855,0.0,100,0.85,wsdcon_3.csv,WSD-con 3e-5,wsd_20000_24000.csv,WSD sharp,1,1
0.004934623402238123,constant_0p85,0.004785586140116299,-3.020235790521053,0.023153497513765855,0.0,100,0.85,wsdcon_9.csv,WSD-con 9e-5,wsd_20000_24000.csv,WSD sharp,1,1
0.003248313740665229,constant_0p85,0.002732234477762699,-15.88760520394933,0.023153497513765855,0.0,100,0.85,wsdld_20000_24000.csv,WSD linear,wsd_20000_24000.csv,WSD sharp,1,1
0.007265129575917493,train_size_rho0p25,0.007017629669997922,-3.4066826108647197,0.02179152707177963,0.25,100,0.8,cosine_72000.csv,Cosine,wsd_20000_24000.csv,WSD sharp,1,1
0.0013816404339982303,train_size_rho0p25,0.0012258113486663489,-11.278555657273204,0.02179152707177963,0.25,100,0.8,wsdcon_18.csv,WSD-con 18e-5,wsd_20000_24000.csv,WSD sharp,1,1
0.0056693997340904675,train_size_rho0p25,0.004444868273728119,-21.598961403253348,0.02179152707177963,0.25,100,0.8,wsdcon_3.csv,WSD-con 3e-5,wsd_20000_24000.csv,WSD sharp,1,1
0.004934623402238123,train_size_rho0p25,0.004747124915027113,-3.799651400468962,0.02179152707177963,0.25,100,0.8,wsdcon_9.csv,WSD-con 9e-5,wsd_20000_24000.csv,WSD sharp,1,1
0.003248313740665229,train_size_rho0p25,0.002762592081462847,-14.953040191952338,0.02179152707177963,0.25,100,0.8,wsdld_20000_24000.csv,WSD linear,wsd_20000_24000.csv,WSD sharp,1,1
0.007265129575917493,train_size_rho0p35,0.0070359629963623336,-3.1543357508006853,0.020177339881277432,0.35,100,0.7407407407407407,cosine_72000.csv,Cosine,wsd_20000_24000.csv,WSD sharp,1,1
0.0013816404339982303,train_size_rho0p35,0.0012245694734597562,-11.368439767207573,0.020177339881277432,0.35,100,0.7407407407407407,wsdcon_18.csv,WSD-con 18e-5,wsd_20000_24000.csv,WSD sharp,1,1
0.0056693997340904675,train_size_rho0p35,0.004426147330340315,-21.929171730022766,0.020177339881277432,0.35,100,0.7407407407407407,wsdcon_3.csv,WSD-con 3e-5,wsd_20000_24000.csv,WSD sharp,1,1
0.004934623402238123,train_size_rho0p35,0.0047129411603308285,-4.492384197074683,0.020177339881277432,0.35,100,0.7407407407407407,wsdcon_9.csv,WSD-con 9e-5,wsd_20000_24000.csv,WSD sharp,1,1
0.003248313740665229,train_size_rho0p35,0.0027985714636259863,-13.845407585141057,0.020177339881277432,0.35,100,0.7407407407407407,wsdld_20000_24000.csv,WSD linear,wsd_20000_24000.csv,WSD sharp,1,1
0.007265129575917493,train_size_rho0p5,0.007058879654317847,-2.838902175720648,0.01815960589314969,0.5,100,0.6666666666666666,cosine_72000.csv,Cosine,wsd_20000_24000.csv,WSD sharp,1,1
0.0013816404339982303,train_size_rho0p5,0.001223017129451499,-11.480794904626713,0.01815960589314969,0.5,100,0.6666666666666666,wsdcon_18.csv,WSD-con 18e-5,wsd_20000_24000.csv,WSD sharp,1,1
0.0056693997340904675,train_size_rho0p5,0.00442985519815733,-21.863770312043375,0.01815960589314969,0.5,100,0.6666666666666666,wsdcon_3.csv,WSD-con 3e-5,wsd_20000_24000.csv,WSD sharp,1,1
0.004934623402238123,train_size_rho0p5,0.004677461202483015,-5.211384512918881,0.01815960589314969,0.5,100,0.6666666666666666,wsdcon_9.csv,WSD-con 9e-5,wsd_20000_24000.csv,WSD sharp,1,1
0.003248313740665229,train_size_rho0p5,0.002843545691329913,-12.460866826626871,0.01815960589314969,0.5,100,0.6666666666666666,wsdld_20000_24000.csv,WSD linear,wsd_20000_24000.csv,WSD sharp,1,1
0.007265129575917493,train_size_rho0p75,0.007088343928832084,-2.433344722046249,0.015565376479842592,0.75,100,0.5714285714285714,cosine_72000.csv,Cosine,wsd_20000_24000.csv,WSD sharp,1,1
0.0013816404339982303,train_size_rho0p75,0.0012210212585837415,-11.625251509879774,0.015565376479842592,0.75,100,0.5714285714285714,wsdcon_18.csv,WSD-con 18e-5,wsd_20000_24000.csv,WSD sharp,1,1
0.0056693997340904675,train_size_rho0p75,0.004483128628754337,-20.924104155207214,0.015565376479842592,0.75,100,0.5714285714285714,wsdcon_3.csv,WSD-con 3e-5,wsd_20000_24000.csv,WSD sharp,1,1
0.004934623402238123,train_size_rho0p75,0.0046577032644067595,-5.611778554484315,0.015565376479842592,0.75,100,0.5714285714285714,wsdcon_9.csv,WSD-con 9e-5,wsd_20000_24000.csv,WSD sharp,1,1
0.003248313740665229,train_size_rho0p75,0.002901369698377812,-10.680742994251702,0.015565376479842592,0.75,100,0.5714285714285714,wsdld_20000_24000.csv,WSD linear,wsd_20000_24000.csv,WSD sharp,1,1
0.007265129575917493,train_size_rho1p0,0.007110442134717762,-2.1291766317904415,0.013619704419862268,1.0,100,0.5,cosine_72000.csv,Cosine,wsd_20000_24000.csv,WSD sharp,1,1
0.0013816404339982303,train_size_rho1p0,0.001221522330694049,-11.5889850473489,0.013619704419862268,1.0,100,0.5,wsdcon_18.csv,WSD-con 18e-5,wsd_20000_24000.csv,WSD sharp,1,1
0.0056693997340904675,train_size_rho1p0,0.004551512470854338,-19.71791222471404,0.013619704419862268,1.0,100,0.5,wsdcon_3.csv,WSD-con 3e-5,wsd_20000_24000.csv,WSD sharp,1,1
0.004934623402238123,train_size_rho1p0,0.004656442036925281,-5.637337292784528,0.013619704419862268,1.0,100,0.5,wsdcon_9.csv,WSD-con 9e-5,wsd_20000_24000.csv,WSD sharp,1,1
0.003248313740665229,train_size_rho1p0,0.0029447377036637377,-9.345650119970283,0.013619704419862268,1.0,100,0.5,wsdld_20000_24000.csv,WSD linear,wsd_20000_24000.csv,WSD sharp,1,1
0.007265129575917493,train_selected_rho,0.007058879654317847,-2.838902175720648,0.01815960589314969,0.5,100,0.6666666666666666,cosine_72000.csv,Cosine,wsd_20000_24000.csv,WSD sharp,1,1
0.0013816404339982303,train_selected_rho,0.001223017129451499,-11.480794904626713,0.01815960589314969,0.5,100,0.6666666666666666,wsdcon_18.csv,WSD-con 18e-5,wsd_20000_24000.csv,WSD sharp,1,1
0.0056693997340904675,train_selected_rho,0.00442985519815733,-21.863770312043375,0.01815960589314969,0.5,100,0.6666666666666666,wsdcon_3.csv,WSD-con 3e-5,wsd_20000_24000.csv,WSD sharp,1,1
0.004934623402238123,train_selected_rho,0.004677461202483015,-5.211384512918881,0.01815960589314969,0.5,100,0.6666666666666666,wsdcon_9.csv,WSD-con 9e-5,wsd_20000_24000.csv,WSD sharp,1,1
0.003248313740665229,train_selected_rho,0.002843545691329913,-12.460866826626871,0.01815960589314969,0.5,100,0.6666666666666666,wsdld_20000_24000.csv,WSD linear,wsd_20000_24000.csv,WSD sharp,1,1
0.005612615040270773,none,0.005268200425815778,-6.136437507005277,0.04808967259435133,0.0,400,1.0,cosine_72000.csv,Cosine,wsd_20000_24000.csv,WSD sharp,1,1
0.0025579541942073844,none,0.0025231947987766606,-1.3588748191597166,0.04808967259435133,0.0,400,1.0,wsdcon_18.csv,WSD-con 18e-5,wsd_20000_24000.csv,WSD sharp,1,1
0.008173606778800102,none,0.005880754159461106,-28.051907577521007,0.04808967259435133,0.0,400,1.0,wsdcon_3.csv,WSD-con 3e-5,wsd_20000_24000.csv,WSD sharp,1,1
0.006687305974578527,none,0.006629356280841463,-0.8665626181508235,0.04808967259435133,0.0,400,1.0,wsdcon_9.csv,WSD-con 9e-5,wsd_20000_24000.csv,WSD sharp,1,1
0.0038535563963712593,none,0.0027742515312565636,-28.00802049065726,0.04808967259435133,0.0,400,1.0,wsdld_20000_24000.csv,WSD linear,wsd_20000_24000.csv,WSD sharp,1,1
0.005612615040270773,constant_0p85,0.005316015061978614,-5.28452381223441,0.04087622170519863,0.0,400,0.85,cosine_72000.csv,Cosine,wsd_20000_24000.csv,WSD sharp,1,1
0.0025579541942073844,constant_0p85,0.002436606210122415,-4.743946719599901,0.04087622170519863,0.0,400,0.85,wsdcon_18.csv,WSD-con 18e-5,wsd_20000_24000.csv,WSD sharp,1,1
0.008173606778800102,constant_0p85,0.005208344422217176,-36.27850515483485,0.04087622170519863,0.0,400,0.85,wsdcon_3.csv,WSD-con 3e-5,wsd_20000_24000.csv,WSD sharp,1,1
0.006687305974578527,constant_0p85,0.006313871301011565,-5.584231901255254,0.04087622170519863,0.0,400,0.85,wsdcon_9.csv,WSD-con 9e-5,wsd_20000_24000.csv,WSD sharp,1,1
0.0038535563963712593,constant_0p85,0.0029361472610237704,-23.80681741705861,0.04087622170519863,0.0,400,0.85,wsdld_20000_24000.csv,WSD linear,wsd_20000_24000.csv,WSD sharp,1,1
0.005612615040270773,train_size_rho0p25,0.0053323768183858354,-4.99300628805317,0.03847173807548107,0.25,400,0.8,cosine_72000.csv,Cosine,wsd_20000_24000.csv,WSD sharp,1,1
0.0025579541942073844,train_size_rho0p25,0.0024113016712636413,-5.73319582015367,0.03847173807548107,0.25,400,0.8,wsdcon_18.csv,WSD-con 18e-5,wsd_20000_24000.csv,WSD sharp,1,1
0.008173606778800102,train_size_rho0p25,0.005106418089913436,-37.52552296548005,0.03847173807548107,0.25,400,0.8,wsdcon_3.csv,WSD-con 3e-5,wsd_20000_24000.csv,WSD sharp,1,1
0.006687305974578527,train_size_rho0p25,0.0062382239133885325,-6.715440610870194,0.03847173807548107,0.25,400,0.8,wsdcon_9.csv,WSD-con 9e-5,wsd_20000_24000.csv,WSD sharp,1,1
0.0038535563963712593,train_size_rho0p25,0.0029901125042794976,-22.40641639252594,0.03847173807548107,0.25,400,0.8,wsdld_20000_24000.csv,WSD linear,wsd_20000_24000.csv,WSD sharp,1,1
0.005612615040270773,train_size_rho0p35,0.005351782944983969,-4.64724719966223,0.0356219796995195,0.35,400,0.7407407407407407,cosine_72000.csv,Cosine,wsd_20000_24000.csv,WSD sharp,1,1
0.0025579541942073844,train_size_rho0p35,0.002392799238277805,-6.456525152154047,0.0356219796995195,0.35,400,0.7407407407407407,wsdcon_18.csv,WSD-con 18e-5,wsd_20000_24000.csv,WSD sharp,1,1
0.008173606778800102,train_size_rho0p35,0.005062912708185352,-38.05778960009384,0.0356219796995195,0.35,400,0.7407407407407407,wsdcon_3.csv,WSD-con 3e-5,wsd_20000_24000.csv,WSD sharp,1,1
0.006687305974578527,train_size_rho0p35,0.00617730191374376,-7.626450214384139,0.0356219796995195,0.35,400,0.7407407407407407,wsdcon_9.csv,WSD-con 9e-5,wsd_20000_24000.csv,WSD sharp,1,1
0.0038535563963712593,train_size_rho0p35,0.0030540713111011078,-20.74668184493147,0.0356219796995195,0.35,400,0.7407407407407407,wsdld_20000_24000.csv,WSD linear,wsd_20000_24000.csv,WSD sharp,1,1
0.005612615040270773,train_size_rho0p5,0.005376321786289682,-4.210038498733237,0.032059781729567555,0.5,400,0.6666666666666666,cosine_72000.csv,Cosine,wsd_20000_24000.csv,WSD sharp,1,1
0.0025579541942073844,train_size_rho0p5,0.0023796286488908425,-6.971412768859153,0.032059781729567555,0.5,400,0.6666666666666666,wsdcon_18.csv,WSD-con 18e-5,wsd_20000_24000.csv,WSD sharp,1,1
0.008173606778800102,train_size_rho0p5,0.0051134267539650205,-37.439775458397094,0.032059781729567555,0.5,400,0.6666666666666666,wsdcon_3.csv,WSD-con 3e-5,wsd_20000_24000.csv,WSD sharp,1,1
0.006687305974578527,train_size_rho0p5,0.006140958159123256,-8.169923995285789,0.032059781729567555,0.5,400,0.6666666666666666,wsdcon_9.csv,WSD-con 9e-5,wsd_20000_24000.csv,WSD sharp,1,1
0.0038535563963712593,train_size_rho0p5,0.0031340198196281297,-18.672013660438147,0.032059781729567555,0.5,400,0.6666666666666666,wsdld_20000_24000.csv,WSD linear,wsd_20000_24000.csv,WSD sharp,1,1
0.005612615040270773,train_size_rho0p75,0.005408749080511295,-3.6322811790356346,0.027479812911057902,0.75,400,0.5714285714285714,cosine_72000.csv,Cosine,wsd_20000_24000.csv,WSD sharp,1,1
0.0025579541942073844,train_size_rho0p75,0.0023842706394202697,-6.789939991123761,0.027479812911057902,0.75,400,0.5714285714285714,wsdcon_18.csv,WSD-con 18e-5,wsd_20000_24000.csv,WSD sharp,1,1
0.008173606778800102,train_size_rho0p75,0.0053178705898194135,-34.93850715191752,0.027479812911057902,0.75,400,0.5714285714285714,wsdcon_3.csv,WSD-con 3e-5,wsd_20000_24000.csv,WSD sharp,1,1
0.006687305974578527,train_size_rho0p75,0.006147176135293124,-8.076942214677796,0.027479812911057902,0.75,400,0.5714285714285714,wsdcon_9.csv,WSD-con 9e-5,wsd_20000_24000.csv,WSD sharp,1,1
0.0038535563963712593,train_size_rho0p75,0.003236810759162862,-16.004583137518424,0.027479812911057902,0.75,400,0.5714285714285714,wsdld_20000_24000.csv,WSD linear,wsd_20000_24000.csv,WSD sharp,1,1
0.005612615040270773,train_size_rho1p0,0.005433162292291028,-3.1973108202177247,0.024044836297175666,1.0,400,0.5,cosine_72000.csv,Cosine,wsd_20000_24000.csv,WSD sharp,1,1
0.0025579541942073844,train_size_rho1p0,0.002395135701554758,-6.3651840608145775,0.024044836297175666,1.0,400,0.5,wsdcon_18.csv,WSD-con 18e-5,wsd_20000_24000.csv,WSD sharp,1,1
0.008173606778800102,train_size_rho1p0,0.005548327182104588,-32.118985751855675,0.024044836297175666,1.0,400,0.5,wsdcon_3.csv,WSD-con 3e-5,wsd_20000_24000.csv,WSD sharp,1,1
0.006687305974578527,train_size_rho1p0,0.006172369135923316,-7.700213518159926,0.024044836297175666,1.0,400,0.5,wsdcon_9.csv,WSD-con 9e-5,wsd_20000_24000.csv,WSD sharp,1,1
0.0038535563963712593,train_size_rho1p0,0.003313903963813909,-14.00401024532869,0.024044836297175666,1.0,400,0.5,wsdld_20000_24000.csv,WSD linear,wsd_20000_24000.csv,WSD sharp,1,1
0.005612615040270773,train_selected_rho,0.005376321786289682,-4.210038498733237,0.032059781729567555,0.5,400,0.6666666666666666,cosine_72000.csv,Cosine,wsd_20000_24000.csv,WSD sharp,1,1
0.0025579541942073844,train_selected_rho,0.0023796286488908425,-6.971412768859153,0.032059781729567555,0.5,400,0.6666666666666666,wsdcon_18.csv,WSD-con 18e-5,wsd_20000_24000.csv,WSD sharp,1,1
0.008173606778800102,train_selected_rho,0.0051134267539650205,-37.439775458397094,0.032059781729567555,0.5,400,0.6666666666666666,wsdcon_3.csv,WSD-con 3e-5,wsd_20000_24000.csv,WSD sharp,1,1
0.006687305974578527,train_selected_rho,0.006140958159123256,-8.169923995285789,0.032059781729567555,0.5,400,0.6666666666666666,wsdcon_9.csv,WSD-con 9e-5,wsd_20000_24000.csv,WSD sharp,1,1
0.0038535563963712593,train_selected_rho,0.0031340198196281297,-18.672013660438147,0.032059781729567555,0.5,400,0.6666666666666666,wsdld_20000_24000.csv,WSD linear,wsd_20000_24000.csv,WSD sharp,1,1
0.00744534704076948,none,0.00722751316564215,-2.925771947694422,0.019173131941940112,0.0,25,1.0,cosine_72000.csv,Cosine,wsdld_20000_24000.csv,WSD linear,1,1
0.003408385839825258,none,0.002811005717210403,-17.526775156579145,0.019173131941940112,0.0,25,1.0,wsd_20000_24000.csv,WSD sharp,wsdld_20000_24000.csv,WSD linear,1,1
0.002504818961791151,none,0.0021125245682321633,-15.661586707187213,0.019173131941940112,0.0,25,1.0,wsdcon_18.csv,WSD-con 18e-5,wsdld_20000_24000.csv,WSD linear,1,1
0.004487187642230267,none,0.0028182440624910793,-37.19353218109846,0.019173131941940112,0.0,25,1.0,wsdcon_3.csv,WSD-con 3e-5,wsdld_20000_24000.csv,WSD linear,1,1
0.002926482771138891,none,0.0022676059140129354,-22.514291340575433,0.019173131941940112,0.0,25,1.0,wsdcon_9.csv,WSD-con 9e-5,wsdld_20000_24000.csv,WSD linear,1,1
0.00744534704076948,constant_0p85,0.007260188246911248,-2.4869061555402805,0.016297162150649094,0.0,25,0.85,cosine_72000.csv,Cosine,wsdld_20000_24000.csv,WSD linear,1,1
0.003408385839825258,constant_0p85,0.0029006127356026243,-14.897758883092482,0.016297162150649094,0.0,25,0.85,wsd_20000_24000.csv,WSD sharp,wsdld_20000_24000.csv,WSD linear,1,1
0.002504818961791151,constant_0p85,0.0021713687272659882,-13.312348701110055,0.016297162150649094,0.0,25,0.85,wsdcon_18.csv,WSD-con 18e-5,wsdld_20000_24000.csv,WSD linear,1,1
0.004487187642230267,constant_0p85,0.00276721309125293,-38.330791758965944,0.016297162150649094,0.0,25,0.85,wsdcon_3.csv,WSD-con 3e-5,wsdld_20000_24000.csv,WSD linear,1,1
0.002926482771138891,constant_0p85,0.0021971528635303926,-24.92172223944674,0.016297162150649094,0.0,25,0.85,wsdcon_9.csv,WSD-con 9e-5,wsdld_20000_24000.csv,WSD linear,1,1
0.00744534704076948,train_size_rho0p25,0.007271079940667602,-2.340617558155733,0.01533850555355209,0.25,25,0.8,cosine_72000.csv,Cosine,wsdld_20000_24000.csv,WSD linear,1,1
0.003408385839825258,train_size_rho0p25,0.0029304817417333674,-14.021420125263507,0.01533850555355209,0.25,25,0.8,wsd_20000_24000.csv,WSD sharp,wsdld_20000_24000.csv,WSD linear,1,1
0.002504818961791151,train_size_rho0p25,0.0021909834469439563,-12.52926936574995,0.01533850555355209,0.25,25,0.8,wsdcon_18.csv,WSD-con 18e-5,wsdld_20000_24000.csv,WSD linear,1,1
0.004487187642230267,train_size_rho0p25,0.0027822580768124437,-37.99550411870947,0.01533850555355209,0.25,25,0.8,wsdcon_3.csv,WSD-con 3e-5,wsdld_20000_24000.csv,WSD linear,1,1
0.002926482771138891,train_size_rho0p25,0.002213026368056818,-24.37931328754821,0.01533850555355209,0.25,25,0.8,wsdcon_9.csv,WSD-con 9e-5,wsdld_20000_24000.csv,WSD linear,1,1
0.00744534704076948,train_size_rho0p35,0.0072839886147492315,-2.167238479773703,0.014202319956992676,0.35,25,0.7407407407407407,cosine_72000.csv,Cosine,wsdld_20000_24000.csv,WSD linear,1,1
0.003408385839825258,train_size_rho0p35,0.00296588204529573,-12.982796412281028,0.014202319956992676,0.35,25,0.7407407407407407,wsd_20000_24000.csv,WSD sharp,wsdld_20000_24000.csv,WSD linear,1,1
0.002504818961791151,train_size_rho0p35,0.0022142305221178145,-11.601175338657688,0.014202319956992676,0.35,25,0.7407407407407407,wsdcon_18.csv,WSD-con 18e-5,wsdld_20000_24000.csv,WSD linear,1,1
0.004487187642230267,train_size_rho0p35,0.002822232407701275,-37.10464922080814,0.014202319956992676,0.35,25,0.7407407407407407,wsdcon_3.csv,WSD-con 3e-5,wsdld_20000_24000.csv,WSD linear,1,1
0.002926482771138891,train_size_rho0p35,0.0022371575947779084,-23.554732088606134,0.014202319956992676,0.35,25,0.7407407407407407,wsdcon_9.csv,WSD-con 9e-5,wsdld_20000_24000.csv,WSD linear,1,1
0.00744534704076948,train_size_rho0p5,0.007300124457351261,-1.950514631796274,0.012782087961293407,0.5,25,0.6666666666666666,cosine_72000.csv,Cosine,wsdld_20000_24000.csv,WSD linear,1,1
0.003408385839825258,train_size_rho0p5,0.0030101324247486898,-11.68451677105271,0.012782087961293407,0.5,25,0.6666666666666666,wsd_20000_24000.csv,WSD sharp,wsdld_20000_24000.csv,WSD linear,1,1
0.002504818961791151,train_size_rho0p5,0.002243289366085142,-10.441057804792154,0.012782087961293407,0.5,25,0.6666666666666666,wsdcon_18.csv,WSD-con 18e-5,wsdld_20000_24000.csv,WSD linear,1,1
0.004487187642230267,train_size_rho0p5,0.002892229449789886,-35.544717975012944,0.012782087961293407,0.5,25,0.6666666666666666,wsdcon_3.csv,WSD-con 3e-5,wsdld_20000_24000.csv,WSD linear,1,1
0.002926482771138891,train_size_rho0p5,0.002279368420646203,-22.112358113793096,0.012782087961293407,0.5,25,0.6666666666666666,wsdcon_9.csv,WSD-con 9e-5,wsdld_20000_24000.csv,WSD linear,1,1
0.00744534704076948,train_size_rho0p75,0.007320870540696718,-1.671869684396854,0.01095607539539435,0.75,25,0.5714285714285714,cosine_72000.csv,Cosine,wsdld_20000_24000.csv,WSD linear,1,1
0.003408385839825258,train_size_rho0p75,0.003067025769759619,-10.015300089474021,0.01095607539539435,0.75,25,0.5714285714285714,wsd_20000_24000.csv,WSD sharp,wsdld_20000_24000.csv,WSD linear,1,1
0.002504818961791151,train_size_rho0p75,0.002280650736900282,-8.94947811839344,0.01095607539539435,0.75,25,0.5714285714285714,wsdcon_18.csv,WSD-con 18e-5,wsdld_20000_24000.csv,WSD linear,1,1
0.004487187642230267,train_size_rho0p75,0.0030221776409611136,-32.64873497781786,0.01095607539539435,0.75,25,0.5714285714285714,wsdcon_3.csv,WSD-con 3e-5,wsdld_20000_24000.csv,WSD linear,1,1
0.002926482771138891,train_size_rho0p75,0.002360811406377416,-19.32939330243636,0.01095607539539435,0.75,25,0.5714285714285714,wsdcon_9.csv,WSD-con 9e-5,wsdld_20000_24000.csv,WSD linear,1,1
0.00744534704076948,train_size_rho1p0,0.007336430103205802,-1.4628859738473832,0.009586565970970056,1.0,25,0.5,cosine_72000.csv,Cosine,wsdld_20000_24000.csv,WSD linear,1,1
0.003408385839825258,train_size_rho1p0,0.0031096957785178253,-8.763387578289727,0.009586565970970056,1.0,25,0.5,wsd_20000_24000.csv,WSD sharp,wsdld_20000_24000.csv,WSD linear,1,1
0.002504818961791151,train_size_rho1p0,0.0023086717650116573,-7.830793353593601,0.009586565970970056,1.0,25,0.5,wsdcon_18.csv,WSD-con 18e-5,wsdld_20000_24000.csv,WSD linear,1,1
0.004487187642230267,train_size_rho1p0,0.0031468636384636584,-29.870023512108524,0.009586565970970056,1.0,25,0.5,wsdcon_3.csv,WSD-con 3e-5,wsdld_20000_24000.csv,WSD linear,1,1
0.002926482771138891,train_size_rho1p0,0.0024254768192148906,-17.119730102802734,0.009586565970970056,1.0,25,0.5,wsdcon_9.csv,WSD-con 9e-5,wsdld_20000_24000.csv,WSD linear,1,1
0.00744534704076948,train_selected_rho,0.007300124457351261,-1.950514631796274,0.012782087961293407,0.5,25,0.6666666666666666,cosine_72000.csv,Cosine,wsdld_20000_24000.csv,WSD linear,1,1
0.003408385839825258,train_selected_rho,0.0030101324247486898,-11.68451677105271,0.012782087961293407,0.5,25,0.6666666666666666,wsd_20000_24000.csv,WSD sharp,wsdld_20000_24000.csv,WSD linear,1,1
0.002504818961791151,train_selected_rho,0.002243289366085142,-10.441057804792154,0.012782087961293407,0.5,25,0.6666666666666666,wsdcon_18.csv,WSD-con 18e-5,wsdld_20000_24000.csv,WSD linear,1,1
0.004487187642230267,train_selected_rho,0.002892229449789886,-35.544717975012944,0.012782087961293407,0.5,25,0.6666666666666666,wsdcon_3.csv,WSD-con 3e-5,wsdld_20000_24000.csv,WSD linear,1,1
0.002926482771138891,train_selected_rho,0.002279368420646203,-22.112358113793096,0.012782087961293407,0.5,25,0.6666666666666666,wsdcon_9.csv,WSD-con 9e-5,wsdld_20000_24000.csv,WSD linear,1,1
0.007265129575917493,none,0.00690855946776553,-4.9079662575313705,0.0313947883572367,0.0,100,1.0,cosine_72000.csv,Cosine,wsdld_20000_24000.csv,WSD linear,1,1
0.0037480705220761528,none,0.0027756187380016417,-25.945397194283448,0.0313947883572367,0.0,100,1.0,wsd_20000_24000.csv,WSD sharp,wsdld_20000_24000.csv,WSD linear,1,1
0.0013816404339982303,none,0.0013595077747704124,-1.6019116611816209,0.0313947883572367,0.0,100,1.0,wsdcon_18.csv,WSD-con 18e-5,wsdld_20000_24000.csv,WSD linear,1,1
0.0056693997340904675,none,0.005122533065280869,-9.645935980157727,0.0313947883572367,0.0,100,1.0,wsdcon_3.csv,WSD-con 3e-5,wsdld_20000_24000.csv,WSD linear,1,1
0.004934623402238123,none,0.005181450704656404,5.001948118398092,0.0313947883572367,0.0,100,1.0,wsdcon_9.csv,WSD-con 9e-5,wsdld_20000_24000.csv,WSD linear,1,0
0.007265129575917493,constant_0p85,0.00696204498398832,-4.17177131890173,0.026685570103651194,0.0,100,0.85,cosine_72000.csv,Cosine,wsdld_20000_24000.csv,WSD linear,1,1
0.0037480705220761528,constant_0p85,0.002921486505612811,-22.053587615141122,0.026685570103651194,0.0,100,0.85,wsd_20000_24000.csv,WSD sharp,wsdld_20000_24000.csv,WSD linear,1,1
0.0013816404339982303,constant_0p85,0.0012755653080764424,-7.677476955044282,0.026685570103651194,0.0,100,0.85,wsdcon_18.csv,WSD-con 18e-5,wsdld_20000_24000.csv,WSD linear,1,1
0.0056693997340904675,constant_0p85,0.004666699092254932,-17.686187054446556,0.026685570103651194,0.0,100,0.85,wsdcon_3.csv,WSD-con 3e-5,wsdld_20000_24000.csv,WSD linear,1,1
0.004934623402238123,constant_0p85,0.00491496233967678,-0.3984308620679333,0.026685570103651194,0.0,100,0.85,wsdcon_9.csv,WSD-con 9e-5,wsdld_20000_24000.csv,WSD linear,1,1
0.007265129575917493,train_size_rho0p25,0.006979873489395922,-3.926373006025108,0.02511583068578936,0.25,100,0.8,cosine_72000.csv,Cosine,wsdld_20000_24000.csv,WSD linear,1,1
0.0037480705220761528,train_size_rho0p25,0.0029701090948165464,-20.75631775542669,0.02511583068578936,0.25,100,0.8,wsd_20000_24000.csv,WSD sharp,wsdld_20000_24000.csv,WSD linear,1,1
0.0013816404339982303,train_size_rho0p25,0.0012475844858451097,-9.702665386332509,0.02511583068578936,0.25,100,0.8,wsdcon_18.csv,WSD-con 18e-5,wsdld_20000_24000.csv,WSD linear,1,1
0.0056693997340904675,train_size_rho0p25,0.00456999155308598,-19.391967978438274,0.02511583068578936,0.25,100,0.8,wsdcon_3.csv,WSD-con 3e-5,wsdld_20000_24000.csv,WSD linear,1,1
0.004934623402238123,train_size_rho0p25,0.00484614808884657,-1.7929496575447845,0.02511583068578936,0.25,100,0.8,wsdcon_9.csv,WSD-con 9e-5,wsdld_20000_24000.csv,WSD linear,1,1
0.007265129575917493,train_size_rho0p35,0.007001003569879001,-3.635530561134359,0.023255398783138294,0.35,100,0.7407407407407407,cosine_72000.csv,Cosine,wsdld_20000_24000.csv,WSD linear,1,1
0.0037480705220761528,train_size_rho0p35,0.003027735867206156,-19.218812736505953,0.023255398783138294,0.35,100,0.7407407407407407,wsd_20000_24000.csv,WSD sharp,wsdld_20000_24000.csv,WSD linear,1,1
0.0013816404339982303,train_size_rho0p35,0.0012309861010333216,-10.904018821231286,0.023255398783138294,0.35,100,0.7407407407407407,wsdcon_18.csv,WSD-con 18e-5,wsdld_20000_24000.csv,WSD linear,1,1
0.0056693997340904675,train_size_rho0p35,0.0044869928021860584,-20.85594573257059,0.023255398783138294,0.35,100,0.7407407407407407,wsdcon_3.csv,WSD-con 3e-5,wsdld_20000_24000.csv,WSD linear,1,1
0.004934623402238123,train_size_rho0p35,0.004788463770597377,-2.961920692356268,0.023255398783138294,0.35,100,0.7407407407407407,wsdcon_9.csv,WSD-con 9e-5,wsdld_20000_24000.csv,WSD linear,1,1
0.007265129575917493,train_size_rho0p5,0.007027416170482846,-3.2719775050209954,0.020929858904824464,0.5,100,0.6666666666666666,cosine_72000.csv,Cosine,wsdld_20000_24000.csv,WSD linear,1,1
0.0037480705220761528,train_size_rho0p5,0.003099769332693144,-17.296931462855667,0.020929858904824464,0.5,100,0.6666666666666666,wsd_20000_24000.csv,WSD sharp,wsdld_20000_24000.csv,WSD linear,1,1
0.0013816404339982303,train_size_rho0p5,0.0012251484241064376,-11.326536632901785,0.020929858904824464,0.5,100,0.6666666666666666,wsdcon_18.csv,WSD-con 18e-5,wsdld_20000_24000.csv,WSD linear,1,1
0.0056693997340904675,train_size_rho0p5,0.004431972615549789,-21.826422136014667,0.020929858904824464,0.5,100,0.6666666666666666,wsdcon_3.csv,WSD-con 3e-5,wsdld_20000_24000.csv,WSD linear,1,1
0.004934623402238123,train_size_rho0p5,0.004728095126152183,-4.185289519606861,0.020929858904824464,0.5,100,0.6666666666666666,wsdcon_9.csv,WSD-con 9e-5,wsdld_20000_24000.csv,WSD linear,1,1
0.007265129575917493,train_size_rho0p75,0.007061375228402088,-2.804552147160755,0.017939879061278113,0.75,100,0.5714285714285714,cosine_72000.csv,Cosine,wsdld_20000_24000.csv,WSD linear,1,1
0.0037480705220761528,train_size_rho0p75,0.003192383788319289,-14.825941253876262,0.017939879061278113,0.75,100,0.5714285714285714,wsd_20000_24000.csv,WSD sharp,wsdld_20000_24000.csv,WSD linear,1,1
0.0013816404339982303,train_size_rho0p75,0.0012228480825736982,-11.493030134114868,0.017939879061278113,0.75,100,0.5714285714285714,wsdcon_18.csv,WSD-con 18e-5,wsdld_20000_24000.csv,WSD linear,1,1
0.0056693997340904675,train_size_rho0p75,0.004432537705999811,-21.81645475892845,0.017939879061278113,0.75,100,0.5714285714285714,wsdcon_3.csv,WSD-con 3e-5,wsdld_20000_24000.csv,WSD linear,1,1
0.004934623402238123,train_size_rho0p75,0.004674622887004371,-5.268902893700611,0.017939879061278113,0.75,100,0.5714285714285714,wsdcon_9.csv,WSD-con 9e-5,wsdld_20000_24000.csv,WSD linear,1,1
0.007265129575917493,train_size_rho1p0,0.00708684452184151,-2.453983128765702,0.01569739417861835,1.0,100,0.5,cosine_72000.csv,Cosine,wsdld_20000_24000.csv,WSD linear,1,1
0.0037480705220761528,train_size_rho1p0,0.003261844630038896,-12.972698597141763,0.01569739417861835,1.0,100,0.5,wsd_20000_24000.csv,WSD sharp,wsdld_20000_24000.csv,WSD linear,1,1
0.0013816404339982303,train_size_rho1p0,0.0012211228264241427,-11.617900260024761,0.01569739417861835,1.0,100,0.5,wsdcon_18.csv,WSD-con 18e-5,wsdld_20000_24000.csv,WSD linear,1,1
0.0056693997340904675,train_size_rho1p0,0.004479635444523151,-20.985718865670854,0.01569739417861835,1.0,100,0.5,wsdcon_3.csv,WSD-con 3e-5,wsdld_20000_24000.csv,WSD linear,1,1
0.004934623402238123,train_size_rho1p0,0.004658426578486119,-5.597120615663065,0.01569739417861835,1.0,100,0.5,wsdcon_9.csv,WSD-con 9e-5,wsdld_20000_24000.csv,WSD linear,1,1
0.007265129575917493,train_selected_rho,0.007027416170482846,-3.2719775050209954,0.020929858904824464,0.5,100,0.6666666666666666,cosine_72000.csv,Cosine,wsdld_20000_24000.csv,WSD linear,1,1
0.0037480705220761528,train_selected_rho,0.003099769332693144,-17.296931462855667,0.020929858904824464,0.5,100,0.6666666666666666,wsd_20000_24000.csv,WSD sharp,wsdld_20000_24000.csv,WSD linear,1,1
0.0013816404339982303,train_selected_rho,0.0012251484241064376,-11.326536632901785,0.020929858904824464,0.5,100,0.6666666666666666,wsdcon_18.csv,WSD-con 18e-5,wsdld_20000_24000.csv,WSD linear,1,1
0.0056693997340904675,train_selected_rho,0.004431972615549789,-21.826422136014667,0.020929858904824464,0.5,100,0.6666666666666666,wsdcon_3.csv,WSD-con 3e-5,wsdld_20000_24000.csv,WSD linear,1,1
0.004934623402238123,train_selected_rho,0.004728095126152183,-4.185289519606861,0.020929858904824464,0.5,100,0.6666666666666666,wsdcon_9.csv,WSD-con 9e-5,wsdld_20000_24000.csv,WSD linear,1,1
0.005612615040270773,none,0.005227522912985617,-6.86118902725561,0.05442078924432002,0.0,400,1.0,cosine_72000.csv,Cosine,wsdld_20000_24000.csv,WSD linear,1,1
0.004701998914275349,none,0.003014726690808288,-35.884147449385274,0.05442078924432002,0.0,400,1.0,wsd_20000_24000.csv,WSD sharp,wsdld_20000_24000.csv,WSD linear,1,1
0.0025579541942073844,none,0.0026328930724647736,2.9296411338049833,0.05442078924432002,0.0,400,1.0,wsdcon_18.csv,WSD-con 18e-5,wsdld_20000_24000.csv,WSD linear,1,0
0.008173606778800102,none,0.006855076171997518,-16.131563977636652,0.05442078924432002,0.0,400,1.0,wsdcon_3.csv,WSD-con 3e-5,wsdld_20000_24000.csv,WSD linear,1,1
0.006687305974578527,none,0.006941861550682676,3.806548961148626,0.05442078924432002,0.0,400,1.0,wsdcon_9.csv,WSD-con 9e-5,wsdld_20000_24000.csv,WSD linear,1,0
0.005612615040270773,constant_0p85,0.00528023364376651,-5.922041581676474,0.04625767085767202,0.0,400,0.85,cosine_72000.csv,Cosine,wsdld_20000_24000.csv,WSD linear,1,1
0.004701998914275349,constant_0p85,0.0032652443220022105,-30.556251042745387,0.04625767085767202,0.0,400,0.85,wsd_20000_24000.csv,WSD sharp,wsdld_20000_24000.csv,WSD linear,1,1
0.0025579541942073844,constant_0p85,0.0025012038755377374,-2.2185822872888394,0.04625767085767202,0.0,400,0.85,wsdcon_18.csv,WSD-con 18e-5,wsdld_20000_24000.csv,WSD linear,1,1
0.008173606778800102,constant_0p85,0.005658879033769568,-30.766439016285783,0.04625767085767202,0.0,400,0.85,wsdcon_3.csv,WSD-con 3e-5,wsdld_20000_24000.csv,WSD linear,1,1
0.006687305974578527,constant_0p85,0.006542278879873135,-2.1686923741295216,0.04625767085767202,0.0,400,0.85,wsdcon_9.csv,WSD-con 9e-5,wsdld_20000_24000.csv,WSD linear,1,1
0.005612615040270773,train_size_rho0p25,0.005298122470331579,-5.603316238200828,0.04353663139545602,0.25,400,0.8,cosine_72000.csv,Cosine,wsdld_20000_24000.csv,WSD linear,1,1
0.004701998914275349,train_size_rho0p25,0.003348750199066855,-28.78028557386535,0.04353663139545602,0.25,400,0.8,wsd_20000_24000.csv,WSD sharp,wsdld_20000_24000.csv,WSD linear,1,1
0.0025579541942073844,train_size_rho0p25,0.0024685411499815067,-3.4954904363947548,0.04353663139545602,0.25,400,0.8,wsdcon_18.csv,WSD-con 18e-5,wsdld_20000_24000.csv,WSD linear,1,1
0.008173606778800102,train_size_rho0p25,0.005391817674576587,-34.03380147230286,0.04353663139545602,0.25,400,0.8,wsdcon_3.csv,WSD-con 3e-5,wsdld_20000_24000.csv,WSD linear,1,1
0.006687305974578527,train_size_rho0p25,0.006413185325337731,-4.099119290830311,0.04353663139545602,0.25,400,0.8,wsdcon_9.csv,WSD-con 9e-5,wsdld_20000_24000.csv,WSD linear,1,1
0.005612615040270773,train_size_rho0p35,0.005319851448332181,-5.21617089071672,0.04031169573653334,0.35,400,0.7407407407407407,cosine_72000.csv,Cosine,wsdld_20000_24000.csv,WSD linear,1,1
0.004701998914275349,train_size_rho0p35,0.0034477201274397576,-26.675437610748475,0.04031169573653334,0.35,400,0.7407407407407407,wsd_20000_24000.csv,WSD sharp,wsdld_20000_24000.csv,WSD linear,1,1
0.0025579541942073844,train_size_rho0p35,0.00242982977154447,-5.0088630575582105,0.04031169573653334,0.35,400,0.7407407407407407,wsdcon_18.csv,WSD-con 18e-5,wsdld_20000_24000.csv,WSD linear,1,1
0.008173606778800102,train_size_rho0p35,0.0051792406613235175,-36.63457514549241,0.04031169573653334,0.35,400,0.7407407407407407,wsdcon_3.csv,WSD-con 3e-5,wsdld_20000_24000.csv,WSD linear,1,1
0.006687305974578527,train_size_rho0p35,0.006292797349134859,-5.899365558318603,0.04031169573653334,0.35,400,0.7407407407407407,wsdcon_9.csv,WSD-con 9e-5,wsdld_20000_24000.csv,WSD linear,1,1
0.005612615040270773,train_size_rho0p5,0.005347298411787571,-4.7271481578469725,0.03628052616288001,0.5,400,0.6666666666666666,cosine_72000.csv,Cosine,wsdld_20000_24000.csv,WSD linear,1,1
0.004701998914275349,train_size_rho0p5,0.0035714325379058833,-24.044377656852422,0.03628052616288001,0.5,400,0.6666666666666666,wsd_20000_24000.csv,WSD sharp,wsdld_20000_24000.csv,WSD linear,1,1
0.0025579541942073844,train_size_rho0p5,0.002395234095951148,-6.361337455718486,0.03628052616288001,0.5,400,0.6666666666666666,wsdcon_18.csv,WSD-con 18e-5,wsdld_20000_24000.csv,WSD linear,1,1
0.008173606778800102,train_size_rho0p5,0.0050653413821762725,-38.028075985815015,0.03628052616288001,0.5,400,0.6666666666666666,wsdcon_3.csv,WSD-con 3e-5,wsdld_20000_24000.csv,WSD linear,1,1
0.006687305974578527,train_size_rho0p5,0.006190563492900257,-7.4281404734075736,0.03628052616288001,0.5,400,0.6666666666666666,wsdcon_9.csv,WSD-con 9e-5,wsdld_20000_24000.csv,WSD linear,1,1
0.005612615040270773,train_size_rho0p75,0.005383059396060276,-4.089994460040913,0.031097593853897154,0.75,400,0.5714285714285714,cosine_72000.csv,Cosine,wsdld_20000_24000.csv,WSD linear,1,1
0.004701998914275349,train_size_rho0p75,0.0037305667285185396,-20.659983200071032,0.031097593853897154,0.75,400,0.5714285714285714,wsd_20000_24000.csv,WSD sharp,wsdld_20000_24000.csv,WSD linear,1,1
0.0025579541942073844,train_size_rho0p75,0.0023778098127202173,-7.042517879917987,0.031097593853897154,0.75,400,0.5714285714285714,wsdcon_18.csv,WSD-con 18e-5,wsdld_20000_24000.csv,WSD linear,1,1
0.008173606778800102,train_size_rho0p75,0.005144912183499806,-37.05456694045799,0.031097593853897154,0.75,400,0.5714285714285714,wsdcon_3.csv,WSD-con 3e-5,wsdld_20000_24000.csv,WSD linear,1,1
0.006687305974578527,train_size_rho0p75,0.0061402379057550185,-8.18069445159474,0.031097593853897154,0.75,400,0.5714285714285714,wsdcon_9.csv,WSD-con 9e-5,wsdld_20000_24000.csv,WSD linear,1,1
0.005612615040270773,train_size_rho1p0,0.005410662420359561,-3.598191190063693,0.02721039462216001,1.0,400,0.5,cosine_72000.csv,Cosine,wsdld_20000_24000.csv,WSD linear,1,1
0.004701998914275349,train_size_rho1p0,0.003851995751738145,-18.077485300062058,0.02721039462216001,1.0,400,0.5,wsd_20000_24000.csv,WSD sharp,wsdld_20000_24000.csv,WSD linear,1,1
0.0025579541942073844,train_size_rho1p0,0.002385080287893298,-6.7582878030250875,0.02721039462216001,1.0,400,0.5,wsdcon_18.csv,WSD-con 18e-5,wsdld_20000_24000.csv,WSD linear,1,1
0.008173606778800102,train_size_rho1p0,0.005334210550720038,-34.73859588455627,0.02721039462216001,1.0,400,0.5,wsdcon_3.csv,WSD-con 3e-5,wsdld_20000_24000.csv,WSD linear,1,1
0.006687305974578527,train_size_rho1p0,0.006148351298009819,-8.059369178223918,0.02721039462216001,1.0,400,0.5,wsdcon_9.csv,WSD-con 9e-5,wsdld_20000_24000.csv,WSD linear,1,1
0.005612615040270773,train_selected_rho,0.005347298411787571,-4.7271481578469725,0.03628052616288001,0.5,400,0.6666666666666666,cosine_72000.csv,Cosine,wsdld_20000_24000.csv,WSD linear,1,1
0.004701998914275349,train_selected_rho,0.0035714325379058833,-24.044377656852422,0.03628052616288001,0.5,400,0.6666666666666666,wsd_20000_24000.csv,WSD sharp,wsdld_20000_24000.csv,WSD linear,1,1
0.0025579541942073844,train_selected_rho,0.002395234095951148,-6.361337455718486,0.03628052616288001,0.5,400,0.6666666666666666,wsdcon_18.csv,WSD-con 18e-5,wsdld_20000_24000.csv,WSD linear,1,1
0.008173606778800102,train_selected_rho,0.0050653413821762725,-38.028075985815015,0.03628052616288001,0.5,400,0.6666666666666666,wsdcon_3.csv,WSD-con 3e-5,wsdld_20000_24000.csv,WSD linear,1,1
0.006687305974578527,train_selected_rho,0.006190563492900257,-7.4281404734075736,0.03628052616288001,0.5,400,0.6666666666666666,wsdcon_9.csv,WSD-con 9e-5,wsdld_20000_24000.csv,WSD linear,1,1
0.00744534704076948,none,0.007330728517231142,-1.5394651573755525,0.010088403713638058,0.0,25,1.0,cosine_72000.csv,Cosine,wsdcon_3.csv,WSD-con 3e-5,1,1
0.003408385839825258,none,0.003094059945355279,-9.222133562381362,0.010088403713638058,0.0,25,1.0,wsd_20000_24000.csv,WSD sharp,wsdcon_3.csv,WSD-con 3e-5,1,1
0.002504818961791151,none,0.0022984038477240083,-8.24071987699817,0.010088403713638058,0.0,25,1.0,wsdcon_18.csv,WSD-con 18e-5,wsdcon_3.csv,WSD-con 3e-5,1,1
0.002926482771138891,none,0.002400793133598351,-17.963189215563315,0.010088403713638058,0.0,25,1.0,wsdcon_9.csv,WSD-con 9e-5,wsdcon_3.csv,WSD-con 3e-5,1,1
0.0031360955249893426,none,0.002909907584032496,-7.212405972793667,0.010088403713638058,0.0,25,1.0,wsdld_20000_24000.csv,WSD linear,wsdcon_3.csv,WSD-con 3e-5,1,1
0.00744534704076948,constant_0p85,0.00734792129576189,-1.308545383769255,0.008575143156592349,0.0,25,0.85,cosine_72000.csv,Cosine,wsdcon_3.csv,WSD-con 3e-5,1,1
0.003408385839825258,constant_0p85,0.003141208829525774,-7.838813528024213,0.008575143156592349,0.0,25,0.85,wsd_20000_24000.csv,WSD sharp,wsdcon_3.csv,WSD-con 3e-5,1,1
0.002504818961791151,constant_0p85,0.0023293661148340865,-7.004611895448177,0.008575143156592349,0.0,25,0.85,wsdcon_18.csv,WSD-con 18e-5,wsdcon_3.csv,WSD-con 3e-5,1,1
0.002926482771138891,constant_0p85,0.002476986504736716,-15.359607472667458,0.008575143156592349,0.0,25,0.85,wsdcon_9.csv,WSD-con 9e-5,wsdcon_3.csv,WSD-con 3e-5,1,1
0.0031360955249893426,constant_0p85,0.0029438357751760303,-6.1305450768743945,0.008575143156592349,0.0,25,0.85,wsdld_20000_24000.csv,WSD linear,wsdcon_3.csv,WSD-con 3e-5,1,1
0.00744534704076948,train_size_rho0p25,0.0073536522219388185,-1.2315721259003265,0.008070722970910446,0.25,25,0.8,cosine_72000.csv,Cosine,wsdcon_3.csv,WSD-con 3e-5,1,1
0.003408385839825258,train_size_rho0p25,0.003156925124249269,-7.377706849905252,0.008070722970910446,0.25,25,0.8,wsd_20000_24000.csv,WSD sharp,wsdcon_3.csv,WSD-con 3e-5,1,1
0.002504818961791151,train_size_rho0p25,0.002339686870537432,-6.592575901598718,0.008070722970910446,0.25,25,0.8,wsdcon_18.csv,WSD-con 18e-5,wsdcon_3.csv,WSD-con 3e-5,1,1
0.002926482771138891,train_size_rho0p25,0.0025026755882396412,-14.481793198267068,0.008070722970910446,0.25,25,0.8,wsdcon_9.csv,WSD-con 9e-5,wsdcon_3.csv,WSD-con 3e-5,1,1
0.0031360955249893426,train_size_rho0p25,0.0029551451722238647,-5.769924778234959,0.008070722970910446,0.25,25,0.8,wsdld_20000_24000.csv,WSD linear,wsdcon_3.csv,WSD-con 3e-5,1,1
0.00744534704076948,train_size_rho0p35,0.007360444430741085,-1.1403445610188911,0.007472891639731894,0.35,25,0.7407407407407407,cosine_72000.csv,Cosine,wsdcon_3.csv,WSD-con 3e-5,1,1
0.003408385839825258,train_size_rho0p35,0.0031755518439215693,-6.831210046208424,0.007472891639731894,0.35,25,0.7407407407407407,wsd_20000_24000.csv,WSD sharp,wsdcon_3.csv,WSD-con 3e-5,1,1
0.002504818961791151,train_size_rho0p35,0.0023519188772969757,-6.104236945924391,0.007472891639731894,0.35,25,0.7407407407407407,wsdcon_18.csv,WSD-con 18e-5,wsdcon_3.csv,WSD-con 3e-5,1,1
0.002926482771138891,train_size_rho0p35,0.002533121909428332,-13.441420724902331,0.007472891639731894,0.35,25,0.7407407407407407,wsdcon_9.csv,WSD-con 9e-5,wsdcon_3.csv,WSD-con 3e-5,1,1
0.0031360955249893426,train_size_rho0p35,0.002968548902058348,-5.342522942810046,0.007472891639731894,0.35,25,0.7407407407407407,wsdld_20000_24000.csv,WSD linear,wsdcon_3.csv,WSD-con 3e-5,1,1
0.00744534704076948,train_size_rho0p5,0.0073689346917439336,-1.0263101049168721,0.006725602475758705,0.5,25,0.6666666666666666,cosine_72000.csv,Cosine,wsdcon_3.csv,WSD-con 3e-5,1,1
0.003408385839825258,train_size_rho0p5,0.003198835243511941,-6.148089041587501,0.006725602475758705,0.5,25,0.6666666666666666,wsd_20000_24000.csv,WSD sharp,wsdcon_3.csv,WSD-con 3e-5,1,1
0.002504818961791151,train_size_rho0p5,0.002367208885746383,-5.493813251332358,0.006725602475758705,0.5,25,0.6666666666666666,wsdcon_18.csv,WSD-con 18e-5,wsdcon_3.csv,WSD-con 3e-5,1,1
0.002926482771138891,train_size_rho0p5,0.0025711798109141655,-12.140955133197417,0.006725602475758705,0.5,25,0.6666666666666666,wsdcon_9.csv,WSD-con 9e-5,wsdcon_3.csv,WSD-con 3e-5,1,1
0.0031360955249893426,train_size_rho0p5,0.002985303564351449,-4.808270648528978,0.006725602475758705,0.5,25,0.6666666666666666,wsdld_20000_24000.csv,WSD linear,wsdcon_3.csv,WSD-con 3e-5,1,1
0.00744534704076948,train_size_rho0p75,0.00737985074160472,-0.8796943756431252,0.00576480212207889,0.75,25,0.5714285714285714,cosine_72000.csv,Cosine,wsdcon_3.csv,WSD-con 3e-5,1,1
0.003408385839825258,train_size_rho0p75,0.003228771042985277,-5.269790607074853,0.00576480212207889,0.75,25,0.5714285714285714,wsd_20000_24000.csv,WSD sharp,wsdcon_3.csv,WSD-con 3e-5,1,1
0.002504818961791151,train_size_rho0p75,0.002386867468038495,-4.708982786856208,0.00576480212207889,0.75,25,0.5714285714285714,wsdcon_18.csv,WSD-con 18e-5,wsdcon_3.csv,WSD-con 3e-5,1,1
0.002926482771138891,train_size_rho0p75,0.0026201113985388227,-10.468927943862061,0.00576480212207889,0.75,25,0.5714285714285714,wsdcon_9.csv,WSD-con 9e-5,wsdcon_3.csv,WSD-con 3e-5,1,1
0.0031360955249893426,train_size_rho0p75,0.003006845273014,-4.121374841596436,0.00576480212207889,0.75,25,0.5714285714285714,wsdld_20000_24000.csv,WSD linear,wsdcon_3.csv,WSD-con 3e-5,1,1
0.00744534704076948,train_size_rho1p0,0.007388037779000316,-0.7697325786877207,0.005044201856819029,1.0,25,0.5,cosine_72000.csv,Cosine,wsdcon_3.csv,WSD-con 3e-5,1,1
0.003408385839825258,train_size_rho1p0,0.0032512228925902645,-4.611066781190798,0.005044201856819029,1.0,25,0.5,wsd_20000_24000.csv,WSD sharp,wsdcon_3.csv,WSD-con 3e-5,1,1
0.002504818961791151,train_size_rho1p0,0.0024016114047575843,-4.120359938498897,0.005044201856819029,1.0,25,0.5,wsdcon_18.csv,WSD-con 18e-5,wsdcon_3.csv,WSD-con 3e-5,1,1
0.002926482771138891,train_size_rho1p0,0.0026581309751733785,-9.169771939613314,0.005044201856819029,1.0,25,0.5,wsdcon_9.csv,WSD-con 9e-5,wsdcon_3.csv,WSD-con 3e-5,1,1
0.0031360955249893426,train_size_rho1p0,0.003023001554510926,-3.6062029863966227,0.005044201856819029,1.0,25,0.5,wsdld_20000_24000.csv,WSD linear,wsdcon_3.csv,WSD-con 3e-5,1,1
0.00744534704076948,train_selected_rho,0.0073689346917439336,-1.0263101049168721,0.006725602475758705,0.5,25,0.6666666666666666,cosine_72000.csv,Cosine,wsdcon_3.csv,WSD-con 3e-5,1,1
0.003408385839825258,train_selected_rho,0.003198835243511941,-6.148089041587501,0.006725602475758705,0.5,25,0.6666666666666666,wsd_20000_24000.csv,WSD sharp,wsdcon_3.csv,WSD-con 3e-5,1,1
0.002504818961791151,train_selected_rho,0.002367208885746383,-5.493813251332358,0.006725602475758705,0.5,25,0.6666666666666666,wsdcon_18.csv,WSD-con 18e-5,wsdcon_3.csv,WSD-con 3e-5,1,1
0.002926482771138891,train_selected_rho,0.0025711798109141655,-12.140955133197417,0.006725602475758705,0.5,25,0.6666666666666666,wsdcon_9.csv,WSD-con 9e-5,wsdcon_3.csv,WSD-con 3e-5,1,1
0.0031360955249893426,train_selected_rho,0.002985303564351449,-4.808270648528978,0.006725602475758705,0.5,25,0.6666666666666666,wsdld_20000_24000.csv,WSD linear,wsdcon_3.csv,WSD-con 3e-5,1,1
0.007265129575917493,none,0.007096221769897123,-2.324911128636531,0.014871759299673623,0.0,100,1.0,cosine_72000.csv,Cosine,wsdcon_3.csv,WSD-con 3e-5,1,1
0.0037480705220761528,none,0.003287418623463792,-12.290374364599565,0.014871759299673623,0.0,100,1.0,wsd_20000_24000.csv,WSD sharp,wsdcon_3.csv,WSD-con 3e-5,1,1
0.0013816404339982303,none,0.001220487624080864,-11.663874764508575,0.014871759299673623,0.0,100,1.0,wsdcon_18.csv,WSD-con 18e-5,wsdcon_3.csv,WSD-con 3e-5,1,1
0.004934623402238123,none,0.004657184051763442,-5.622300383629019,0.014871759299673623,0.0,100,1.0,wsdcon_9.csv,WSD-con 9e-5,wsdcon_3.csv,WSD-con 3e-5,1,1
0.003248313740665229,none,0.0029168300599437154,-10.204792615063973,0.014871759299673623,0.0,100,1.0,wsdld_20000_24000.csv,WSD linear,wsdcon_3.csv,WSD-con 3e-5,1,1
0.007265129575917493,constant_0p85,0.007121557940800179,-1.9761744593410513,0.012640995404722579,0.0,100,0.85,cosine_72000.csv,Cosine,wsdcon_3.csv,WSD-con 3e-5,1,1
0.0037480705220761528,constant_0p85,0.0033565164082556497,-10.446818209909537,0.012640995404722579,0.0,100,0.85,wsd_20000_24000.csv,WSD sharp,wsdcon_3.csv,WSD-con 3e-5,1,1
0.0013816404339982303,constant_0p85,0.0012254518612376105,-11.304574541774004,0.012640995404722579,0.0,100,0.85,wsdcon_18.csv,WSD-con 18e-5,wsdcon_3.csv,WSD-con 3e-5,1,1
0.004934623402238123,constant_0p85,0.0046607110208527845,-5.55082645741728,0.012640995404722579,0.0,100,0.85,wsdcon_9.csv,WSD-con 9e-5,wsdcon_3.csv,WSD-con 3e-5,1,1
0.003248313740665229,constant_0p85,0.002966552612051941,-8.67407372280441,0.012640995404722579,0.0,100,0.85,wsdld_20000_24000.csv,WSD linear,wsdcon_3.csv,WSD-con 3e-5,1,1
0.007265129575917493,train_size_rho0p25,0.007130003331101195,-1.859928902909247,0.011897407439738899,0.25,100,0.8,cosine_72000.csv,Cosine,wsdcon_3.csv,WSD-con 3e-5,1,1
0.0037480705220761528,train_size_rho0p25,0.0033795490031862663,-9.832299491679597,0.011897407439738899,0.25,100,0.8,wsd_20000_24000.csv,WSD sharp,wsdcon_3.csv,WSD-con 3e-5,1,1
0.0013816404339982303,train_size_rho0p25,0.0012317070133922357,-10.851840820271374,0.011897407439738899,0.25,100,0.8,wsdcon_18.csv,WSD-con 18e-5,wsdcon_3.csv,WSD-con 3e-5,1,1
0.004934623402238123,train_size_rho0p25,0.004663954441544848,-5.485098631245322,0.011897407439738899,0.25,100,0.8,wsdcon_9.csv,WSD-con 9e-5,wsdcon_3.csv,WSD-con 3e-5,1,1
0.003248313740665229,train_size_rho0p25,0.0029831267960880197,-8.163834092051125,0.011897407439738899,0.25,100,0.8,wsdld_20000_24000.csv,WSD linear,wsdcon_3.csv,WSD-con 3e-5,1,1
0.007265129575917493,train_size_rho0p35,0.00714001268256908,-1.7221563915824967,0.011016117999758239,0.35,100,0.7407407407407407,cosine_72000.csv,Cosine,wsdcon_3.csv,WSD-con 3e-5,1,1
0.0037480705220761528,train_size_rho0p35,0.0034068468934743993,-9.103981010814621,0.011016117999758239,0.35,100,0.7407407407407407,wsd_20000_24000.csv,WSD sharp,wsdcon_3.csv,WSD-con 3e-5,1,1
0.0013816404339982303,train_size_rho0p35,0.0012406647775230189,-10.203498175516767,0.011016117999758239,0.35,100,0.7407407407407407,wsdcon_18.csv,WSD-con 18e-5,wsdcon_3.csv,WSD-con 3e-5,1,1
0.004934623402238123,train_size_rho0p35,0.004667798495698391,-5.407198985412187,0.011016117999758239,0.35,100,0.7407407407407407,wsdcon_9.csv,WSD-con 9e-5,wsdcon_3.csv,WSD-con 3e-5,1,1
0.003248313740665229,train_size_rho0p35,0.003002770273464109,-7.559105640788088,0.011016117999758239,0.35,100,0.7407407407407407,wsdld_20000_24000.csv,WSD linear,wsdcon_3.csv,WSD-con 3e-5,1,1
0.007265129575917493,train_size_rho0p5,0.007152524371903912,-1.5499407524243725,0.009914506199782415,0.5,100,0.6666666666666666,cosine_72000.csv,Cosine,wsdcon_3.csv,WSD-con 3e-5,1,1
0.0037480705220761528,train_size_rho0p5,0.0034409692563345763,-8.193582909733122,0.009914506199782415,0.5,100,0.6666666666666666,wsd_20000_24000.csv,WSD sharp,wsdcon_3.csv,WSD-con 3e-5,1,1
0.0013816404339982303,train_size_rho0p5,0.0012524866338388873,-9.347859036348128,0.009914506199782415,0.5,100,0.6666666666666666,wsdcon_18.csv,WSD-con 18e-5,wsdcon_3.csv,WSD-con 3e-5,1,1
0.004934623402238123,train_size_rho0p5,0.004672603563390312,-5.309824428120913,0.009914506199782415,0.5,100,0.6666666666666666,wsdcon_9.csv,WSD-con 9e-5,wsdcon_3.csv,WSD-con 3e-5,1,1
0.003248313740665229,train_size_rho0p5,0.0030273246201842226,-6.803195076709234,0.009914506199782415,0.5,100,0.6666666666666666,wsdld_20000_24000.csv,WSD linear,wsdcon_3.csv,WSD-con 3e-5,1,1
0.007265129575917493,train_size_rho0p75,0.007168610829620136,-1.3285206449351938,0.00849814817124207,0.75,100,0.5714285714285714,cosine_72000.csv,Cosine,wsdcon_3.csv,WSD-con 3e-5,1,1
0.0037480705220761528,train_size_rho0p75,0.0034848408657262332,-7.023071065485443,0.00849814817124207,0.75,100,0.5714285714285714,wsd_20000_24000.csv,WSD sharp,wsdcon_3.csv,WSD-con 3e-5,1,1
0.0013816404339982303,train_size_rho0p75,0.0012676861633878463,-8.247751571703787,0.00849814817124207,0.75,100,0.5714285714285714,wsdcon_18.csv,WSD-con 18e-5,wsdcon_3.csv,WSD-con 3e-5,1,1
0.004934623402238123,train_size_rho0p75,0.004698258026663415,-4.7899374746105945,0.00849814817124207,0.75,100,0.5714285714285714,wsdcon_9.csv,WSD-con 9e-5,wsdcon_3.csv,WSD-con 3e-5,1,1
0.003248313740665229,train_size_rho0p75,0.003058894494538656,-5.83131006575065,0.00849814817124207,0.75,100,0.5714285714285714,wsdld_20000_24000.csv,WSD linear,wsdcon_3.csv,WSD-con 3e-5,1,1
0.007265129575917493,train_size_rho1p0,0.00718067567290731,-1.1624555643182433,0.007435879649836811,1.0,100,0.5,cosine_72000.csv,Cosine,wsdcon_3.csv,WSD-con 3e-5,1,1
0.0037480705220761528,train_size_rho1p0,0.0035177445727699688,-6.145187182299883,0.007435879649836811,1.0,100,0.5,wsd_20000_24000.csv,WSD sharp,wsdcon_3.csv,WSD-con 3e-5,1,1
0.0013816404339982303,train_size_rho1p0,0.001279085810549585,-7.422670973219114,0.007435879649836811,1.0,100,0.5,wsdcon_18.csv,WSD-con 18e-5,wsdcon_3.csv,WSD-con 3e-5,1,1
0.004934623402238123,train_size_rho1p0,0.004725684730035417,-4.234136126942156,0.007435879649836811,1.0,100,0.5,wsdcon_9.csv,WSD-con 9e-5,wsdcon_3.csv,WSD-con 3e-5,1,1
0.003248313740665229,train_size_rho1p0,0.0030825719003044786,-5.102396307531787,0.007435879649836811,1.0,100,0.5,wsdld_20000_24000.csv,WSD linear,wsdcon_3.csv,WSD-con 3e-5,1,1
0.007265129575917493,train_selected_rho,0.007152524371903912,-1.5499407524243725,0.009914506199782415,0.5,100,0.6666666666666666,cosine_72000.csv,Cosine,wsdcon_3.csv,WSD-con 3e-5,1,1
0.0037480705220761528,train_selected_rho,0.0034409692563345763,-8.193582909733122,0.009914506199782415,0.5,100,0.6666666666666666,wsd_20000_24000.csv,WSD sharp,wsdcon_3.csv,WSD-con 3e-5,1,1
0.0013816404339982303,train_selected_rho,0.0012524866338388873,-9.347859036348128,0.009914506199782415,0.5,100,0.6666666666666666,wsdcon_18.csv,WSD-con 18e-5,wsdcon_3.csv,WSD-con 3e-5,1,1
0.004934623402238123,train_selected_rho,0.004672603563390312,-5.309824428120913,0.009914506199782415,0.5,100,0.6666666666666666,wsdcon_9.csv,WSD-con 9e-5,wsdcon_3.csv,WSD-con 3e-5,1,1
0.003248313740665229,train_selected_rho,0.0030273246201842226,-6.803195076709234,0.009914506199782415,0.5,100,0.6666666666666666,wsdld_20000_24000.csv,WSD linear,wsdcon_3.csv,WSD-con 3e-5,1,1
0.005612615040270773,none,0.005441994840923122,-3.039941241710742,0.022818017205926373,0.0,400,1.0,cosine_72000.csv,Cosine,wsdcon_3.csv,WSD-con 3e-5,1,1
0.004701998914275349,none,0.0039892056212273205,-15.159367452935301,0.022818017205926373,0.0,400,1.0,wsd_20000_24000.csv,WSD sharp,wsdcon_3.csv,WSD-con 3e-5,1,1
0.0025579541942073844,none,0.002401082332408436,-6.132708011511411,0.022818017205926373,0.0,400,1.0,wsdcon_18.csv,WSD-con 18e-5,wsdcon_3.csv,WSD-con 3e-5,1,1
0.006687305974578527,none,0.006185512022115548,-7.503678676742553,0.022818017205926373,0.0,400,1.0,wsdcon_9.csv,WSD-con 9e-5,wsdcon_3.csv,WSD-con 3e-5,1,1
0.0038535563963712593,none,0.003341438187741162,-13.289495623116832,0.022818017205926373,0.0,400,1.0,wsdld_20000_24000.csv,WSD linear,wsdcon_3.csv,WSD-con 3e-5,1,1
0.005612615040270773,constant_0p85,0.005466986238881154,-2.5946693358572803,0.019395314625037418,0.0,400,0.85,cosine_72000.csv,Cosine,wsdcon_3.csv,WSD-con 3e-5,1,1
0.004701998914275349,constant_0p85,0.004096124615184527,-12.885462334994957,0.019395314625037418,0.0,400,0.85,wsd_20000_24000.csv,WSD sharp,wsdcon_3.csv,WSD-con 3e-5,1,1
0.0025579541942073844,constant_0p85,0.002417672837818498,-5.484123081897274,0.019395314625037418,0.0,400,0.85,wsdcon_18.csv,WSD-con 18e-5,wsdcon_3.csv,WSD-con 3e-5,1,1
0.006687305974578527,constant_0p85,0.006233721784533905,-6.782764117103368,0.019395314625037418,0.0,400,0.85,wsdcon_9.csv,WSD-con 9e-5,wsdcon_3.csv,WSD-con 3e-5,1,1
0.0038535563963712593,constant_0p85,0.0034182559190356673,-11.296071279649556,0.019395314625037418,0.0,400,0.85,wsdld_20000_24000.csv,WSD linear,wsdcon_3.csv,WSD-con 3e-5,1,1
0.005612615040270773,train_size_rho0p25,0.005475334364835372,-2.4459307194668822,0.018254413764741097,0.25,400,0.8,cosine_72000.csv,Cosine,wsdcon_3.csv,WSD-con 3e-5,1,1
0.004701998914275349,train_size_rho0p25,0.004131764279836926,-12.127493962348247,0.018254413764741097,0.25,400,0.8,wsd_20000_24000.csv,WSD sharp,wsdcon_3.csv,WSD-con 3e-5,1,1
0.0025579541942073844,train_size_rho0p25,0.002423203006288502,-5.267928105359876,0.018254413764741097,0.25,400,0.8,wsdcon_18.csv,WSD-con 18e-5,wsdcon_3.csv,WSD-con 3e-5,1,1
0.006687305974578527,train_size_rho0p25,0.006252651704712558,-6.499691677310516,0.018254413764741097,0.25,400,0.8,wsdcon_9.csv,WSD-con 9e-5,wsdcon_3.csv,WSD-con 3e-5,1,1
0.0038535563963712593,train_size_rho0p25,0.003443861829467181,-10.63159649849348,0.018254413764741097,0.25,400,0.8,wsdld_20000_24000.csv,WSD linear,wsdcon_3.csv,WSD-con 3e-5,1,1
0.005612615040270773,train_size_rho0p35,0.0054852479479977085,-2.269300341448688,0.016902234967352867,0.35,400,0.7407407407407407,cosine_72000.csv,Cosine,wsdcon_3.csv,WSD-con 3e-5,1,1
0.004701998914275349,train_size_rho0p35,0.004174003882387912,-11.22916107624855,0.016902234967352867,0.35,400,0.7407407407407407,wsd_20000_24000.csv,WSD sharp,wsdcon_3.csv,WSD-con 3e-5,1,1
0.0025579541942073844,train_size_rho0p35,0.002430329994992255,-4.9893074514055336,0.016902234967352867,0.35,400,0.7407407407407407,wsdcon_18.csv,WSD-con 18e-5,wsdcon_3.csv,WSD-con 3e-5,1,1
0.006687305974578527,train_size_rho0p35,0.0062750871656650775,-6.164198415333166,0.016902234967352867,0.35,400,0.7407407407407407,wsdcon_9.csv,WSD-con 9e-5,wsdcon_3.csv,WSD-con 3e-5,1,1
0.0038535563963712593,train_size_rho0p35,0.0034742095751637797,-9.844070831938401,0.016902234967352867,0.35,400,0.7407407407407407,wsdld_20000_24000.csv,WSD linear,wsdcon_3.csv,WSD-con 3e-5,1,1
0.005612615040270773,train_size_rho0p5,0.005497673695660156,-2.047910711600709,0.01521201147061758,0.5,400,0.6666666666666666,cosine_72000.csv,Cosine,wsdcon_3.csv,WSD-con 3e-5,1,1
0.004701998914275349,train_size_rho0p5,0.004226803385576666,-10.106244968623468,0.01521201147061758,0.5,400,0.6666666666666666,wsd_20000_24000.csv,WSD sharp,wsdcon_3.csv,WSD-con 3e-5,1,1
0.0025579541942073844,train_size_rho0p5,0.0024404867220875243,-4.59224298800468,0.01521201147061758,0.5,400,0.6666666666666666,wsdcon_18.csv,WSD-con 18e-5,wsdcon_3.csv,WSD-con 3e-5,1,1
0.006687305974578527,train_size_rho0p5,0.006306013113994938,-5.701740910810072,0.01521201147061758,0.5,400,0.6666666666666666,wsdcon_9.csv,WSD-con 9e-5,wsdcon_3.csv,WSD-con 3e-5,1,1
0.0038535563963712593,train_size_rho0p5,0.003512144257284527,-8.859663748744573,0.01521201147061758,0.5,400,0.6666666666666666,wsdld_20000_24000.csv,WSD linear,wsdcon_3.csv,WSD-con 3e-5,1,1
0.005612615040270773,train_size_rho0p75,0.005513767663201904,-1.7611643834404278,0.013038866974815069,0.75,400,0.5714285714285714,cosine_72000.csv,Cosine,wsdcon_3.csv,WSD-con 3e-5,1,1
0.004701998914275349,train_size_rho0p75,0.0042946884611050505,-8.662495687391525,0.013038866974815069,0.75,400,0.5714285714285714,wsd_20000_24000.csv,WSD sharp,wsdcon_3.csv,WSD-con 3e-5,1,1
0.0025579541942073844,train_size_rho0p75,0.0024535453712100047,-4.081731535061051,0.013038866974815069,0.75,400,0.5714285714285714,wsdcon_18.csv,WSD-con 18e-5,wsdcon_3.csv,WSD-con 3e-5,1,1
0.006687305974578527,train_size_rho0p75,0.006349075319508491,-5.057801397989026,0.013038866974815069,0.75,400,0.5714285714285714,wsdcon_9.csv,WSD-con 9e-5,wsdcon_3.csv,WSD-con 3e-5,1,1
0.0038535563963712593,train_size_rho0p75,0.0035609174200112014,-7.593997498923965,0.013038866974815069,0.75,400,0.5714285714285714,wsdld_20000_24000.csv,WSD linear,wsdcon_3.csv,WSD-con 3e-5,1,1
0.005612615040270773,train_size_rho1p0,0.005525886930447515,-1.5452353172448197,0.011409008602963186,1.0,400,0.5,cosine_72000.csv,Cosine,wsdcon_3.csv,WSD-con 3e-5,1,1
0.004701998914275349,train_size_rho1p0,0.004345602267751333,-7.57968372646769,0.011409008602963186,1.0,400,0.5,wsd_20000_24000.csv,WSD sharp,wsdcon_3.csv,WSD-con 3e-5,1,1
0.0025579541942073844,train_size_rho1p0,0.0024633393580518717,-3.6988479453530787,0.011409008602963186,1.0,400,0.5,wsdcon_18.csv,WSD-con 18e-5,wsdcon_3.csv,WSD-con 3e-5,1,1
0.006687305974578527,train_size_rho1p0,0.006381371973643671,-4.574846763373019,0.011409008602963186,1.0,400,0.5,wsdcon_9.csv,WSD-con 9e-5,wsdcon_3.csv,WSD-con 3e-5,1,1
0.0038535563963712593,train_size_rho1p0,0.003597497292056204,-6.644747811558583,0.011409008602963186,1.0,400,0.5,wsdld_20000_24000.csv,WSD linear,wsdcon_3.csv,WSD-con 3e-5,1,1
0.005612615040270773,train_selected_rho,0.005497673695660156,-2.047910711600709,0.01521201147061758,0.5,400,0.6666666666666666,cosine_72000.csv,Cosine,wsdcon_3.csv,WSD-con 3e-5,1,1
0.004701998914275349,train_selected_rho,0.004226803385576666,-10.106244968623468,0.01521201147061758,0.5,400,0.6666666666666666,wsd_20000_24000.csv,WSD sharp,wsdcon_3.csv,WSD-con 3e-5,1,1
0.0025579541942073844,train_selected_rho,0.0024404867220875243,-4.59224298800468,0.01521201147061758,0.5,400,0.6666666666666666,wsdcon_18.csv,WSD-con 18e-5,wsdcon_3.csv,WSD-con 3e-5,1,1
0.006687305974578527,train_selected_rho,0.006306013113994938,-5.701740910810072,0.01521201147061758,0.5,400,0.6666666666666666,wsdcon_9.csv,WSD-con 9e-5,wsdcon_3.csv,WSD-con 3e-5,1,1
0.0038535563963712593,train_selected_rho,0.003512144257284527,-8.859663748744573,0.01521201147061758,0.5,400,0.6666666666666666,wsdld_20000_24000.csv,WSD linear,wsdcon_3.csv,WSD-con 3e-5,1,1
0.00744534704076948,none,0.007326073923818118,-1.601981966700039,0.010498088082480928,0.0,25,1.0,cosine_72000.csv,Cosine,wsdcon_9.csv,WSD-con 9e-5,1,1
0.003408385839825258,none,0.0030812953485625364,-9.596639190341516,0.010498088082480928,0.0,25,1.0,wsd_20000_24000.csv,WSD sharp,wsdcon_9.csv,WSD-con 9e-5,1,1
0.002504818961791151,none,0.002290021446689441,-8.575370850279429,0.010498088082480928,0.0,25,1.0,wsdcon_18.csv,WSD-con 18e-5,wsdcon_9.csv,WSD-con 9e-5,1,1
0.004487187642230267,none,0.0030602096288599987,-31.8011665021661,0.010498088082480928,0.0,25,1.0,wsdcon_3.csv,WSD-con 3e-5,wsdcon_9.csv,WSD-con 9e-5,1,1
0.0031360955249893426,none,0.0029007222196813973,-7.505297700035629,0.010498088082480928,0.0,25,1.0,wsdld_20000_24000.csv,WSD linear,wsdcon_9.csv,WSD-con 9e-5,1,1
0.00744534704076948,constant_0p85,0.007343964891360822,-1.3616846716950515,0.008923374870108788,0.0,25,0.85,cosine_72000.csv,Cosine,wsdcon_9.csv,WSD-con 9e-5,1,1
0.003408385839825258,constant_0p85,0.00313035892225195,-8.157143311790128,0.008923374870108788,0.0,25,0.85,wsd_20000_24000.csv,WSD sharp,wsdcon_9.csv,WSD-con 9e-5,1,1
0.002504818961791151,constant_0p85,0.0023222410739546988,-7.289065222737456,0.008923374870108788,0.0,25,0.85,wsdcon_18.csv,WSD-con 18e-5,wsdcon_9.csv,WSD-con 9e-5,1,1
0.004487187642230267,constant_0p85,0.0032234528515892166,-28.163181293059026,0.008923374870108788,0.0,25,0.85,wsdcon_3.csv,WSD-con 3e-5,wsdcon_9.csv,WSD-con 9e-5,1,1
0.0031360955249893426,constant_0p85,0.002936028215477583,-6.379503045030477,0.008923374870108788,0.0,25,0.85,wsdld_20000_24000.csv,WSD linear,wsdcon_9.csv,WSD-con 9e-5,1,1
0.00744534704076948,train_size_rho0p25,0.007349928547208402,-1.281585573359878,0.008398470465984742,0.25,25,0.8,cosine_72000.csv,Cosine,wsdcon_9.csv,WSD-con 9e-5,1,1
0.003408385839825258,train_size_rho0p25,0.0031467134468150734,-7.677311352273419,0.008398470465984742,0.25,25,0.8,wsd_20000_24000.csv,WSD sharp,wsdcon_9.csv,WSD-con 9e-5,1,1
0.002504818961791151,train_size_rho0p25,0.0023329809497098035,-6.86029668022271,0.008398470465984742,0.25,25,0.8,wsdcon_18.csv,WSD-con 18e-5,wsdcon_9.csv,WSD-con 9e-5,1,1
0.004487187642230267,train_size_rho0p25,0.00328782797887574,-26.728538206581643,0.008398470465984742,0.25,25,0.8,wsdcon_3.csv,WSD-con 3e-5,wsdcon_9.csv,WSD-con 9e-5,1,1
0.0031360955249893426,train_size_rho0p25,0.0029477968807429863,-6.004238160028496,0.008398470465984742,0.25,25,0.8,wsdld_20000_24000.csv,WSD linear,wsdcon_9.csv,WSD-con 9e-5,1,1
0.00744534704076948,train_size_rho0p35,0.007356996583768471,-1.1866533086666964,0.007776361542578465,0.35,25,0.7407407407407407,cosine_72000.csv,Cosine,wsdcon_9.csv,WSD-con 9e-5,1,1
0.003408385839825258,train_size_rho0p35,0.0031660965870380585,-7.108621622475142,0.007776361542578465,0.35,25,0.7407407407407407,wsd_20000_24000.csv,WSD sharp,wsdcon_9.csv,WSD-con 9e-5,1,1
0.002504818961791151,train_size_rho0p35,0.0023457096913454514,-6.352126555762072,0.007776361542578465,0.35,25,0.7407407407407407,wsdcon_18.csv,WSD-con 18e-5,wsdcon_9.csv,WSD-con 9e-5,1,1
0.004487187642230267,train_size_rho0p35,0.003365362367996495,-25.000632103635212,0.007776361542578465,0.35,25,0.7407407407407407,wsdcon_3.csv,WSD-con 3e-5,wsdcon_9.csv,WSD-con 9e-5,1,1
0.0031360955249893426,train_size_rho0p35,0.002961744928464941,-5.5594797778041,0.007776361542578465,0.35,25,0.7407407407407407,wsdld_20000_24000.csv,WSD linear,wsdcon_9.csv,WSD-con 9e-5,1,1
0.00744534704076948,train_size_rho0p5,0.007365831629468571,-1.0679879778000445,0.006998725388320618,0.5,25,0.6666666666666666,cosine_72000.csv,Cosine,wsdcon_9.csv,WSD-con 9e-5,1,1
0.003408385839825258,train_size_rho0p5,0.003190325512316777,-6.39775946022767,0.006998725388320618,0.5,25,0.6666666666666666,wsd_20000_24000.csv,WSD sharp,wsdcon_9.csv,WSD-con 9e-5,1,1
0.002504818961791151,train_size_rho0p5,0.002361620618390014,-5.7169139001861495,0.006998725388320618,0.5,25,0.6666666666666666,wsdcon_18.csv,WSD-con 18e-5,wsdcon_9.csv,WSD-con 9e-5,1,1
0.004487187642230267,train_size_rho0p5,0.0034650574540896193,-22.778859937148045,0.006998725388320618,0.5,25,0.6666666666666666,wsdcon_3.csv,WSD-con 3e-5,wsdcon_9.csv,WSD-con 9e-5,1,1
0.0031360955249893426,train_size_rho0p5,0.002979179988117372,-5.003531800023975,0.006998725388320618,0.5,25,0.6666666666666666,wsdld_20000_24000.csv,WSD linear,wsdcon_9.csv,WSD-con 9e-5,1,1
0.00744534704076948,train_size_rho0p75,0.00737719097394013,-0.9154182666857413,0.005998907475703387,0.75,25,0.5714285714285714,cosine_72000.csv,Cosine,wsdcon_9.csv,WSD-con 9e-5,1,1
0.003408385839825258,train_size_rho0p75,0.003221476987675135,-5.483793823052185,0.005998907475703387,0.75,25,0.5714285714285714,wsd_20000_24000.csv,WSD sharp,wsdcon_9.csv,WSD-con 9e-5,1,1
0.002504818961791151,train_size_rho0p75,0.002382077524590187,-4.900211914444852,0.005998907475703387,0.75,25,0.5714285714285714,wsdcon_18.csv,WSD-con 18e-5,wsdcon_9.csv,WSD-con 9e-5,1,1
0.004487187642230267,train_size_rho0p75,0.003597944707312904,-19.817377961831404,0.005998907475703387,0.75,25,0.5714285714285714,wsdcon_3.csv,WSD-con 3e-5,wsdcon_9.csv,WSD-con 9e-5,1,1
0.0031360955249893426,train_size_rho0p75,0.0030015964933848035,-4.288741542877461,0.005998907475703387,0.75,25,0.5714285714285714,wsdld_20000_24000.csv,WSD linear,wsdcon_9.csv,WSD-con 9e-5,1,1
0.00744534704076948,train_size_rho1p0,0.007385710482293808,-0.8009909833499029,0.005249044041240464,1.0,25,0.5,cosine_72000.csv,Cosine,wsdcon_9.csv,WSD-con 9e-5,1,1
0.003408385839825258,train_size_rho1p0,0.0032448405941939078,-4.798319595170442,0.005249044041240464,1.0,25,0.5,wsd_20000_24000.csv,WSD sharp,wsdcon_9.csv,WSD-con 9e-5,1,1
0.002504818961791151,train_size_rho1p0,0.002397420204240305,-4.287685425139342,0.005249044041240464,1.0,25,0.5,wsdcon_18.csv,WSD-con 18e-5,wsdcon_9.csv,WSD-con 9e-5,1,1
0.004487187642230267,train_size_rho1p0,0.003700556631733213,-17.530602087905443,0.005249044041240464,1.0,25,0.5,wsdcon_3.csv,WSD-con 3e-5,wsdcon_9.csv,WSD-con 9e-5,1,1
0.0031360955249893426,train_size_rho1p0,0.0030184088723353764,-3.7526488500176036,0.005249044041240464,1.0,25,0.5,wsdld_20000_24000.csv,WSD linear,wsdcon_9.csv,WSD-con 9e-5,1,1
0.00744534704076948,train_selected_rho,0.007365831629468571,-1.0679879778000445,0.006998725388320618,0.5,25,0.6666666666666666,cosine_72000.csv,Cosine,wsdcon_9.csv,WSD-con 9e-5,1,1
0.003408385839825258,train_selected_rho,0.003190325512316777,-6.39775946022767,0.006998725388320618,0.5,25,0.6666666666666666,wsd_20000_24000.csv,WSD sharp,wsdcon_9.csv,WSD-con 9e-5,1,1
0.002504818961791151,train_selected_rho,0.002361620618390014,-5.7169139001861495,0.006998725388320618,0.5,25,0.6666666666666666,wsdcon_18.csv,WSD-con 18e-5,wsdcon_9.csv,WSD-con 9e-5,1,1
0.004487187642230267,train_selected_rho,0.0034650574540896193,-22.778859937148045,0.006998725388320618,0.5,25,0.6666666666666666,wsdcon_3.csv,WSD-con 3e-5,wsdcon_9.csv,WSD-con 9e-5,1,1
0.0031360955249893426,train_selected_rho,0.002979179988117372,-5.003531800023975,0.006998725388320618,0.5,25,0.6666666666666666,wsdld_20000_24000.csv,WSD linear,wsdcon_9.csv,WSD-con 9e-5,1,1
0.007265129575917493,none,0.007094449803233449,-2.34930115011045,0.015027774953005727,0.0,100,1.0,cosine_72000.csv,Cosine,wsdcon_9.csv,WSD-con 9e-5,1,1
0.0037480705220761528,none,0.003282586047473787,-12.419309398279987,0.015027774953005727,0.0,100,1.0,wsd_20000_24000.csv,WSD sharp,wsdcon_9.csv,WSD-con 9e-5,1,1
0.0013816404339982303,none,0.0012206076547519708,-11.655187216854845,0.015027774953005727,0.0,100,1.0,wsdcon_18.csv,WSD-con 18e-5,wsdcon_9.csv,WSD-con 9e-5,1,1
0.0056693997340904675,none,0.004499077232549309,-20.642793883520582,0.015027774953005727,0.0,100,1.0,wsdcon_3.csv,WSD-con 3e-5,wsdcon_9.csv,WSD-con 9e-5,1,1
0.003248313740665229,none,0.002913352553216061,-10.31184836784178,0.015027774953005727,0.0,100,1.0,wsdld_20000_24000.csv,WSD linear,wsdcon_9.csv,WSD-con 9e-5,1,1
0.007265129575917493,constant_0p85,0.007120051769136064,-1.9969059775937548,0.012773608710054868,0.0,100,0.85,cosine_72000.csv,Cosine,wsdcon_9.csv,WSD-con 9e-5,1,1
0.0037480705220761528,constant_0p85,0.0033524087186641437,-10.556412988537945,0.012773608710054868,0.0,100,0.85,wsd_20000_24000.csv,WSD sharp,wsdcon_9.csv,WSD-con 9e-5,1,1
0.0013816404339982303,constant_0p85,0.001224336302027873,-11.385316186436889,0.012773608710054868,0.0,100,0.85,wsdcon_18.csv,WSD-con 18e-5,wsdcon_9.csv,WSD-con 9e-5,1,1
0.0056693997340904675,constant_0p85,0.004589048446928407,-19.055831972225178,0.012773608710054868,0.0,100,0.85,wsdcon_3.csv,WSD-con 3e-5,wsdcon_9.csv,WSD-con 9e-5,1,1
0.003248313740665229,constant_0p85,0.0029635967313334363,-8.765071112665513,0.012773608710054868,0.0,100,0.85,wsdld_20000_24000.csv,WSD linear,wsdcon_9.csv,WSD-con 9e-5,1,1
0.007265129575917493,train_size_rho0p25,0.00712858575777026,-1.8794409200883266,0.012022219962404582,0.25,100,0.8,cosine_72000.csv,Cosine,wsdcon_9.csv,WSD-con 9e-5,1,1
0.0037480705220761528,train_size_rho0p25,0.0033756829423942578,-9.935447518624063,0.012022219962404582,0.25,100,0.8,wsd_20000_24000.csv,WSD sharp,wsdcon_9.csv,WSD-con 9e-5,1,1
0.0013816404339982303,train_size_rho0p25,0.0012306570753124917,-10.927832956424034,0.012022219962404582,0.25,100,0.8,wsdcon_18.csv,WSD-con 18e-5,wsdcon_9.csv,WSD-con 9e-5,1,1
0.0056693997340904675,train_size_rho0p25,0.0046249314014910605,-18.422908625033998,0.012022219962404582,0.25,100,0.8,wsdcon_3.csv,WSD-con 3e-5,wsdcon_9.csv,WSD-con 9e-5,1,1
0.003248313740665229,train_size_rho0p25,0.002980344790705892,-8.249478694273504,0.012022219962404582,0.25,100,0.8,wsdld_20000_24000.csv,WSD linear,wsdcon_9.csv,WSD-con 9e-5,1,1
0.007265129575917493,train_size_rho0p35,0.007138700114670059,-1.7402230741558111,0.011131685150374613,0.35,100,0.7407407407407407,cosine_72000.csv,Cosine,wsdcon_9.csv,WSD-con 9e-5,1,1
0.0037480705220761528,train_size_rho0p35,0.0034032672075558824,-9.199488443170356,0.011131685150374613,0.35,100,0.7407407407407407,wsd_20000_24000.csv,WSD sharp,wsdcon_9.csv,WSD-con 9e-5,1,1
0.0013816404339982303,train_size_rho0p35,0.0012394245781629173,-10.29326099148421,0.011131685150374613,0.35,100,0.7407407407407407,wsdcon_18.csv,WSD-con 18e-5,wsdcon_9.csv,WSD-con 9e-5,1,1
0.0056693997340904675,train_size_rho0p35,0.004672940711022204,-17.57609393947812,0.011131685150374613,0.35,100,0.7407407407407407,wsdcon_3.csv,WSD-con 3e-5,wsdcon_9.csv,WSD-con 9e-5,1,1
0.003248313740665229,train_size_rho0p35,0.003000194342554737,-7.6384061984012375,0.011131685150374613,0.35,100,0.7407407407407407,wsdld_20000_24000.csv,WSD linear,wsdcon_9.csv,WSD-con 9e-5,1,1
0.007265129575917493,train_size_rho0p5,0.007151343060794803,-1.5662007667402111,0.01001851663533715,0.5,100,0.6666666666666666,cosine_72000.csv,Cosine,wsdcon_9.csv,WSD-con 9e-5,1,1
0.0037480705220761528,train_size_rho0p5,0.0034377475390079118,-8.279539598853258,0.01001851663533715,0.5,100,0.6666666666666666,wsd_20000_24000.csv,WSD sharp,wsdcon_9.csv,WSD-con 9e-5,1,1
0.0013816404339982303,train_size_rho0p5,0.0012513704544147906,-9.428645570719196,0.01001851663533715,0.5,100,0.6666666666666666,wsdcon_18.csv,WSD-con 18e-5,wsdcon_9.csv,WSD-con 9e-5,1,1
0.0056693997340904675,train_size_rho0p5,0.0047388505463927914,-16.413539904449202,0.01001851663533715,0.5,100,0.6666666666666666,wsdcon_3.csv,WSD-con 3e-5,wsdcon_9.csv,WSD-con 9e-5,1,1
0.003248313740665229,train_size_rho0p5,0.0030250062823657864,-6.874565578561109,0.01001851663533715,0.5,100,0.6666666666666666,wsdld_20000_24000.csv,WSD linear,wsdcon_9.csv,WSD-con 9e-5,1,1
0.007265129575917493,train_size_rho0p75,0.007167598277240892,-1.3424578000631682,0.00858729997314613,0.75,100,0.5714285714285714,cosine_72000.csv,Cosine,wsdcon_9.csv,WSD-con 9e-5,1,1
0.0037480705220761528,train_size_rho0p75,0.003482079393731948,-7.096748227588456,0.00858729997314613,0.75,100,0.5714285714285714,wsd_20000_24000.csv,WSD sharp,wsdcon_9.csv,WSD-con 9e-5,1,1
0.0013816404339982303,train_size_rho0p75,0.0012667294381672014,-8.3169971725926,0.00858729997314613,0.75,100,0.5714285714285714,wsdcon_18.csv,WSD-con 18e-5,wsdcon_9.csv,WSD-con 9e-5,1,1
0.0056693997340904675,train_size_rho0p75,0.00483237797005041,-14.763851612137902,0.00858729997314613,0.75,100,0.5714285714285714,wsdcon_3.csv,WSD-con 3e-5,wsdcon_9.csv,WSD-con 9e-5,1,1
0.003248313740665229,train_size_rho0p75,0.0030569073478371347,-5.8924847816238195,0.00858729997314613,0.75,100,0.5714285714285714,wsdld_20000_24000.csv,WSD linear,wsdcon_9.csv,WSD-con 9e-5,1,1
0.007265129575917493,train_size_rho1p0,0.007179789689575483,-1.1746505750550584,0.0075138874765028636,1.0,100,0.5,cosine_72000.csv,Cosine,wsdcon_9.csv,WSD-con 9e-5,1,1
0.0037480705220761528,train_size_rho1p0,0.003515328284774975,-6.209654699139855,0.0075138874765028636,1.0,100,0.5,wsd_20000_24000.csv,WSD sharp,wsdcon_9.csv,WSD-con 9e-5,1,1
0.0013816404339982303,train_size_rho1p0,0.0012782486759814892,-7.48326087399912,0.0075138874765028636,1.0,100,0.5,wsdcon_18.csv,WSD-con 18e-5,wsdcon_9.csv,WSD-con 9e-5,1,1
0.0056693997340904675,train_size_rho1p0,0.004910296356978847,-13.38948412028671,0.0075138874765028636,1.0,100,0.5,wsdcon_3.csv,WSD-con 3e-5,wsdcon_9.csv,WSD-con 9e-5,1,1
0.003248313740665229,train_size_rho1p0,0.003080833146940645,-5.155924183920901,0.0075138874765028636,1.0,100,0.5,wsdld_20000_24000.csv,WSD linear,wsdcon_9.csv,WSD-con 9e-5,1,1
0.007265129575917493,train_selected_rho,0.007151343060794803,-1.5662007667402111,0.01001851663533715,0.5,100,0.6666666666666666,cosine_72000.csv,Cosine,wsdcon_9.csv,WSD-con 9e-5,1,1
0.0037480705220761528,train_selected_rho,0.0034377475390079118,-8.279539598853258,0.01001851663533715,0.5,100,0.6666666666666666,wsd_20000_24000.csv,WSD sharp,wsdcon_9.csv,WSD-con 9e-5,1,1
0.0013816404339982303,train_selected_rho,0.0012513704544147906,-9.428645570719196,0.01001851663533715,0.5,100,0.6666666666666666,wsdcon_18.csv,WSD-con 18e-5,wsdcon_9.csv,WSD-con 9e-5,1,1
0.0056693997340904675,train_selected_rho,0.0047388505463927914,-16.413539904449202,0.01001851663533715,0.5,100,0.6666666666666666,wsdcon_3.csv,WSD-con 3e-5,wsdcon_9.csv,WSD-con 9e-5,1,1
0.003248313740665229,train_selected_rho,0.0030250062823657864,-6.874565578561109,0.01001851663533715,0.5,100,0.6666666666666666,wsdld_20000_24000.csv,WSD linear,wsdcon_9.csv,WSD-con 9e-5,1,1
0.005612615040270773,none,0.005420931025326941,-3.415235386152271,0.025764467500442024,0.0,400,1.0,cosine_72000.csv,Cosine,wsdcon_9.csv,WSD-con 9e-5,1,1
0.004701998914275349,none,0.003897163881172678,-17.116869820177495,0.025764467500442024,0.0,400,1.0,wsd_20000_24000.csv,WSD sharp,wsdcon_9.csv,WSD-con 9e-5,1,1
0.0025579541942073844,none,0.0023894255485323295,-6.588415306915829,0.025764467500442024,0.0,400,1.0,wsdcon_18.csv,WSD-con 18e-5,wsdcon_9.csv,WSD-con 9e-5,1,1
0.008173606778800102,none,0.005426998315324769,-33.603383889217874,0.025764467500442024,0.0,400,1.0,wsdcon_3.csv,WSD-con 3e-5,wsdcon_9.csv,WSD-con 9e-5,1,1
0.0038535563963712593,none,0.0032753092672031738,-15.00554474076461,0.025764467500442024,0.0,400,1.0,wsdld_20000_24000.csv,WSD linear,wsdcon_9.csv,WSD-con 9e-5,1,1
0.005612615040270773,constant_0p85,0.005448660599750186,-2.921177371763539,0.02189979737537572,0.0,400,0.85,cosine_72000.csv,Cosine,wsdcon_9.csv,WSD-con 9e-5,1,1
0.004701998914275349,constant_0p85,0.004017889136138073,-14.54933934715099,0.02189979737537572,0.0,400,0.85,wsd_20000_24000.csv,WSD sharp,wsdcon_9.csv,WSD-con 9e-5,1,1
0.0025579541942073844,constant_0p85,0.002405533122597288,-5.958709970462406,0.02189979737537572,0.0,400,0.85,wsdcon_18.csv,WSD-con 18e-5,wsdcon_9.csv,WSD-con 9e-5,1,1
0.008173606778800102,constant_0p85,0.005716073702328034,-30.06669078877364,0.02189979737537572,0.0,400,0.85,wsdcon_3.csv,WSD-con 3e-5,wsdcon_9.csv,WSD-con 9e-5,1,1
0.0038535563963712593,constant_0p85,0.003362046336578399,-12.7547130296496,0.02189979737537572,0.0,400,0.85,wsdld_20000_24000.csv,WSD linear,wsdcon_9.csv,WSD-con 9e-5,1,1
0.005612615040270773,train_size_rho0p25,0.005458086704476817,-2.753232400319783,0.02061157400035362,0.25,400,0.8,cosine_72000.csv,Cosine,wsdcon_9.csv,WSD-con 9e-5,1,1
0.004701998914275349,train_size_rho0p25,0.004058130887793212,-13.69349585614199,0.02061157400035362,0.25,400,0.8,wsd_20000_24000.csv,WSD sharp,wsdcon_9.csv,WSD-con 9e-5,1,1
0.0025579541942073844,train_size_rho0p25,0.0024117773919626706,-5.714598118126535,0.02061157400035362,0.25,400,0.8,wsdcon_18.csv,WSD-con 18e-5,wsdcon_9.csv,WSD-con 9e-5,1,1
0.008173606778800102,train_size_rho0p25,0.005826452402335244,-28.716262477327348,0.02061157400035362,0.25,400,0.8,wsdcon_3.csv,WSD-con 3e-5,wsdcon_9.csv,WSD-con 9e-5,1,1
0.0038535563963712593,train_size_rho0p25,0.0033909586930367867,-12.00443579261179,0.02061157400035362,0.25,400,0.8,wsdld_20000_24000.csv,WSD linear,wsdcon_9.csv,WSD-con 9e-5,1,1
0.005612615040270773,train_size_rho0p35,0.005469258384152842,-2.5541865082379767,0.019084790741068166,0.35,400,0.7407407407407407,cosine_72000.csv,Cosine,wsdcon_9.csv,WSD-con 9e-5,1,1
0.004701998914275349,train_size_rho0p35,0.004105824815680784,-12.67916282976097,0.019084790741068166,0.35,400,0.7407407407407407,wsd_20000_24000.csv,WSD sharp,wsdcon_9.csv,WSD-con 9e-5,1,1
0.0025579541942073844,train_size_rho0p35,0.0024191780075068265,-5.425280367209995,0.019084790741068166,0.35,400,0.7407407407407407,wsdcon_18.csv,WSD-con 18e-5,wsdcon_9.csv,WSD-con 9e-5,1,1
0.008173606778800102,train_size_rho0p35,0.005962130786334472,-27.056305157736972,0.019084790741068166,0.35,400,0.7407407407407407,wsdcon_3.csv,WSD-con 3e-5,wsdcon_9.csv,WSD-con 9e-5,1,1
0.0038535563963712593,train_size_rho0p35,0.0034252251895800913,-11.115218326492137,0.019084790741068166,0.35,400,0.7407407407407407,wsdld_20000_24000.csv,WSD linear,wsdcon_9.csv,WSD-con 9e-5,1,1
0.005612615040270773,train_size_rho0p5,0.005483237662040163,-2.305117619903041,0.017176311666961347,0.5,400,0.6666666666666666,cosine_72000.csv,Cosine,wsdcon_9.csv,WSD-con 9e-5,1,1
0.004701998914275349,train_size_rho0p5,0.004165442225540229,-11.411246546785126,0.017176311666961347,0.5,400,0.6666666666666666,wsd_20000_24000.csv,WSD sharp,wsdcon_9.csv,WSD-con 9e-5,1,1
0.0025579541942073844,train_size_rho0p5,0.0024286830398727345,-5.053693089086231,0.017176311666961347,0.5,400,0.6666666666666666,wsdcon_18.csv,WSD-con 18e-5,wsdcon_9.csv,WSD-con 9e-5,1,1
0.008173606778800102,train_size_rho0p5,0.0061446132095565155,-24.823723775239483,0.017176311666961347,0.5,400,0.6666666666666666,wsdcon_3.csv,WSD-con 3e-5,wsdcon_9.csv,WSD-con 9e-5,1,1
0.0038535563963712593,train_size_rho0p5,0.0034680583102592115,-10.003696493842828,0.017176311666961347,0.5,400,0.6666666666666666,wsdld_20000_24000.csv,WSD linear,wsdcon_9.csv,WSD-con 9e-5,1,1
0.005612615040270773,train_size_rho0p75,0.005501298549437455,-1.983326667420049,0.014722552857395441,0.75,400,0.5714285714285714,cosine_72000.csv,Cosine,wsdcon_9.csv,WSD-con 9e-5,1,1
0.004701998914275349,train_size_rho0p75,0.004242093181073824,-9.781068468672826,0.014722552857395441,0.75,400,0.5714285714285714,wsd_20000_24000.csv,WSD sharp,wsdcon_9.csv,WSD-con 9e-5,1,1
0.0025579541942073844,train_size_rho0p75,0.002443427929311625,-4.477260193130517,0.014722552857395441,0.75,400,0.5714285714285714,wsdcon_18.csv,WSD-con 18e-5,wsdcon_9.csv,WSD-con 9e-5,1,1
0.008173606778800102,train_size_rho0p75,0.006393760826956767,-21.775527010422437,0.014722552857395441,0.75,400,0.5714285714285714,wsdcon_3.csv,WSD-con 3e-5,wsdcon_9.csv,WSD-con 9e-5,1,1
0.0038535563963712593,train_size_rho0p75,0.0035231294654180715,-8.574596994722528,0.014722552857395441,0.75,400,0.5714285714285714,wsdld_20000_24000.csv,WSD linear,wsdcon_9.csv,WSD-con 9e-5,1,1
0.005612615040270773,train_size_rho1p0,0.005514927664314312,-1.7404966358025575,0.012882233750221012,1.0,400,0.5,cosine_72000.csv,Cosine,wsdcon_9.csv,WSD-con 9e-5,1,1
0.004701998914275349,train_size_rho1p0,0.004299581397724016,-8.558434910088685,0.012882233750221012,1.0,400,0.5,wsd_20000_24000.csv,WSD sharp,wsdcon_9.csv,WSD-con 9e-5,1,1
0.0025579541942073844,train_size_rho1p0,0.0024544865963907637,-4.044935521164861,0.012882233750221012,1.0,400,0.5,wsdcon_18.csv,WSD-con 18e-5,wsdcon_9.csv,WSD-con 9e-5,1,1
0.008173606778800102,train_size_rho1p0,0.006589883452559439,-19.376064558774342,0.012882233750221012,1.0,400,0.5,wsdcon_3.csv,WSD-con 3e-5,wsdcon_9.csv,WSD-con 9e-5,1,1
0.0038535563963712593,train_size_rho1p0,0.0035644328317872244,-7.502772370382105,0.012882233750221012,1.0,400,0.5,wsdld_20000_24000.csv,WSD linear,wsdcon_9.csv,WSD-con 9e-5,1,1
0.005612615040270773,train_selected_rho,0.005483237662040163,-2.305117619903041,0.017176311666961347,0.5,400,0.6666666666666666,cosine_72000.csv,Cosine,wsdcon_9.csv,WSD-con 9e-5,1,1
0.004701998914275349,train_selected_rho,0.004165442225540229,-11.411246546785126,0.017176311666961347,0.5,400,0.6666666666666666,wsd_20000_24000.csv,WSD sharp,wsdcon_9.csv,WSD-con 9e-5,1,1
0.0025579541942073844,train_selected_rho,0.0024286830398727345,-5.053693089086231,0.017176311666961347,0.5,400,0.6666666666666666,wsdcon_18.csv,WSD-con 18e-5,wsdcon_9.csv,WSD-con 9e-5,1,1
0.008173606778800102,train_selected_rho,0.0061446132095565155,-24.823723775239483,0.017176311666961347,0.5,400,0.6666666666666666,wsdcon_3.csv,WSD-con 3e-5,wsdcon_9.csv,WSD-con 9e-5,1,1
0.0038535563963712593,train_selected_rho,0.0034680583102592115,-10.003696493842828,0.017176311666961347,0.5,400,0.6666666666666666,wsdld_20000_24000.csv,WSD linear,wsdcon_9.csv,WSD-con 9e-5,1,1
0.00744534704076948,none,0.0072434749978620185,-2.7113852692432494,0.01776821585619382,0.0,25,1.0,cosine_72000.csv,Cosine,wsdcon_18.csv,WSD-con 18e-5,1,1
0.003408385839825258,none,0.002854778896579747,-16.24249628011285,0.01776821585619382,0.0,25,1.0,wsd_20000_24000.csv,WSD sharp,wsdcon_18.csv,WSD-con 18e-5,1,1
0.004487187642230267,none,0.002771662722366308,-38.23162873151637,0.01776821585619382,0.0,25,1.0,wsdcon_3.csv,WSD-con 3e-5,wsdcon_18.csv,WSD-con 18e-5,1,1
0.002926482771138891,none,0.002200340663368715,-24.812792849198473,0.01776821585619382,0.0,25,1.0,wsdcon_9.csv,WSD-con 9e-5,wsdcon_18.csv,WSD-con 18e-5,1,1
0.0031360955249893426,none,0.002737721681805787,-12.702860611521372,0.01776821585619382,0.0,25,1.0,wsdld_20000_24000.csv,WSD linear,wsdcon_18.csv,WSD-con 18e-5,1,1
0.00744534704076948,constant_0p85,0.0072737558042981435,-2.304677478856687,0.015102983477764748,0.0,25,0.85,cosine_72000.csv,Cosine,wsdcon_18.csv,WSD-con 18e-5,1,1
0.003408385839825258,constant_0p85,0.0029378199380665736,-13.80612183809593,0.015102983477764748,0.0,25,0.85,wsd_20000_24000.csv,WSD sharp,wsdcon_18.csv,WSD-con 18e-5,1,1
0.004487187642230267,constant_0p85,0.0027889389642743994,-37.8466160401482,0.015102983477764748,0.0,25,0.85,wsdcon_3.csv,WSD-con 3e-5,wsdcon_18.csv,WSD-con 18e-5,1,1
0.002926482771138891,constant_0p85,0.0022174488488932225,-24.228193968479626,0.015102983477764748,0.0,25,0.85,wsdcon_9.csv,WSD-con 9e-5,wsdcon_18.csv,WSD-con 18e-5,1,1
0.0031360955249893426,constant_0p85,0.002797477758283323,-10.797431519793088,0.015102983477764748,0.0,25,0.85,wsdld_20000_24000.csv,WSD linear,wsdcon_18.csv,WSD-con 18e-5,1,1
0.00744534704076948,train_size_rho0p25,0.007283849406443509,-2.1691082153946217,0.014214572684955058,0.25,25,0.8,cosine_72000.csv,Cosine,wsdcon_18.csv,WSD-con 18e-5,1,1
0.003408385839825258,train_size_rho0p25,0.002965500285228843,-12.993997024090465,0.014214572684955058,0.25,25,0.8,wsd_20000_24000.csv,WSD sharp,wsdcon_18.csv,WSD-con 18e-5,1,1
0.004487187642230267,train_size_rho0p25,0.002821772919986638,-37.11488921412407,0.014214572684955058,0.25,25,0.8,wsdcon_3.csv,WSD-con 3e-5,wsdcon_18.csv,WSD-con 18e-5,1,1
0.002926482771138891,train_size_rho0p25,0.0022368362833772456,-23.565711527946487,0.014214572684955058,0.25,25,0.8,wsdcon_9.csv,WSD-con 9e-5,wsdcon_18.csv,WSD-con 18e-5,1,1
0.0031360955249893426,train_size_rho0p25,0.0028173964504425,-10.162288489217042,0.014214572684955058,0.25,25,0.8,wsdld_20000_24000.csv,WSD linear,wsdcon_18.csv,WSD-con 18e-5,1,1
0.00744534704076948,train_size_rho0p35,0.007295812194171363,-2.0084335327727465,0.013161641374958385,0.35,25,0.7407407407407407,cosine_72000.csv,Cosine,wsdcon_18.csv,WSD-con 18e-5,1,1
0.003408385839825258,train_size_rho0p35,0.0029983066226063706,-12.031478726009237,0.013161641374958385,0.35,25,0.7407407407407407,wsd_20000_24000.csv,WSD sharp,wsdcon_18.csv,WSD-con 18e-5,1,1
0.004487187642230267,train_size_rho0p35,0.0028686190380888,-36.07089190807697,0.013161641374958385,0.35,25,0.7407407407407407,wsdcon_3.csv,WSD-con 3e-5,wsdcon_18.csv,WSD-con 18e-5,1,1
0.002926482771138891,train_size_rho0p35,0.0022666883443841056,-22.5456453481192,0.013161641374958385,0.35,25,0.7407407407407407,wsdcon_9.csv,WSD-con 9e-5,wsdcon_18.csv,WSD-con 18e-5,1,1
0.0031360955249893426,train_size_rho0p35,0.002841003789297824,-9.409526378904587,0.013161641374958385,0.35,25,0.7407407407407407,wsdld_20000_24000.csv,WSD linear,wsdcon_18.csv,WSD-con 18e-5,1,1
0.00744534704076948,train_size_rho0p5,0.0073107656788311765,-1.807590179495444,0.011845477237462546,0.5,25,0.6666666666666666,cosine_72000.csv,Cosine,wsdcon_18.csv,WSD-con 18e-5,1,1
0.003408385839825258,train_size_rho0p5,0.0030393145443282526,-10.828330853408508,0.011845477237462546,0.5,25,0.6666666666666666,wsd_20000_24000.csv,WSD sharp,wsdcon_18.csv,WSD-con 18e-5,1,1
0.004487187642230267,train_size_rho0p5,0.002953810244555851,-34.1723484715313,0.011845477237462546,0.5,25,0.6666666666666666,wsdcon_3.csv,WSD-con 3e-5,wsdcon_18.csv,WSD-con 18e-5,1,1
0.002926482771138891,train_size_rho0p5,0.0023204569087904208,-20.70833521813712,0.011845477237462546,0.5,25,0.6666666666666666,wsdcon_9.csv,WSD-con 9e-5,wsdcon_18.csv,WSD-con 18e-5,1,1
0.0031360955249893426,train_size_rho0p5,0.002870512962866974,-8.468573741014184,0.011845477237462546,0.5,25,0.6666666666666666,wsdld_20000_24000.csv,WSD linear,wsdcon_18.csv,WSD-con 18e-5,1,1
0.00744534704076948,train_size_rho0p75,0.007329991587679491,-1.5493630109962964,0.010153266203539325,0.75,25,0.5714285714285714,cosine_72000.csv,Cosine,wsdcon_18.csv,WSD-con 18e-5,1,1
0.003408385839825258,train_size_rho0p75,0.0030920390151135354,-9.281426445778829,0.010153266203539325,0.75,25,0.5714285714285714,wsd_20000_24000.csv,WSD sharp,wsdcon_18.csv,WSD-con 18e-5,1,1
0.004487187642230267,train_size_rho0p75,0.003089698366387524,-31.143990117341048,0.010153266203539325,0.75,25,0.5714285714285714,wsdcon_3.csv,WSD-con 3e-5,wsdcon_18.csv,WSD-con 18e-5,1,1
0.002926482771138891,train_size_rho0p75,0.002397659620079183,-18.070263603633208,0.010153266203539325,0.75,25,0.5714285714285714,wsdcon_9.csv,WSD-con 9e-5,wsdcon_18.csv,WSD-con 18e-5,1,1
0.0031360955249893426,train_size_rho0p75,0.0029084533288844462,-7.258777492298163,0.010153266203539325,0.75,25,0.5714285714285714,wsdld_20000_24000.csv,WSD linear,wsdcon_18.csv,WSD-con 18e-5,1,1
0.00744534704076948,train_size_rho1p0,0.007344411019315748,-1.3556926346216414,0.00888410792809691,1.0,25,0.5,cosine_72000.csv,Cosine,wsdcon_18.csv,WSD-con 18e-5,1,1
0.003408385839825258,train_size_rho1p0,0.0031315823682025014,-8.121248140056458,0.00888410792809691,1.0,25,0.5,wsd_20000_24000.csv,WSD sharp,wsdcon_18.csv,WSD-con 18e-5,1,1
0.004487187642230267,train_size_rho1p0,0.0032280928742574066,-28.059775261527786,0.00888410792809691,1.0,25,0.5,wsdcon_3.csv,WSD-con 3e-5,wsdcon_18.csv,WSD-con 18e-5,1,1
0.002926482771138891,train_size_rho1p0,0.002461251563828423,-15.897281607074532,0.00888410792809691,1.0,25,0.5,wsdcon_9.csv,WSD-con 9e-5,wsdcon_18.csv,WSD-con 18e-5,1,1
0.0031360955249893426,train_size_rho1p0,0.002936908603397574,-6.351430305760397,0.00888410792809691,1.0,25,0.5,wsdld_20000_24000.csv,WSD linear,wsdcon_18.csv,WSD-con 18e-5,1,1
0.00744534704076948,train_selected_rho,0.0073107656788311765,-1.807590179495444,0.011845477237462546,0.5,25,0.6666666666666666,cosine_72000.csv,Cosine,wsdcon_18.csv,WSD-con 18e-5,1,1
0.003408385839825258,train_selected_rho,0.0030393145443282526,-10.828330853408508,0.011845477237462546,0.5,25,0.6666666666666666,wsd_20000_24000.csv,WSD sharp,wsdcon_18.csv,WSD-con 18e-5,1,1
0.004487187642230267,train_selected_rho,0.002953810244555851,-34.1723484715313,0.011845477237462546,0.5,25,0.6666666666666666,wsdcon_3.csv,WSD-con 3e-5,wsdcon_18.csv,WSD-con 18e-5,1,1
0.002926482771138891,train_selected_rho,0.0023204569087904208,-20.70833521813712,0.011845477237462546,0.5,25,0.6666666666666666,wsdcon_9.csv,WSD-con 9e-5,wsdcon_18.csv,WSD-con 18e-5,1,1
0.0031360955249893426,train_selected_rho,0.002870512962866974,-8.468573741014184,0.011845477237462546,0.5,25,0.6666666666666666,wsdld_20000_24000.csv,WSD linear,wsdcon_18.csv,WSD-con 18e-5,1,1
0.007265129575917493,none,0.0070957301605987545,-2.3316778255444315,0.01491504383060957,0.0,100,1.0,cosine_72000.csv,Cosine,wsdcon_18.csv,WSD-con 18e-5,1,1
0.0037480705220761528,none,0.0032860778875794558,-12.32614572686288,0.01491504383060957,0.0,100,1.0,wsd_20000_24000.csv,WSD sharp,wsdcon_18.csv,WSD-con 18e-5,1,1
0.0056693997340904675,none,0.004502891235683021,-20.57552039227637,0.01491504383060957,0.0,100,1.0,wsdcon_3.csv,WSD-con 3e-5,wsdcon_18.csv,WSD-con 18e-5,1,1
0.004934623402238123,none,0.004657216452742483,-5.621643778729313,0.01491504383060957,0.0,100,1.0,wsdcon_9.csv,WSD-con 9e-5,wsdcon_18.csv,WSD-con 18e-5,1,1
0.003248313740665229,none,0.002915865270550365,-10.234493853010063,0.01491504383060957,0.0,100,1.0,wsdld_20000_24000.csv,WSD linear,wsdcon_18.csv,WSD-con 18e-5,1,1
0.007265129575917493,constant_0p85,0.00712114007289656,-1.9819261517128428,0.012677787256018135,0.0,100,0.85,cosine_72000.csv,Cosine,wsdcon_18.csv,WSD-con 18e-5,1,1
0.0037480705220761528,constant_0p85,0.003355376782753971,-10.477223867833164,0.012677787256018135,0.0,100,0.85,wsd_20000_24000.csv,WSD sharp,wsdcon_18.csv,WSD-con 18e-5,1,1
0.0056693997340904675,constant_0p85,0.00459362444955299,-18.975117913608585,0.012677787256018135,0.0,100,0.85,wsdcon_3.csv,WSD-con 3e-5,wsdcon_18.csv,WSD-con 18e-5,1,1
0.004934623402238123,constant_0p85,0.004660550540240646,-5.554078592363709,0.012677787256018135,0.0,100,0.85,wsdcon_9.csv,WSD-con 9e-5,wsdcon_18.csv,WSD-con 18e-5,1,1
0.003248313740665229,constant_0p85,0.0029657325410675866,-8.69931977505879,0.012677787256018135,0.0,100,0.85,wsdld_20000_24000.csv,WSD linear,wsdcon_18.csv,WSD-con 18e-5,1,1
0.007265129575917493,train_size_rho0p25,0.007129610043662495,-1.8653422604356429,0.011932035064487657,0.25,100,0.8,cosine_72000.csv,Cosine,wsdcon_18.csv,WSD-con 18e-5,1,1
0.0037480705220761528,train_size_rho0p25,0.0033784764144788033,-9.860916581490088,0.011932035064487657,0.25,100,0.8,wsd_20000_24000.csv,WSD sharp,wsdcon_18.csv,WSD-con 18e-5,1,1
0.0056693997340904675,train_size_rho0p25,0.004629460870051922,-18.343015359903546,0.011932035064487657,0.25,100,0.8,wsdcon_3.csv,WSD-con 3e-5,wsdcon_18.csv,WSD-con 18e-5,1,1
0.004934623402238123,train_size_rho0p25,0.004663803400968708,-5.488159464136277,0.011932035064487657,0.25,100,0.8,wsdcon_9.csv,WSD-con 9e-5,wsdcon_18.csv,WSD-con 18e-5,1,1
0.003248313740665229,train_size_rho0p25,0.0029823549645733396,-8.187595082407984,0.011932035064487657,0.25,100,0.8,wsdld_20000_24000.csv,WSD linear,wsdcon_18.csv,WSD-con 18e-5,1,1
0.007265129575917493,train_size_rho0p35,0.007139648527533247,-1.7271687596624674,0.011048180615266348,0.35,100,0.7407407407407407,cosine_72000.csv,Cosine,wsdcon_18.csv,WSD-con 18e-5,1,1
0.0037480705220761528,train_size_rho0p35,0.0034058537557823017,-9.130478316194768,0.011048180615266348,0.35,100,0.7407407407407407,wsd_20000_24000.csv,WSD sharp,wsdcon_18.csv,WSD-con 18e-5,1,1
0.0056693997340904675,train_size_rho0p35,0.004677477181686826,-17.496077167378875,0.011048180615266348,0.35,100,0.7407407407407407,wsdcon_3.csv,WSD-con 3e-5,wsdcon_18.csv,WSD-con 18e-5,1,1
0.004934623402238123,train_size_rho0p35,0.0046676586433130815,-5.4100330899407245,0.011048180615266348,0.35,100,0.7407407407407407,wsdcon_9.csv,WSD-con 9e-5,wsdcon_18.csv,WSD-con 18e-5,1,1
0.003248313740665229,train_size_rho0p35,0.003002055614654206,-7.581106557785611,0.011048180615266348,0.35,100,0.7407407407407407,wsdld_20000_24000.csv,WSD linear,wsdcon_18.csv,WSD-con 18e-5,1,1
0.007265129575917493,train_size_rho0p5,0.007152196632371653,-1.5544518836964838,0.009943362553739713,0.5,100,0.6666666666666666,cosine_72000.csv,Cosine,wsdcon_18.csv,WSD-con 18e-5,1,1
0.0037480705220761528,train_size_rho0p5,0.0034400754324116923,-8.21743048457514,0.009943362553739713,0.5,100,0.6666666666666666,wsd_20000_24000.csv,WSD sharp,wsdcon_18.csv,WSD-con 18e-5,1,1
0.0056693997340904675,train_size_rho0p5,0.004743408569383193,-16.33314298053866,0.009943362553739713,0.5,100,0.6666666666666666,wsdcon_3.csv,WSD-con 3e-5,wsdcon_18.csv,WSD-con 18e-5,1,1
0.004934623402238123,train_size_rho0p5,0.004672477696243552,-5.312375122196222,0.009943362553739713,0.5,100,0.6666666666666666,wsdcon_9.csv,WSD-con 9e-5,wsdcon_18.csv,WSD-con 18e-5,1,1
0.003248313740665229,train_size_rho0p5,0.003026681427255322,-6.822995902006623,0.009943362553739713,0.5,100,0.6666666666666666,wsdld_20000_24000.csv,WSD linear,wsdcon_18.csv,WSD-con 18e-5,1,1
0.007265129575917493,train_size_rho0p75,0.007168329910021066,-1.3323873288826005,0.008522882188919754,0.75,100,0.5714285714285714,cosine_72000.csv,Cosine,wsdcon_18.csv,WSD-con 18e-5,1,1
0.0037480705220761528,train_size_rho0p75,0.003484074730935181,-7.043511843921701,0.008522882188919754,0.75,100,0.5714285714285714,wsd_20000_24000.csv,WSD sharp,wsdcon_18.csv,WSD-con 18e-5,1,1
0.0056693997340904675,train_size_rho0p75,0.004837054019427637,-14.681372873707987,0.008522882188919754,0.75,100,0.5714285714285714,wsdcon_3.csv,WSD-con 3e-5,wsdcon_18.csv,WSD-con 18e-5,1,1
0.004934623402238123,train_size_rho0p75,0.0046976194192375476,-4.802878835557767,0.008522882188919754,0.75,100,0.5714285714285714,wsdcon_9.csv,WSD-con 9e-5,wsdcon_18.csv,WSD-con 18e-5,1,1
0.003248313740665229,train_size_rho0p75,0.0030583431863138713,-5.848282201720245,0.008522882188919754,0.75,100,0.5714285714285714,wsdld_20000_24000.csv,WSD linear,wsdcon_18.csv,WSD-con 18e-5,1,1
0.007265129575917493,train_size_rho1p0,0.007180429868258122,-1.1658389127722435,0.007457521915304785,1.0,100,0.5,cosine_72000.csv,Cosine,wsdcon_18.csv,WSD-con 18e-5,1,1
0.0037480705220761528,train_size_rho1p0,0.0035170742048278134,-6.163072863431196,0.007457521915304785,1.0,100,0.5,wsd_20000_24000.csv,WSD sharp,wsdcon_18.csv,WSD-con 18e-5,1,1
0.0056693997340904675,train_size_rho1p0,0.00491438790018391,-13.317315224160719,0.007457521915304785,1.0,100,0.5,wsdcon_3.csv,WSD-con 3e-5,wsdcon_18.csv,WSD-con 18e-5,1,1
0.004934623402238123,train_size_rho1p0,0.004725125948537777,-4.245459817771047,0.007457521915304785,1.0,100,0.5,wsdcon_9.csv,WSD-con 9e-5,wsdcon_18.csv,WSD-con 18e-5,1,1
0.003248313740665229,train_size_rho1p0,0.003082089505607786,-5.117246926505359,0.007457521915304785,1.0,100,0.5,wsdld_20000_24000.csv,WSD linear,wsdcon_18.csv,WSD-con 18e-5,1,1
0.007265129575917493,train_selected_rho,0.007152196632371653,-1.5544518836964838,0.009943362553739713,0.5,100,0.6666666666666666,cosine_72000.csv,Cosine,wsdcon_18.csv,WSD-con 18e-5,1,1
0.0037480705220761528,train_selected_rho,0.0034400754324116923,-8.21743048457514,0.009943362553739713,0.5,100,0.6666666666666666,wsd_20000_24000.csv,WSD sharp,wsdcon_18.csv,WSD-con 18e-5,1,1
0.0056693997340904675,train_selected_rho,0.004743408569383193,-16.33314298053866,0.009943362553739713,0.5,100,0.6666666666666666,wsdcon_3.csv,WSD-con 3e-5,wsdcon_18.csv,WSD-con 18e-5,1,1
0.004934623402238123,train_selected_rho,0.004672477696243552,-5.312375122196222,0.009943362553739713,0.5,100,0.6666666666666666,wsdcon_9.csv,WSD-con 9e-5,wsdcon_18.csv,WSD-con 18e-5,1,1
0.003248313740665229,train_selected_rho,0.003026681427255322,-6.822995902006623,0.009943362553739713,0.5,100,0.6666666666666666,wsdld_20000_24000.csv,WSD linear,wsdcon_18.csv,WSD-con 18e-5,1,1
0.005612615040270773,none,0.005424347170484752,-3.354369904851673,0.02528343848519805,0.0,400,1.0,cosine_72000.csv,Cosine,wsdcon_18.csv,WSD-con 18e-5,1,1
0.004701998914275349,none,0.003912190351384051,-16.797293604076046,0.02528343848519805,0.0,400,1.0,wsd_20000_24000.csv,WSD sharp,wsdcon_18.csv,WSD-con 18e-5,1,1
0.008173606778800102,none,0.005459099229831248,-33.21064521980036,0.02528343848519805,0.0,400,1.0,wsdcon_3.csv,WSD-con 3e-5,wsdcon_18.csv,WSD-con 18e-5,1,1
0.006687305974578527,none,0.006161325526527888,-7.865356393892087,0.02528343848519805,0.0,400,1.0,wsdcon_9.csv,WSD-con 9e-5,wsdcon_18.csv,WSD-con 18e-5,1,1
0.0038535563963712593,none,0.00328610528490106,-14.725387488932185,0.02528343848519805,0.0,400,1.0,wsdld_20000_24000.csv,WSD linear,wsdcon_18.csv,WSD-con 18e-5,1,1
0.005612615040270773,constant_0p85,0.005451652390978202,-2.867872607290134,0.021490922712418342,0.0,400,0.85,cosine_72000.csv,Cosine,wsdcon_18.csv,WSD-con 18e-5,1,1
0.004701998914275349,constant_0p85,0.004030661635817741,-14.27769956346473,0.021490922712418342,0.0,400,0.85,wsd_20000_24000.csv,WSD sharp,wsdcon_18.csv,WSD-con 18e-5,1,1
0.008173606778800102,constant_0p85,0.005750274882312577,-29.648256419343856,0.021490922712418342,0.0,400,0.85,wsdcon_3.csv,WSD-con 3e-5,wsdcon_18.csv,WSD-con 18e-5,1,1
0.006687305974578527,constant_0p85,0.006202731014995672,-7.246190938846587,0.021490922712418342,0.0,400,0.85,wsdcon_9.csv,WSD-con 9e-5,wsdcon_18.csv,WSD-con 18e-5,1,1
0.0038535563963712593,constant_0p85,0.003371222951621596,-12.516579365592207,0.021490922712418342,0.0,400,0.85,wsdld_20000_24000.csv,WSD linear,wsdcon_18.csv,WSD-con 18e-5,1,1
0.005612615040270773,train_size_rho0p25,0.005460902507985534,-2.70306321022723,0.020226750788158443,0.25,400,0.8,cosine_72000.csv,Cosine,wsdcon_18.csv,WSD-con 18e-5,1,1
0.004701998914275349,train_size_rho0p25,0.004070152063962308,-13.43783488326088,0.020226750788158443,0.25,400,0.8,wsd_20000_24000.csv,WSD sharp,wsdcon_18.csv,WSD-con 18e-5,1,1
0.008173606778800102,train_size_rho0p25,0.005860649916120178,-28.2978729620202,0.020226750788158443,0.25,400,0.8,wsdcon_3.csv,WSD-con 3e-5,wsdcon_18.csv,WSD-con 18e-5,1,1
0.006687305974578527,train_size_rho0p25,0.0062199265278650205,-6.989054314102383,0.020226750788158443,0.25,400,0.8,wsdcon_9.csv,WSD-con 9e-5,wsdcon_18.csv,WSD-con 18e-5,1,1
0.0038535563963712593,train_size_rho0p25,0.0033995955071951063,-11.780309991145577,0.020226750788158443,0.25,400,0.8,wsdld_20000_24000.csv,WSD linear,wsdcon_18.csv,WSD-con 18e-5,1,1
0.005612615040270773,train_size_rho0p35,0.005471865609623863,-2.507733554448799,0.018728472951998556,0.35,400,0.7407407407407407,cosine_72000.csv,Cosine,wsdcon_18.csv,WSD-con 18e-5,1,1
0.004701998914275349,train_size_rho0p35,0.004116955534355878,-12.442439706722785,0.018728472951998556,0.35,400,0.7407407407407407,wsd_20000_24000.csv,WSD sharp,wsdcon_18.csv,WSD-con 18e-5,1,1
0.008173606778800102,train_size_rho0p35,0.005994784823153772,-26.65679931285102,0.018728472951998556,0.35,400,0.7407407407407407,wsdcon_3.csv,WSD-con 3e-5,wsdcon_18.csv,WSD-con 18e-5,1,1
0.006687305974578527,train_size_rho0p35,0.006244786075991431,-6.6173119679182495,0.018728472951998556,0.35,400,0.7407407407407407,wsdcon_9.csv,WSD-con 9e-5,wsdcon_18.csv,WSD-con 18e-5,1,1
0.0038535563963712593,train_size_rho0p35,0.003433222239726676,-10.90769443624583,0.018728472951998556,0.35,400,0.7407407407407407,wsdld_20000_24000.csv,WSD linear,wsdcon_18.csv,WSD-con 18e-5,1,1
0.005612615040270773,train_size_rho0p5,0.005485589815958875,-2.263209277680478,0.016855625656798698,0.5,400,0.6666666666666666,cosine_72000.csv,Cosine,wsdcon_18.csv,WSD-con 18e-5,1,1
0.004701998914275349,train_size_rho0p5,0.004175459872347813,-11.198195736050764,0.016855625656798698,0.5,400,0.6666666666666666,wsd_20000_24000.csv,WSD sharp,wsdcon_18.csv,WSD-con 18e-5,1,1
0.008173606778800102,train_size_rho0p5,0.0061762713296145645,-24.436402474927355,0.016855625656798698,0.5,400,0.6666666666666666,wsdcon_3.csv,WSD-con 3e-5,wsdcon_18.csv,WSD-con 18e-5,1,1
0.006687305974578527,train_size_rho0p5,0.006275860511149401,-6.152634035188709,0.016855625656798698,0.5,400,0.6666666666666666,wsdcon_9.csv,WSD-con 9e-5,wsdcon_18.csv,WSD-con 18e-5,1,1
0.0038535563963712593,train_size_rho0p5,0.00347525565539113,-9.816924992621367,0.016855625656798698,0.5,400,0.6666666666666666,wsdld_20000_24000.csv,WSD linear,wsdcon_18.csv,WSD-con 18e-5,1,1
0.005612615040270773,train_size_rho0p75,0.005503334221149344,-1.9470570908094453,0.014447679134398886,0.75,400,0.5714285714285714,cosine_72000.csv,Cosine,wsdcon_18.csv,WSD-con 18e-5,1,1
0.004701998914275349,train_size_rho0p75,0.004250679735480324,-9.5984534880434,0.014447679134398886,0.75,400,0.5714285714285714,wsd_20000_24000.csv,WSD sharp,wsdcon_18.csv,WSD-con 18e-5,1,1
0.008173606778800102,train_size_rho0p75,0.006422174683382086,-21.42789765664662,0.014447679134398886,0.75,400,0.5714285714285714,wsdcon_3.csv,WSD-con 3e-5,wsdcon_18.csv,WSD-con 18e-5,1,1
0.006687305974578527,train_size_rho0p75,0.0063211588331159915,-5.4752562968469976,0.014447679134398886,0.75,400,0.5714285714285714,wsdcon_9.csv,WSD-con 9e-5,wsdcon_18.csv,WSD-con 18e-5,1,1
0.0038535563963712593,train_size_rho0p75,0.0035292986183882986,-8.414507136532412,0.014447679134398886,0.75,400,0.5714285714285714,wsdld_20000_24000.csv,WSD linear,wsdcon_18.csv,WSD-con 18e-5,1,1
0.005612615040270773,train_size_rho1p0,0.0055167088770622175,-1.708760756268235,0.012641719242599025,1.0,400,0.5,cosine_72000.csv,Cosine,wsdcon_18.csv,WSD-con 18e-5,1,1
0.004701998914275349,train_size_rho1p0,0.004307094632829699,-8.398646802038034,0.012641719242599025,1.0,400,0.5,wsd_20000_24000.csv,WSD sharp,wsdcon_18.csv,WSD-con 18e-5,1,1
0.008173606778800102,train_size_rho1p0,0.0066158219737597656,-19.058719696190497,0.012641719242599025,1.0,400,0.5,wsdcon_3.csv,WSD-con 3e-5,wsdcon_18.csv,WSD-con 18e-5,1,1
0.006687305974578527,train_size_rho1p0,0.006356945048050244,-4.9401197998735995,0.012641719242599025,1.0,400,0.5,wsdcon_9.csv,WSD-con 9e-5,wsdcon_18.csv,WSD-con 18e-5,1,1
0.0038535563963712593,train_size_rho1p0,0.003569830840636162,-7.362693744466031,0.012641719242599025,1.0,400,0.5,wsdld_20000_24000.csv,WSD linear,wsdcon_18.csv,WSD-con 18e-5,1,1
0.005612615040270773,train_selected_rho,0.005485589815958875,-2.263209277680478,0.016855625656798698,0.5,400,0.6666666666666666,cosine_72000.csv,Cosine,wsdcon_18.csv,WSD-con 18e-5,1,1
0.004701998914275349,train_selected_rho,0.004175459872347813,-11.198195736050764,0.016855625656798698,0.5,400,0.6666666666666666,wsd_20000_24000.csv,WSD sharp,wsdcon_18.csv,WSD-con 18e-5,1,1
0.008173606778800102,train_selected_rho,0.0061762713296145645,-24.436402474927355,0.016855625656798698,0.5,400,0.6666666666666666,wsdcon_3.csv,WSD-con 3e-5,wsdcon_18.csv,WSD-con 18e-5,1,1
0.006687305974578527,train_selected_rho,0.006275860511149401,-6.152634035188709,0.016855625656798698,0.5,400,0.6666666666666666,wsdcon_9.csv,WSD-con 9e-5,wsdcon_18.csv,WSD-con 18e-5,1,1
0.0038535563963712593,train_selected_rho,0.00347525565539113,-9.816924992621367,0.016855625656798698,0.5,400,0.6666666666666666,wsdld_20000_24000.csv,WSD linear,wsdcon_18.csv,WSD-con 18e-5,1,1
0.002504818961791151,none,0.002161215626087792,-13.717691415816102,0.01679338833105189,0.0,25,1.0,wsdcon_18.csv,WSD-con 18e-5,cosine_72000.csv|wsd_20000_24000.csv,Cosine + WSD sharp,2,1
0.004487187642230267,none,0.0027627418928085567,-38.43043542891844,0.01679338833105189,0.0,25,1.0,wsdcon_3.csv,WSD-con 3e-5,cosine_72000.csv|wsd_20000_24000.csv,Cosine + WSD sharp,2,1
0.002926482771138891,none,0.0021921114396653784,-25.09399128250187,0.01679338833105189,0.0,25,1.0,wsdcon_9.csv,WSD-con 9e-5,cosine_72000.csv|wsd_20000_24000.csv,Cosine + WSD sharp,2,1
0.0031360955249893426,none,0.0027595778878973264,-12.005936493063164,0.01679338833105189,0.0,25,1.0,wsdld_20000_24000.csv,WSD linear,cosine_72000.csv|wsd_20000_24000.csv,Cosine + WSD sharp,2,1
0.002504818961791151,constant_0p85,0.002212756126443301,-11.660037703443493,0.014274380081394106,0.0,25,0.85,wsdcon_18.csv,WSD-con 18e-5,cosine_72000.csv|wsd_20000_24000.csv,Cosine + WSD sharp,2,1
0.004487187642230267,constant_0p85,0.0028195300917779917,-37.16487215193433,0.014274380081394106,0.0,25,0.85,wsdcon_3.csv,WSD-con 3e-5,cosine_72000.csv|wsd_20000_24000.csv,Cosine + WSD sharp,2,1
0.002926482771138891,constant_0p85,0.0022353093259558613,-23.617888750257276,0.014274380081394106,0.0,25,0.85,wsdcon_9.csv,WSD-con 9e-5,cosine_72000.csv|wsd_20000_24000.csv,Cosine + WSD sharp,2,1
0.0031360955249893426,constant_0p85,0.0028160555334611316,-10.205046019103591,0.014274380081394106,0.0,25,0.85,wsdld_20000_24000.csv,WSD linear,cosine_72000.csv|wsd_20000_24000.csv,Cosine + WSD sharp,2,1
0.002504818961791151,train_size_rho0p25,0.0021993937744992967,-12.19350348072461,0.014927456294268346,0.25,25,0.8888888888888888,wsdcon_18.csv,WSD-con 18e-5,cosine_72000.csv|wsd_20000_24000.csv,Cosine + WSD sharp,2,1
0.004487187642230267,train_size_rho0p25,0.002795039178615788,-37.71066865332671,0.014927456294268346,0.25,25,0.8888888888888888,wsdcon_3.csv,WSD-con 3e-5,cosine_72000.csv|wsd_20000_24000.csv,Cosine + WSD sharp,2,1
0.002926482771138891,train_size_rho0p25,0.0022207447845403526,-24.11556950064969,0.014927456294268346,0.25,25,0.8888888888888888,wsdcon_9.csv,WSD-con 9e-5,cosine_72000.csv|wsd_20000_24000.csv,Cosine + WSD sharp,2,1
0.0031360955249893426,train_size_rho0p25,0.0028014131809075624,-10.671943549389095,0.014927456294268346,0.25,25,0.8888888888888888,wsdld_20000_24000.csv,WSD linear,cosine_72000.csv|wsd_20000_24000.csv,Cosine + WSD sharp,2,1
0.002504818961791151,train_size_rho0p35,0.0022123905909798075,-11.674630992182887,0.014292245388129269,0.35,25,0.851063829787234,wsdcon_18.csv,WSD-con 18e-5,cosine_72000.csv|wsd_20000_24000.csv,Cosine + WSD sharp,2,1
0.004487187642230267,train_size_rho0p35,0.0028188601275881352,-37.179802755316096,0.014292245388129269,0.35,25,0.851063829787234,wsdcon_3.csv,WSD-con 3e-5,cosine_72000.csv|wsd_20000_24000.csv,Cosine + WSD sharp,2,1
0.002926482771138891,train_size_rho0p35,0.0022348997186507017,-23.631885323522607,0.014292245388129269,0.35,25,0.851063829787234,wsdcon_9.csv,WSD-con 9e-5,cosine_72000.csv|wsd_20000_24000.csv,Cosine + WSD sharp,2,1
0.0031360955249893426,train_size_rho0p35,0.0028156549827833763,-10.217818291968495,0.014292245388129269,0.35,25,0.851063829787234,wsdld_20000_24000.csv,WSD linear,cosine_72000.csv|wsd_20000_24000.csv,Cosine + WSD sharp,2,1
0.002504818961791151,train_size_rho0p5,0.002229936293228489,-10.974153132651887,0.013434710664841512,0.5,25,0.8,wsdcon_18.csv,WSD-con 18e-5,cosine_72000.csv|wsd_20000_24000.csv,Cosine + WSD sharp,2,1
0.004487187642230267,train_size_rho0p5,0.002855574129158136,-36.36160649304093,0.013434710664841512,0.5,25,0.8,wsdcon_3.csv,WSD-con 3e-5,cosine_72000.csv|wsd_20000_24000.csv,Cosine + WSD sharp,2,1
0.002926482771138891,train_size_rho0p5,0.002258890399664752,-22.81210667146124,0.013434710664841512,0.5,25,0.8,wsdcon_9.csv,WSD-con 9e-5,cosine_72000.csv|wsd_20000_24000.csv,Cosine + WSD sharp,2,1
0.0031360955249893426,train_size_rho0p5,0.002834881415315731,-9.604749194450479,0.013434710664841512,0.5,25,0.8,wsdld_20000_24000.csv,WSD linear,cosine_72000.csv|wsd_20000_24000.csv,Cosine + WSD sharp,2,1
0.002504818961791151,train_size_rho0p75,0.00225492562673417,-9.976502847865977,0.012213373331674103,0.75,25,0.7272727272727273,wsdcon_18.csv,WSD-con 18e-5,cosine_72000.csv|wsd_20000_24000.csv,Cosine + WSD sharp,2,1
0.004487187642230267,train_size_rho0p75,0.002927996589873201,-34.7476231589482,0.012213373331674103,0.75,25,0.7272727272727273,wsdcon_3.csv,WSD-con 3e-5,cosine_72000.csv|wsd_20000_24000.csv,Cosine + WSD sharp,2,1
0.002926482771138891,train_size_rho0p75,0.002303990064186789,-21.271019022942973,0.012213373331674103,0.75,25,0.7272727272727273,wsdcon_9.csv,WSD-con 9e-5,cosine_72000.csv|wsd_20000_24000.csv,Cosine + WSD sharp,2,1
0.0031360955249893426,train_size_rho0p75,0.002862264516195158,-8.731590176772919,0.012213373331674103,0.75,25,0.7272727272727273,wsdld_20000_24000.csv,WSD linear,cosine_72000.csv|wsd_20000_24000.csv,Cosine + WSD sharp,2,1
0.002504818961791151,train_size_rho1p0,0.0022757500713222545,-9.14512761054369,0.01119559222070126,1.0,25,0.6666666666666666,wsdcon_18.csv,WSD-con 18e-5,cosine_72000.csv|wsd_20000_24000.csv,Cosine + WSD sharp,2,1
0.004487187642230267,train_size_rho1p0,0.003003432110113852,-33.066491763178064,0.01119559222070126,1.0,25,0.6666666666666666,wsdcon_3.csv,WSD-con 3e-5,cosine_72000.csv|wsd_20000_24000.csv,Cosine + WSD sharp,2,1
0.002926482771138891,train_size_rho1p0,0.0023499438989227164,-19.70074377003096,0.01119559222070126,1.0,25,0.6666666666666666,wsdcon_9.csv,WSD-con 9e-5,cosine_72000.csv|wsd_20000_24000.csv,Cosine + WSD sharp,2,1
0.0031360955249893426,train_size_rho1p0,0.002885083766927998,-8.003957662042115,0.01119559222070126,1.0,25,0.6666666666666666,wsdld_20000_24000.csv,WSD linear,cosine_72000.csv|wsd_20000_24000.csv,Cosine + WSD sharp,2,1
0.002504818961791151,train_selected_rho,0.002161215626087792,-13.717691415816102,0.01679338833105189,0.0,25,1.0,wsdcon_18.csv,WSD-con 18e-5,cosine_72000.csv|wsd_20000_24000.csv,Cosine + WSD sharp,2,1
0.004487187642230267,train_selected_rho,0.0027627418928085567,-38.43043542891844,0.01679338833105189,0.0,25,1.0,wsdcon_3.csv,WSD-con 3e-5,cosine_72000.csv|wsd_20000_24000.csv,Cosine + WSD sharp,2,1
0.002926482771138891,train_selected_rho,0.0021921114396653784,-25.09399128250187,0.01679338833105189,0.0,25,1.0,wsdcon_9.csv,WSD-con 9e-5,cosine_72000.csv|wsd_20000_24000.csv,Cosine + WSD sharp,2,1
0.0031360955249893426,train_selected_rho,0.0027595778878973264,-12.005936493063164,0.01679338833105189,0.0,25,1.0,wsdld_20000_24000.csv,WSD linear,cosine_72000.csv|wsd_20000_24000.csv,Cosine + WSD sharp,2,1
0.0013816404339982303,none,0.001304612288924221,-5.575122381957442,0.02831512160252024,0.0,100,1.0,wsdcon_18.csv,WSD-con 18e-5,cosine_72000.csv|wsd_20000_24000.csv,Cosine + WSD sharp,2,1
0.0056693997340904675,none,0.004795629060629351,-15.412049148820406,0.02831512160252024,0.0,100,1.0,wsdcon_3.csv,WSD-con 3e-5,cosine_72000.csv|wsd_20000_24000.csv,Cosine + WSD sharp,2,1
0.004934623402238123,none,0.004999818927849217,1.3211854339588491,0.02831512160252024,0.0,100,1.0,wsdcon_9.csv,WSD-con 9e-5,cosine_72000.csv|wsd_20000_24000.csv,Cosine + WSD sharp,2,0
0.003248313740665229,none,0.0026171845958379287,-19.42943924800964,0.02831512160252024,0.0,100,1.0,wsdld_20000_24000.csv,WSD linear,cosine_72000.csv|wsd_20000_24000.csv,Cosine + WSD sharp,2,1
0.0013816404339982303,constant_0p85,0.0012361224516547961,-10.532261416404133,0.024067853362142205,0.0,100,0.85,wsdcon_18.csv,WSD-con 18e-5,cosine_72000.csv|wsd_20000_24000.csv,Cosine + WSD sharp,2,1
0.0056693997340904675,constant_0p85,0.004519017173828926,-20.291082199482535,0.024067853362142205,0.0,100,0.85,wsdcon_3.csv,WSD-con 3e-5,cosine_72000.csv|wsd_20000_24000.csv,Cosine + WSD sharp,2,1
0.004934623402238123,constant_0p85,0.004811406998640004,-2.4969768420875615,0.024067853362142205,0.0,100,0.85,wsdcon_9.csv,WSD-con 9e-5,cosine_72000.csv|wsd_20000_24000.csv,Cosine + WSD sharp,2,1
0.003248313740665229,constant_0p85,0.002711853967562021,-16.51502336080828,0.024067853362142205,0.0,100,0.85,wsdld_20000_24000.csv,WSD linear,cosine_72000.csv|wsd_20000_24000.csv,Cosine + WSD sharp,2,1
0.0013816404339982303,train_size_rho0p25,0.0012485321823930869,-9.63407326028748,0.02516899698001799,0.25,100,0.8888888888888888,wsdcon_18.csv,WSD-con 18e-5,cosine_72000.csv|wsd_20000_24000.csv,Cosine + WSD sharp,2,1
0.0056693997340904675,train_size_rho0p25,0.004572880404661773,-19.3410128207269,0.02516899698001799,0.25,100,0.8888888888888888,wsdcon_3.csv,WSD-con 3e-5,cosine_72000.csv|wsd_20000_24000.csv,Cosine + WSD sharp,2,1
0.004934623402238123,train_size_rho0p25,0.004848132805207256,-1.7527294381094793,0.02516899698001799,0.25,100,0.8888888888888888,wsdcon_9.csv,WSD-con 9e-5,cosine_72000.csv|wsd_20000_24000.csv,Cosine + WSD sharp,2,1
0.003248313740665229,train_size_rho0p25,0.0026873100563742916,-17.270612664897577,0.02516899698001799,0.25,100,0.8888888888888888,wsdld_20000_24000.csv,WSD linear,cosine_72000.csv|wsd_20000_24000.csv,Cosine + WSD sharp,2,1
0.0013816404339982303,train_size_rho0p35,0.0012363730451133387,-10.514124030411642,0.02409797583193212,0.35,100,0.851063829787234,wsdcon_18.csv,WSD-con 18e-5,cosine_72000.csv|wsd_20000_24000.csv,Cosine + WSD sharp,2,1
0.0056693997340904675,train_size_rho0p35,0.0045203401411340275,-20.267746972348245,0.02409797583193212,0.35,100,0.851063829787234,wsdcon_3.csv,WSD-con 3e-5,cosine_72000.csv|wsd_20000_24000.csv,Cosine + WSD sharp,2,1
0.004934623402238123,train_size_rho0p35,0.004812257639046806,-2.4797386389368015,0.02409797583193212,0.35,100,0.851063829787234,wsdcon_9.csv,WSD-con 9e-5,cosine_72000.csv|wsd_20000_24000.csv,Cosine + WSD sharp,2,1
0.003248313740665229,train_size_rho0p35,0.002711182553578162,-16.53569297702957,0.02409797583193212,0.35,100,0.851063829787234,wsdld_20000_24000.csv,WSD linear,cosine_72000.csv|wsd_20000_24000.csv,Cosine + WSD sharp,2,1
0.0013816404339982303,train_size_rho0p5,0.0012277289247910586,-11.139765847889837,0.022652097282016195,0.5,100,0.8,wsdcon_18.csv,WSD-con 18e-5,cosine_72000.csv|wsd_20000_24000.csv,Cosine + WSD sharp,2,1
0.0056693997340904675,train_size_rho0p5,0.004466543597820284,-21.216640079854166,0.022652097282016195,0.5,100,0.8,wsdcon_3.csv,WSD-con 3e-5,cosine_72000.csv|wsd_20000_24000.csv,Cosine + WSD sharp,2,1
0.004934623402238123,train_size_rho0p5,0.004771426899520033,-3.3071723901781813,0.022652097282016195,0.5,100,0.8,wsdcon_9.csv,WSD-con 9e-5,cosine_72000.csv|wsd_20000_24000.csv,Cosine + WSD sharp,2,1
0.003248313740665229,train_size_rho0p5,0.002743410424803389,-15.543551398407708,0.022652097282016195,0.5,100,0.8,wsdld_20000_24000.csv,WSD linear,cosine_72000.csv|wsd_20000_24000.csv,Cosine + WSD sharp,2,1
0.0013816404339982303,train_size_rho0p75,0.0012248891198643305,-11.345304485645979,0.020592815710923813,0.75,100,0.7272727272727273,wsdcon_18.csv,WSD-con 18e-5,cosine_72000.csv|wsd_20000_24000.csv,Cosine + WSD sharp,2,1
0.0056693997340904675,train_size_rho0p75,0.0044286537083653744,-21.88496285178847,0.020592815710923813,0.75,100,0.7272727272727273,wsdcon_3.csv,WSD-con 3e-5,cosine_72000.csv|wsd_20000_24000.csv,Cosine + WSD sharp,2,1
0.004934623402238123,train_size_rho0p75,0.004721307867782802,-4.322833113436186,0.020592815710923813,0.75,100,0.7272727272727273,wsdcon_9.csv,WSD-con 9e-5,cosine_72000.csv|wsd_20000_24000.csv,Cosine + WSD sharp,2,1
0.003248313740665229,train_size_rho0p75,0.002789310726245374,-14.13050127127975,0.020592815710923813,0.75,100,0.7272727272727273,wsdld_20000_24000.csv,WSD linear,cosine_72000.csv|wsd_20000_24000.csv,Cosine + WSD sharp,2,1
0.0013816404339982303,train_size_rho1p0,0.0012235688626570844,-11.440861706957573,0.018876747735013494,1.0,100,0.6666666666666666,wsdcon_18.csv,WSD-con 18e-5,cosine_72000.csv|wsd_20000_24000.csv,Cosine + WSD sharp,2,1
0.0056693997340904675,train_size_rho1p0,0.004424849874648848,-21.95205696924245,0.018876747735013494,1.0,100,0.6666666666666666,wsdcon_3.csv,WSD-con 3e-5,cosine_72000.csv|wsd_20000_24000.csv,Cosine + WSD sharp,2,1
0.004934623402238123,train_size_rho1p0,0.004686750288983676,-5.023141444634305,0.018876747735013494,1.0,100,0.6666666666666666,wsdcon_9.csv,WSD-con 9e-5,cosine_72000.csv|wsd_20000_24000.csv,Cosine + WSD sharp,2,1
0.003248313740665229,train_size_rho1p0,0.002827560977447033,-12.952959498672968,0.018876747735013494,1.0,100,0.6666666666666666,wsdld_20000_24000.csv,WSD linear,cosine_72000.csv|wsd_20000_24000.csv,Cosine + WSD sharp,2,1
0.0013816404339982303,train_selected_rho,0.001304612288924221,-5.575122381957442,0.02831512160252024,0.0,100,1.0,wsdcon_18.csv,WSD-con 18e-5,cosine_72000.csv|wsd_20000_24000.csv,Cosine + WSD sharp,2,1
0.0056693997340904675,train_selected_rho,0.004795629060629351,-15.412049148820406,0.02831512160252024,0.0,100,1.0,wsdcon_3.csv,WSD-con 3e-5,cosine_72000.csv|wsd_20000_24000.csv,Cosine + WSD sharp,2,1
0.004934623402238123,train_selected_rho,0.004999818927849217,1.3211854339588491,0.02831512160252024,0.0,100,1.0,wsdcon_9.csv,WSD-con 9e-5,cosine_72000.csv|wsd_20000_24000.csv,Cosine + WSD sharp,2,0
0.003248313740665229,train_selected_rho,0.0026171845958379287,-19.42943924800964,0.02831512160252024,0.0,100,1.0,wsdld_20000_24000.csv,WSD linear,cosine_72000.csv|wsd_20000_24000.csv,Cosine + WSD sharp,2,1
0.0025579541942073844,none,0.0025512967957501973,-0.2602626142509945,0.04984517945783994,0.0,400,1.0,wsdcon_18.csv,WSD-con 18e-5,cosine_72000.csv|wsd_20000_24000.csv,Cosine + WSD sharp,2,1
0.008173606778800102,none,0.006122355902704434,-25.09603081733759,0.04984517945783994,0.0,400,1.0,wsdcon_3.csv,WSD-con 3e-5,cosine_72000.csv|wsd_20000_24000.csv,Cosine + WSD sharp,2,1
0.006687305974578527,none,0.006712797782011539,0.3811969652639968,0.04984517945783994,0.0,400,1.0,wsdcon_9.csv,WSD-con 9e-5,cosine_72000.csv|wsd_20000_24000.csv,Cosine + WSD sharp,2,0
0.0038535563963712593,none,0.002734851656059071,-29.0304494146142,0.04984517945783994,0.0,400,1.0,wsdld_20000_24000.csv,WSD linear,cosine_72000.csv|wsd_20000_24000.csv,Cosine + WSD sharp,2,1
0.0025579541942073844,constant_0p85,0.002454518002191904,-4.043707750893932,0.04236840253916395,0.0,400,0.85,wsdcon_18.csv,WSD-con 18e-5,cosine_72000.csv|wsd_20000_24000.csv,Cosine + WSD sharp,2,1
0.008173606778800102,constant_0p85,0.005301891648417341,-35.13400152587636,0.04236840253916395,0.0,400,0.85,wsdcon_3.csv,WSD-con 3e-5,cosine_72000.csv|wsd_20000_24000.csv,Cosine + WSD sharp,2,1
0.006687305974578527,constant_0p85,0.0063695749334957575,-4.75125622022694,0.04236840253916395,0.0,400,0.85,wsdcon_9.csv,WSD-con 9e-5,cosine_72000.csv|wsd_20000_24000.csv,Cosine + WSD sharp,2,1
0.0038535563963712593,constant_0p85,0.0029026573671058964,-24.675882002422146,0.04236840253916395,0.0,400,0.85,wsdld_20000_24000.csv,WSD linear,cosine_72000.csv|wsd_20000_24000.csv,Cosine + WSD sharp,2,1
0.0025579541942073844,train_size_rho0p25,0.0024777863893015294,-3.134059440446546,0.044306826184746614,0.25,400,0.8888888888888888,wsdcon_18.csv,WSD-con 18e-5,cosine_72000.csv|wsd_20000_24000.csv,Cosine + WSD sharp,2,1
0.008173606778800102,train_size_rho0p25,0.005459669417600162,-33.20366925699294,0.044306826184746614,0.25,400,0.8888888888888888,wsdcon_3.csv,WSD-con 3e-5,cosine_72000.csv|wsd_20000_24000.csv,Cosine + WSD sharp,2,1
0.006687305974578527,train_size_rho0p25,0.006449552721152819,-3.55529198648179,0.044306826184746614,0.25,400,0.8888888888888888,wsdcon_9.csv,WSD-con 9e-5,cosine_72000.csv|wsd_20000_24000.csv,Cosine + WSD sharp,2,1
0.0038535563963712593,train_size_rho0p25,0.002859152182760423,-25.804843924101572,0.044306826184746614,0.25,400,0.8888888888888888,wsdld_20000_24000.csv,WSD linear,cosine_72000.csv|wsd_20000_24000.csv,Cosine + WSD sharp,2,1
0.0025579541942073844,train_size_rho0p35,0.0024551545234198337,-4.018823754559242,0.04242142932582123,0.35,400,0.851063829787234,wsdcon_18.csv,WSD-con 18e-5,cosine_72000.csv|wsd_20000_24000.csv,Cosine + WSD sharp,2,1
0.008173606778800102,train_size_rho0p35,0.0053053468977972106,-35.09172827401365,0.04242142932582123,0.35,400,0.851063829787234,wsdcon_3.csv,WSD-con 3e-5,cosine_72000.csv|wsd_20000_24000.csv,Cosine + WSD sharp,2,1
0.006687305974578527,train_size_rho0p35,0.006371554441989988,-4.721655234392652,0.04242142932582123,0.35,400,0.851063829787234,wsdcon_9.csv,WSD-con 9e-5,cosine_72000.csv|wsd_20000_24000.csv,Cosine + WSD sharp,2,1
0.0038535563963712593,train_size_rho0p35,0.002901467255680041,-24.706765459245982,0.04242142932582123,0.35,400,0.851063829787234,wsdld_20000_24000.csv,WSD linear,cosine_72000.csv|wsd_20000_24000.csv,Cosine + WSD sharp,2,1
0.0025579541942073844,train_size_rho0p5,0.002424601504479544,-5.213255578611397,0.039876143566271956,0.5,400,0.8,wsdcon_18.csv,WSD-con 18e-5,cosine_72000.csv|wsd_20000_24000.csv,Cosine + WSD sharp,2,1
0.008173606778800102,train_size_rho0p5,0.005160111377272938,-36.86861238961572,0.039876143566271956,0.5,400,0.8,wsdcon_3.csv,WSD-con 3e-5,cosine_72000.csv|wsd_20000_24000.csv,Cosine + WSD sharp,2,1
0.006687305974578527,train_size_rho0p5,0.006277883478701133,-6.122383175434088,0.039876143566271956,0.5,400,0.8,wsdcon_9.csv,WSD-con 9e-5,cosine_72000.csv|wsd_20000_24000.csv,Cosine + WSD sharp,2,1
0.0038535563963712593,train_size_rho0p5,0.0029585926041215123,-23.224359531691263,0.039876143566271956,0.5,400,0.8,wsdld_20000_24000.csv,WSD linear,cosine_72000.csv|wsd_20000_24000.csv,Cosine + WSD sharp,2,1
0.0025579541942073844,train_size_rho0p75,0.0023951250746838642,-6.365599504958097,0.03625103960570178,0.75,400,0.7272727272727273,wsdcon_18.csv,WSD-con 18e-5,cosine_72000.csv|wsd_20000_24000.csv,Cosine + WSD sharp,2,1
0.008173606778800102,train_size_rho0p75,0.005065163503094793,-38.03025224760853,0.03625103960570178,0.75,400,0.7272727272727273,wsdcon_3.csv,WSD-con 3e-5,cosine_72000.csv|wsd_20000_24000.csv,Cosine + WSD sharp,2,1
0.006687305974578527,train_size_rho0p75,0.006189969702888714,-7.437019834002112,0.03625103960570178,0.75,400,0.7272727272727273,wsdcon_9.csv,WSD-con 9e-5,cosine_72000.csv|wsd_20000_24000.csv,Cosine + WSD sharp,2,1
0.0038535563963712593,train_size_rho0p75,0.0030399529488714908,-21.113054119719298,0.03625103960570178,0.75,400,0.7272727272727273,wsdld_20000_24000.csv,WSD linear,cosine_72000.csv|wsd_20000_24000.csv,Cosine + WSD sharp,2,1
0.0025579541942073844,train_size_rho1p0,0.002383955763827559,-6.8022496561452765,0.03323011963855996,1.0,400,0.6666666666666666,wsdcon_18.csv,WSD-con 18e-5,cosine_72000.csv|wsd_20000_24000.csv,Cosine + WSD sharp,2,1
0.008173606778800102,train_size_rho1p0,0.005085825094220633,-37.77746799109855,0.03323011963855996,1.0,400,0.6666666666666666,wsdcon_3.csv,WSD-con 3e-5,cosine_72000.csv|wsd_20000_24000.csv,Cosine + WSD sharp,2,1
0.006687305974578527,train_size_rho1p0,0.006145734568326995,-8.098498981657043,0.03323011963855996,1.0,400,0.6666666666666666,wsdcon_9.csv,WSD-con 9e-5,cosine_72000.csv|wsd_20000_24000.csv,Cosine + WSD sharp,2,1
0.0038535563963712593,train_size_rho1p0,0.0031077532361631337,-19.35363294307614,0.03323011963855996,1.0,400,0.6666666666666666,wsdld_20000_24000.csv,WSD linear,cosine_72000.csv|wsd_20000_24000.csv,Cosine + WSD sharp,2,1
0.0025579541942073844,train_selected_rho,0.0025512967957501973,-0.2602626142509945,0.04984517945783994,0.0,400,1.0,wsdcon_18.csv,WSD-con 18e-5,cosine_72000.csv|wsd_20000_24000.csv,Cosine + WSD sharp,2,1
0.008173606778800102,train_selected_rho,0.006122355902704434,-25.09603081733759,0.04984517945783994,0.0,400,1.0,wsdcon_3.csv,WSD-con 3e-5,cosine_72000.csv|wsd_20000_24000.csv,Cosine + WSD sharp,2,1
0.006687305974578527,train_selected_rho,0.006712797782011539,0.3811969652639968,0.04984517945783994,0.0,400,1.0,wsdcon_9.csv,WSD-con 9e-5,cosine_72000.csv|wsd_20000_24000.csv,Cosine + WSD sharp,2,0
0.0038535563963712593,train_selected_rho,0.002734851656059071,-29.0304494146142,0.04984517945783994,0.0,400,1.0,wsdld_20000_24000.csv,WSD linear,cosine_72000.csv|wsd_20000_24000.csv,Cosine + WSD sharp,2,1
0.003408385839825258,none,0.0028099048017264953,-17.55907535777832,0.019208466224134472,0.0,25,1.0,wsd_20000_24000.csv,WSD sharp,cosine_72000.csv|wsdld_20000_24000.csv,Cosine + WSD linear,2,1
0.002504818961791151,none,0.0021118016064934453,-15.690449541178253,0.019208466224134472,0.0,25,1.0,wsdcon_18.csv,WSD-con 18e-5,cosine_72000.csv|wsdld_20000_24000.csv,Cosine + WSD linear,2,1
0.004487187642230267,none,0.0028202713276515,-37.148353211060716,0.019208466224134472,0.0,25,1.0,wsdcon_3.csv,WSD-con 3e-5,cosine_72000.csv|wsdld_20000_24000.csv,Cosine + WSD linear,2,1
0.002926482771138891,none,0.0022695261268728117,-22.448676299926174,0.019208466224134472,0.0,25,1.0,wsdcon_9.csv,WSD-con 9e-5,cosine_72000.csv|wsdld_20000_24000.csv,Cosine + WSD linear,2,1
0.003408385839825258,constant_0p85,0.0028996769574413145,-14.925214054111436,0.016327196290514302,0.0,25,0.85,wsd_20000_24000.csv,WSD sharp,cosine_72000.csv|wsdld_20000_24000.csv,Cosine + WSD linear,2,1
0.002504818961791151,constant_0p85,0.002170754209788102,-13.336882110001492,0.016327196290514302,0.0,25,0.85,wsdcon_18.csv,WSD-con 18e-5,cosine_72000.csv|wsdld_20000_24000.csv,Cosine + WSD linear,2,1
0.004487187642230267,constant_0p85,0.0027669424715138767,-38.336822702189856,0.016327196290514302,0.0,25,0.85,wsdcon_3.csv,WSD-con 3e-5,cosine_72000.csv|wsdld_20000_24000.csv,Cosine + WSD linear,2,1
0.002926482771138891,constant_0p85,0.002196728767999428,-24.936213885703708,0.016327196290514302,0.0,25,0.85,wsdcon_9.csv,WSD-con 9e-5,cosine_72000.csv|wsdld_20000_24000.csv,Cosine + WSD linear,2,1
0.003408385839825258,train_size_rho0p25,0.002876402694848582,-15.608066984691781,0.01707419219923064,0.25,25,0.8888888888888888,wsd_20000_24000.csv,WSD sharp,cosine_72000.csv|wsdld_20000_24000.csv,Cosine + WSD linear,2,1
0.002504818961791151,train_size_rho0p25,0.002155470201526522,-13.947066258825181,0.01707419219923064,0.25,25,0.8888888888888888,wsdcon_18.csv,WSD-con 18e-5,cosine_72000.csv|wsdld_20000_24000.csv,Cosine + WSD linear,2,1
0.004487187642230267,train_size_rho0p25,0.002763410374282788,-38.41553786885342,0.01707419219923064,0.25,25,0.8888888888888888,wsdcon_3.csv,WSD-con 3e-5,cosine_72000.csv|wsdld_20000_24000.csv,Cosine + WSD linear,2,1
0.002926482771138891,train_size_rho0p25,0.0021906522811629687,-25.14385176747721,0.01707419219923064,0.25,25,0.8888888888888888,wsdcon_9.csv,WSD-con 9e-5,cosine_72000.csv|wsdld_20000_24000.csv,Cosine + WSD linear,2,1
0.003408385839825258,train_size_rho0p35,0.002899040275485883,-14.94389392151353,0.016347630829050615,0.35,25,0.851063829787234,wsd_20000_24000.csv,WSD sharp,cosine_72000.csv|wsdld_20000_24000.csv,Cosine + WSD linear,2,1
0.002504818961791151,train_size_rho0p35,0.0021703361062186143,-13.353574077599362,0.016347630829050615,0.35,25,0.851063829787234,wsdcon_18.csv,WSD-con 18e-5,cosine_72000.csv|wsdld_20000_24000.csv,Cosine + WSD linear,2,1
0.004487187642230267,train_size_rho0p35,0.002766758348062673,-38.340926017359266,0.016347630829050615,0.35,25,0.851063829787234,wsdcon_3.csv,WSD-con 3e-5,cosine_72000.csv|wsdld_20000_24000.csv,Cosine + WSD linear,2,1
0.002926482771138891,train_size_rho0p35,0.0021964402231464675,-24.94607366877868,0.016347630829050615,0.35,25,0.851063829787234,wsdcon_9.csv,WSD-con 9e-5,cosine_72000.csv|wsdld_20000_24000.csv,Cosine + WSD linear,2,1
0.003408385839825258,train_size_rho0p5,0.0029296010093462447,-14.047260286222752,0.015366772979307579,0.5,25,0.8,wsd_20000_24000.csv,WSD sharp,cosine_72000.csv|wsdld_20000_24000.csv,Cosine + WSD linear,2,1
0.002504818961791151,train_size_rho0p5,0.002190405077552989,-12.552359632942501,0.015366772979307579,0.5,25,0.8,wsdcon_18.csv,WSD-con 18e-5,cosine_72000.csv|wsdld_20000_24000.csv,Cosine + WSD linear,2,1
0.004487187642230267,train_size_rho0p5,0.0027816708202816616,-38.008591526181704,0.015366772979307579,0.5,25,0.8,wsdcon_3.csv,WSD-con 3e-5,cosine_72000.csv|wsdld_20000_24000.csv,Cosine + WSD linear,2,1
0.002926482771138891,train_size_rho0p5,0.0022124955806633977,-24.397450670711883,0.015366772979307579,0.5,25,0.8,wsdcon_9.csv,WSD-con 9e-5,cosine_72000.csv|wsdld_20000_24000.csv,Cosine + WSD linear,2,1
0.003408385839825258,train_size_rho0p75,0.00297312690302615,-12.770236623839015,0.013969793617552344,0.75,25,0.7272727272727273,wsd_20000_24000.csv,WSD sharp,cosine_72000.csv|wsdld_20000_24000.csv,Cosine + WSD linear,2,1
0.002504818961791151,train_size_rho0p75,0.0022189881579382747,-11.41123602994779,0.013969793617552344,0.75,25,0.7272727272727273,wsdcon_18.csv,WSD-con 18e-5,cosine_72000.csv|wsdld_20000_24000.csv,Cosine + WSD linear,2,1
0.004487187642230267,train_size_rho0p75,0.0028309523431006797,-36.910319585084004,0.013969793617552344,0.75,25,0.7272727272727273,wsdcon_3.csv,WSD-con 3e-5,cosine_72000.csv|wsdld_20000_24000.csv,Cosine + WSD linear,2,1
0.002926482771138891,train_size_rho0p75,0.0022436102219219422,-23.33424122470391,0.013969793617552344,0.75,25,0.7272727272727273,wsdcon_9.csv,WSD-con 9e-5,cosine_72000.csv|wsdld_20000_24000.csv,Cosine + WSD linear,2,1
0.003408385839825258,train_size_rho1p0,0.0030093984810927554,-11.706050238518706,0.01280564414942298,1.0,25,0.6666666666666666,wsd_20000_24000.csv,WSD sharp,cosine_72000.csv|wsdld_20000_24000.csv,Cosine + WSD linear,2,1
0.002504818961791151,train_size_rho1p0,0.002242807391592662,-10.460299694119579,0.01280564414942298,1.0,25,0.6666666666666666,wsdcon_18.csv,WSD-con 18e-5,cosine_72000.csv|wsdld_20000_24000.csv,Cosine + WSD linear,2,1
0.004487187642230267,train_size_rho1p0,0.002890747973075945,-35.57773368177766,0.01280564414942298,1.0,25,0.6666666666666666,wsdcon_3.csv,WSD-con 3e-5,cosine_72000.csv|wsdld_20000_24000.csv,Cosine + WSD linear,2,1
0.002926482771138891,train_size_rho1p0,0.0022783485909511434,-22.14720642061101,0.01280564414942298,1.0,25,0.6666666666666666,wsdcon_9.csv,WSD-con 9e-5,cosine_72000.csv|wsdld_20000_24000.csv,Cosine + WSD linear,2,1
0.003408385839825258,train_selected_rho,0.0028099048017264953,-17.55907535777832,0.019208466224134472,0.0,25,1.0,wsd_20000_24000.csv,WSD sharp,cosine_72000.csv|wsdld_20000_24000.csv,Cosine + WSD linear,2,1
0.002504818961791151,train_selected_rho,0.0021118016064934453,-15.690449541178253,0.019208466224134472,0.0,25,1.0,wsdcon_18.csv,WSD-con 18e-5,cosine_72000.csv|wsdld_20000_24000.csv,Cosine + WSD linear,2,1
0.004487187642230267,train_selected_rho,0.0028202713276515,-37.148353211060716,0.019208466224134472,0.0,25,1.0,wsdcon_3.csv,WSD-con 3e-5,cosine_72000.csv|wsdld_20000_24000.csv,Cosine + WSD linear,2,1
0.002926482771138891,train_selected_rho,0.0022695261268728117,-22.448676299926174,0.019208466224134472,0.0,25,1.0,wsdcon_9.csv,WSD-con 9e-5,cosine_72000.csv|wsdld_20000_24000.csv,Cosine + WSD linear,2,1
0.0037480705220761528,none,0.0027613412712384714,-26.32632563944145,0.0318557243693329,0.0,100,1.0,wsd_20000_24000.csv,WSD sharp,cosine_72000.csv|wsdld_20000_24000.csv,Cosine + WSD linear,2,1
0.0013816404339982303,none,0.0013677267167983467,-1.0070432840199817,0.0318557243693329,0.0,100,1.0,wsdcon_18.csv,WSD-con 18e-5,cosine_72000.csv|wsdld_20000_24000.csv,Cosine + WSD linear,2,1
0.0056693997340904675,none,0.005180601638608422,-8.621690450628671,0.0318557243693329,0.0,100,1.0,wsdcon_3.csv,WSD-con 3e-5,cosine_72000.csv|wsdld_20000_24000.csv,Cosine + WSD linear,2,1
0.004934623402238123,none,0.005208635667686333,5.552850605051862,0.0318557243693329,0.0,100,1.0,wsdcon_9.csv,WSD-con 9e-5,cosine_72000.csv|wsdld_20000_24000.csv,Cosine + WSD linear,2,0
0.0037480705220761528,constant_0p85,0.0029093506588641206,-22.377376793525315,0.027077365713932964,0.0,100,0.85,wsd_20000_24000.csv,WSD sharp,cosine_72000.csv|wsdld_20000_24000.csv,Cosine + WSD linear,2,1
0.0013816404339982303,constant_0p85,0.0012825491190182716,-7.172004563676926,0.027077365713932964,0.0,100,0.85,wsdcon_18.csv,WSD-con 18e-5,cosine_72000.csv|wsdld_20000_24000.csv,Cosine + WSD linear,2,1
0.0056693997340904675,constant_0p85,0.00469612726436727,-17.16711672085578,0.027077365713932964,0.0,100,0.85,wsdcon_3.csv,WSD-con 3e-5,cosine_72000.csv|wsdld_20000_24000.csv,Cosine + WSD linear,2,1
0.004934623402238123,constant_0p85,0.004933584889410809,-0.021045432298694156,0.027077365713932964,0.0,100,0.85,wsdcon_9.csv,WSD-con 9e-5,cosine_72000.csv|wsdld_20000_24000.csv,Cosine + WSD linear,2,1
0.0037480705220761528,train_size_rho0p25,0.0028709778546648764,-23.401178346170294,0.02831619943940702,0.25,100,0.8888888888888888,wsd_20000_24000.csv,WSD sharp,cosine_72000.csv|wsdld_20000_24000.csv,Cosine + WSD linear,2,1
0.0013816404339982303,train_size_rho0p25,0.0013046315015157958,-5.573731818168048,0.02831619943940702,0.25,100,0.8888888888888888,wsdcon_18.csv,WSD-con 18e-5,cosine_72000.csv|wsdld_20000_24000.csv,Cosine + WSD linear,2,1
0.0056693997340904675,train_size_rho0p25,0.004795724014675343,-15.410374296976382,0.02831619943940702,0.25,100,0.8888888888888888,wsdcon_3.csv,WSD-con 3e-5,cosine_72000.csv|wsdld_20000_24000.csv,Cosine + WSD linear,2,1
0.004934623402238123,train_size_rho0p25,0.0049998824962299866,1.3224736453498087,0.02831619943940702,0.25,100,0.8888888888888888,wsdcon_9.csv,WSD-con 9e-5,cosine_72000.csv|wsdld_20000_24000.csv,Cosine + WSD linear,2,0
0.0037480705220761528,train_size_rho0p35,0.0029083009468951447,-22.405383522928968,0.027111254782410978,0.35,100,0.851063829787234,wsd_20000_24000.csv,WSD sharp,cosine_72000.csv|wsdld_20000_24000.csv,Cosine + WSD linear,2,1
0.0013816404339982303,train_size_rho0p35,0.0012831531963510264,-7.128282816839604,0.027111254782410978,0.35,100,0.851063829787234,wsdcon_18.csv,WSD-con 18e-5,cosine_72000.csv|wsdld_20000_24000.csv,Cosine + WSD linear,2,1
0.0056693997340904675,train_size_rho0p35,0.004698716677045554,-17.121443231602353,0.027111254782410978,0.35,100,0.851063829787234,wsdcon_3.csv,WSD-con 3e-5,cosine_72000.csv|wsdld_20000_24000.csv,Cosine + WSD linear,2,1
0.004934623402238123,train_size_rho0p35,0.004935195680462605,0.011597201606572405,0.027111254782410978,0.35,100,0.851063829787234,wsdcon_9.csv,WSD-con 9e-5,cosine_72000.csv|wsdld_20000_24000.csv,Cosine + WSD linear,2,0
0.0037480705220761528,train_size_rho0p5,0.0029586871214060144,-21.061060511552988,0.02548457949546632,0.5,100,0.8,wsd_20000_24000.csv,WSD sharp,cosine_72000.csv|wsdld_20000_24000.csv,Cosine + WSD linear,2,1
0.0013816404339982303,train_size_rho0p5,0.0012541574843786395,-9.226926665042445,0.02548457949546632,0.5,100,0.8,wsdcon_18.csv,WSD-con 18e-5,cosine_72000.csv|wsdld_20000_24000.csv,Cosine + WSD linear,2,1
0.0056693997340904675,train_size_rho0p5,0.004590027942594911,-19.038555087326515,0.02548457949546632,0.5,100,0.8,wsdcon_3.csv,WSD-con 3e-5,cosine_72000.csv|wsdld_20000_24000.csv,Cosine + WSD linear,2,1
0.004934623402238123,train_size_rho0p5,0.004859913610897033,-1.5139917527891789,0.02548457949546632,0.5,100,0.8,wsdcon_9.csv,WSD-con 9e-5,cosine_72000.csv|wsdld_20000_24000.csv,Cosine + WSD linear,2,1
0.0037480705220761528,train_size_rho0p75,0.0030304492487396527,-19.146418646866636,0.02316779954133302,0.75,100,0.7272727272727273,wsd_20000_24000.csv,WSD sharp,cosine_72000.csv|wsdld_20000_24000.csv,Cosine + WSD linear,2,1
0.0013816404339982303,train_size_rho0p75,0.0012305131597780336,-10.93824923629807,0.02316779954133302,0.75,100,0.7272727272727273,wsdcon_18.csv,WSD-con 18e-5,cosine_72000.csv|wsdld_20000_24000.csv,Cosine + WSD linear,2,1
0.0056693997340904675,train_size_rho0p75,0.004484023582327308,-20.908318470391418,0.02316779954133302,0.75,100,0.7272727272727273,wsdcon_3.csv,WSD-con 3e-5,cosine_72000.csv|wsdld_20000_24000.csv,Cosine + WSD linear,2,1
0.004934623402238123,train_size_rho0p75,0.004785990020761969,-3.012051160960749,0.02316779954133302,0.75,100,0.7272727272727273,wsdcon_9.csv,WSD-con 9e-5,cosine_72000.csv|wsdld_20000_24000.csv,Cosine + WSD linear,2,1
0.0037480705220761528,train_size_rho1p0,0.003090251021517695,-17.550883759627723,0.021237149579555265,1.0,100,0.6666666666666666,wsd_20000_24000.csv,WSD sharp,cosine_72000.csv|wsdld_20000_24000.csv,Cosine + WSD linear,2,1
0.0013816404339982303,train_size_rho1p0,0.0012253848382425586,-11.30942551409666,0.021237149579555265,1.0,100,0.6666666666666666,wsdcon_18.csv,WSD-con 18e-5,cosine_72000.csv|wsdld_20000_24000.csv,Cosine + WSD linear,2,1
0.0056693997340904675,train_size_rho1p0,0.004436571503677121,-21.745304410275935,0.021237149579555265,1.0,100,0.6666666666666666,wsdcon_3.csv,WSD-con 3e-5,cosine_72000.csv|wsdld_20000_24000.csv,Cosine + WSD linear,2,1
0.004934623402238123,train_size_rho1p0,0.00473428323866015,-4.059887599266587,0.021237149579555265,1.0,100,0.6666666666666666,wsdcon_9.csv,WSD-con 9e-5,cosine_72000.csv|wsdld_20000_24000.csv,Cosine + WSD linear,2,1
0.0037480705220761528,train_selected_rho,0.0027613412712384714,-26.32632563944145,0.0318557243693329,0.0,100,1.0,wsd_20000_24000.csv,WSD sharp,cosine_72000.csv|wsdld_20000_24000.csv,Cosine + WSD linear,2,1
0.0013816404339982303,train_selected_rho,0.0013677267167983467,-1.0070432840199817,0.0318557243693329,0.0,100,1.0,wsdcon_18.csv,WSD-con 18e-5,cosine_72000.csv|wsdld_20000_24000.csv,Cosine + WSD linear,2,1
0.0056693997340904675,train_selected_rho,0.005180601638608422,-8.621690450628671,0.0318557243693329,0.0,100,1.0,wsdcon_3.csv,WSD-con 3e-5,cosine_72000.csv|wsdld_20000_24000.csv,Cosine + WSD linear,2,1
0.004934623402238123,train_selected_rho,0.005208635667686333,5.552850605051862,0.0318557243693329,0.0,100,1.0,wsdcon_9.csv,WSD-con 9e-5,cosine_72000.csv|wsdld_20000_24000.csv,Cosine + WSD linear,2,0
0.004701998914275349,none,0.002990590827793919,-36.39745813818812,0.055207256473038306,0.0,400,1.0,wsd_20000_24000.csv,WSD sharp,cosine_72000.csv|wsdld_20000_24000.csv,Cosine + WSD linear,2,1
0.0025579541942073844,none,0.002646918044133251,3.477929750553388,0.055207256473038306,0.0,400,1.0,wsdcon_18.csv,WSD-con 18e-5,cosine_72000.csv|wsdld_20000_24000.csv,Cosine + WSD linear,2,0
0.008173606778800102,none,0.0069902308343881454,-14.478014130570626,0.055207256473038306,0.0,400,1.0,wsdcon_3.csv,WSD-con 3e-5,cosine_72000.csv|wsdld_20000_24000.csv,Cosine + WSD linear,2,1
0.006687305974578527,none,0.0069882456082869405,4.500162469796076,0.055207256473038306,0.0,400,1.0,wsdcon_9.csv,WSD-con 9e-5,cosine_72000.csv|wsdld_20000_24000.csv,Cosine + WSD linear,2,0
0.004701998914275349,constant_0p85,0.0032447288384400007,-30.992565128227724,0.04692616800208256,0.0,400,0.85,wsd_20000_24000.csv,WSD sharp,cosine_72000.csv|wsdld_20000_24000.csv,Cosine + WSD linear,2,1
0.0025579541942073844,constant_0p85,0.0025092283599548793,-1.904875167930964,0.04692616800208256,0.0,400,0.85,wsdcon_18.csv,WSD-con 18e-5,cosine_72000.csv|wsdld_20000_24000.csv,Cosine + WSD linear,2,1
0.008173606778800102,constant_0p85,0.0057343284246601685,-29.84335337083617,0.04692616800208256,0.0,400,0.85,wsdcon_3.csv,WSD-con 3e-5,cosine_72000.csv|wsdld_20000_24000.csv,Cosine + WSD linear,2,1
0.006687305974578527,constant_0p85,0.006574053409735511,-1.6935454318008025,0.04692616800208256,0.0,400,0.85,wsdcon_9.csv,WSD-con 9e-5,cosine_72000.csv|wsdld_20000_24000.csv,Cosine + WSD linear,2,1
0.004701998914275349,train_size_rho0p25,0.0031788412060502706,-32.39383368636572,0.04907311686492294,0.25,400,0.8888888888888888,wsd_20000_24000.csv,WSD sharp,cosine_72000.csv|wsdld_20000_24000.csv,Cosine + WSD linear,2,1
0.0025579541942073844,train_size_rho0p25,0.002537528700149309,-0.7985089844192661,0.04907311686492294,0.25,400,0.8888888888888888,wsdcon_18.csv,WSD-con 18e-5,cosine_72000.csv|wsdld_20000_24000.csv,Cosine + WSD linear,2,1
0.008173606778800102,train_size_rho0p25,0.006014569321016202,-26.41474585471617,0.04907311686492294,0.25,400,0.8888888888888888,wsdcon_3.csv,WSD-con 3e-5,cosine_72000.csv|wsdld_20000_24000.csv,Cosine + WSD linear,2,1
0.006687305974578527,train_size_rho0p25,0.006676100653056862,-0.1675610711437736,0.04907311686492294,0.25,400,0.8888888888888888,wsdcon_9.csv,WSD-con 9e-5,cosine_72000.csv|wsdld_20000_24000.csv,Cosine + WSD linear,2,1
0.004701998914275349,train_size_rho0p35,0.0032429264412013837,-31.030897702766293,0.04698489912599005,0.35,400,0.851063829787234,wsd_20000_24000.csv,WSD sharp,cosine_72000.csv|wsdld_20000_24000.csv,Cosine + WSD linear,2,1
0.0025579541942073844,train_size_rho0p35,0.002509933354721921,-1.8773142847596347,0.04698489912599005,0.35,400,0.851063829787234,wsdcon_18.csv,WSD-con 18e-5,cosine_72000.csv|wsdld_20000_24000.csv,Cosine + WSD linear,2,1
0.008173606778800102,train_size_rho0p35,0.005741575146595288,-29.75469334434805,0.04698489912599005,0.35,400,0.851063829787234,wsdcon_3.csv,WSD-con 3e-5,cosine_72000.csv|wsdld_20000_24000.csv,Cosine + WSD linear,2,1
0.006687305974578527,train_size_rho0p35,0.0065768449756622195,-1.6518011787739373,0.04698489912599005,0.35,400,0.851063829787234,wsdcon_9.csv,WSD-con 9e-5,cosine_72000.csv|wsdld_20000_24000.csv,Cosine + WSD linear,2,1
0.004701998914275349,train_size_rho0p5,0.0033294415086553624,-29.190934124907574,0.04416580517843065,0.5,400,0.8,wsd_20000_24000.csv,WSD sharp,cosine_72000.csv|wsdld_20000_24000.csv,Cosine + WSD linear,2,1
0.0025579541942073844,train_size_rho0p5,0.002476093605903524,-3.2002366769990576,0.04416580517843065,0.5,400,0.8,wsdcon_18.csv,WSD-con 18e-5,cosine_72000.csv|wsdld_20000_24000.csv,Cosine + WSD linear,2,1
0.008173606778800102,train_size_rho0p5,0.005447245909658383,-33.35566467686072,0.04416580517843065,0.5,400,0.8,wsdcon_3.csv,WSD-con 3e-5,cosine_72000.csv|wsdld_20000_24000.csv,Cosine + WSD linear,2,1
0.006687305974578527,train_size_rho0p5,0.006442849811179473,-3.655525324074338,0.04416580517843065,0.5,400,0.8,wsdcon_9.csv,WSD-con 9e-5,cosine_72000.csv|wsdld_20000_24000.csv,Cosine + WSD linear,2,1
0.004701998914275349,train_size_rho0p75,0.0034526599380595097,-26.570379938260402,0.0401507319803915,0.75,400,0.7272727272727273,wsd_20000_24000.csv,WSD sharp,cosine_72000.csv|wsdld_20000_24000.csv,Cosine + WSD linear,2,1
0.0025579541942073844,train_size_rho0p75,0.002427897600010618,-5.0843988720081885,0.0401507319803915,0.75,400,0.7272727272727273,wsdcon_18.csv,WSD-con 18e-5,cosine_72000.csv|wsdld_20000_24000.csv,Cosine + WSD linear,2,1
0.008173606778800102,train_size_rho0p75,0.005172171194969482,-36.7210665384032,0.0401507319803915,0.75,400,0.7272727272727273,wsdcon_3.csv,WSD-con 3e-5,cosine_72000.csv|wsdld_20000_24000.csv,Cosine + WSD linear,2,1
0.006687305974578527,train_size_rho0p75,0.006286788515814327,-5.989219878479446,0.0401507319803915,0.75,400,0.7272727272727273,wsdcon_9.csv,WSD-con 9e-5,cosine_72000.csv|wsdld_20000_24000.csv,Cosine + WSD linear,2,1
0.004701998914275349,train_size_rho1p0,0.003555341962562977,-24.386584782720856,0.036804837648692204,1.0,400,0.6666666666666666,wsd_20000_24000.csv,WSD sharp,cosine_72000.csv|wsdld_20000_24000.csv,Cosine + WSD linear,2,1
0.0025579541942073844,train_size_rho1p0,0.00239900961687642,-6.2137382166929545,0.036804837648692204,1.0,400,0.6666666666666666,wsdcon_18.csv,WSD-con 18e-5,cosine_72000.csv|wsdld_20000_24000.csv,Cosine + WSD linear,2,1
0.008173606778800102,train_size_rho1p0,0.005071078794751974,-37.957881606136965,0.036804837648692204,1.0,400,0.6666666666666666,wsdcon_3.csv,WSD-con 3e-5,cosine_72000.csv|wsdld_20000_24000.csv,Cosine + WSD linear,2,1
0.006687305974578527,train_size_rho1p0,0.006201121894863682,-7.270253246420177,0.036804837648692204,1.0,400,0.6666666666666666,wsdcon_9.csv,WSD-con 9e-5,cosine_72000.csv|wsdld_20000_24000.csv,Cosine + WSD linear,2,1
0.004701998914275349,train_selected_rho,0.002990590827793919,-36.39745813818812,0.055207256473038306,0.0,400,1.0,wsd_20000_24000.csv,WSD sharp,cosine_72000.csv|wsdld_20000_24000.csv,Cosine + WSD linear,2,1
0.0025579541942073844,train_selected_rho,0.002646918044133251,3.477929750553388,0.055207256473038306,0.0,400,1.0,wsdcon_18.csv,WSD-con 18e-5,cosine_72000.csv|wsdld_20000_24000.csv,Cosine + WSD linear,2,0
0.008173606778800102,train_selected_rho,0.0069902308343881454,-14.478014130570626,0.055207256473038306,0.0,400,1.0,wsdcon_3.csv,WSD-con 3e-5,cosine_72000.csv|wsdld_20000_24000.csv,Cosine + WSD linear,2,1
0.006687305974578527,train_selected_rho,0.0069882456082869405,4.500162469796076,0.055207256473038306,0.0,400,1.0,wsdcon_9.csv,WSD-con 9e-5,cosine_72000.csv|wsdld_20000_24000.csv,Cosine + WSD linear,2,0
0.003408385839825258,none,0.0031435413959859694,-7.770377424548469,0.008500278589105875,0.0,25,1.0,wsd_20000_24000.csv,WSD sharp,cosine_72000.csv|wsdcon_3.csv,Cosine + WSD-con 3e-5,2,1
0.002504818961791151,none,0.0023308978911859937,-6.9434587192995885,0.008500278589105875,0.0,25,1.0,wsdcon_18.csv,WSD-con 18e-5,cosine_72000.csv|wsdcon_3.csv,Cosine + WSD-con 3e-5,2,1
0.002926482771138891,none,0.0024807992033165018,-15.229324847483849,0.008500278589105875,0.0,25,1.0,wsdcon_9.csv,WSD-con 9e-5,cosine_72000.csv|wsdcon_3.csv,Cosine + WSD-con 3e-5,2,1
0.0031360955249893426,none,0.0029455142827824947,-6.077022867710491,0.008500278589105875,0.0,25,1.0,wsdld_20000_24000.csv,WSD linear,cosine_72000.csv|wsdcon_3.csv,Cosine + WSD-con 3e-5,2,1
0.003408385839825258,constant_0p85,0.003183268062561859,-6.604820810866308,0.007225236800739994,0.0,25,0.85,wsd_20000_24000.csv,WSD sharp,cosine_72000.csv|wsdcon_3.csv,Cosine + WSD-con 3e-5,2,1
0.002504818961791151,constant_0p85,0.0023569860517767766,-5.901939911404286,0.007225236800739994,0.0,25,0.85,wsdcon_18.csv,WSD-con 18e-5,cosine_72000.csv|wsdcon_3.csv,Cosine + WSD-con 3e-5,2,1
0.002926482771138891,constant_0p85,0.002545734461462026,-13.010440841539273,0.007225236800739994,0.0,25,0.85,wsdcon_9.csv,WSD-con 9e-5,cosine_72000.csv|wsdcon_3.csv,Cosine + WSD-con 3e-5,2,1
0.0031360955249893426,constant_0p85,0.002974101469113512,-5.1654694375542265,0.007225236800739994,0.0,25,0.85,wsdld_20000_24000.csv,WSD linear,cosine_72000.csv|wsdcon_3.csv,Cosine + WSD-con 3e-5,2,1
0.003408385839825258,train_size_rho0p25,0.003172968556412555,-6.9070021551542515,0.007555803190316333,0.25,25,0.8888888888888888,wsd_20000_24000.csv,WSD sharp,cosine_72000.csv|wsdcon_3.csv,Cosine + WSD-con 3e-5,2,1
0.002504818961791151,train_size_rho0p25,0.0023502224545865896,-6.171963306043171,0.007555803190316333,0.25,25,0.8888888888888888,wsdcon_18.csv,WSD-con 18e-5,cosine_72000.csv|wsdcon_3.csv,Cosine + WSD-con 3e-5,2,1
0.002926482771138891,train_size_rho0p25,0.002528899394535413,-13.585707065302543,0.007555803190316333,0.25,25,0.8888888888888888,wsdcon_9.csv,WSD-con 9e-5,cosine_72000.csv|wsdcon_3.csv,Cosine + WSD-con 3e-5,2,1
0.0031360955249893426,train_size_rho0p25,0.0029666899763610296,-5.401798104631672,0.007555803190316333,0.25,25,0.8888888888888888,wsdld_20000_24000.csv,WSD linear,cosine_72000.csv|wsdcon_3.csv,Cosine + WSD-con 3e-5,2,1
0.003408385839825258,train_size_rho0p35,0.0031829863131535136,-6.613087169828757,0.007234279650302873,0.35,25,0.851063829787234,wsd_20000_24000.csv,WSD sharp,cosine_72000.csv|wsdcon_3.csv,Cosine + WSD-con 3e-5,2,1
0.002504818961791151,train_size_rho0p35,0.002356801029361236,-5.909326569616424,0.007234279650302873,0.35,25,0.851063829787234,wsdcon_18.csv,WSD-con 18e-5,cosine_72000.csv|wsdcon_3.csv,Cosine + WSD-con 3e-5,2,1
0.002926482771138891,train_size_rho0p35,0.0025452739277163237,-13.026177607538525,0.007234279650302873,0.35,25,0.851063829787234,wsdcon_9.csv,WSD-con 9e-5,cosine_72000.csv|wsdcon_3.csv,Cosine + WSD-con 3e-5,2,1
0.0031360955249893426,train_size_rho0p35,0.0029738987231111725,-5.171934355498342,0.007234279650302873,0.35,25,0.851063829787234,wsdld_20000_24000.csv,WSD linear,cosine_72000.csv|wsdcon_3.csv,Cosine + WSD-con 3e-5,2,1
0.003408385839825258,train_size_rho0p5,0.0031965102847538247,-6.216301939638836,0.0068002228712847005,0.5,25,0.8,wsd_20000_24000.csv,WSD sharp,cosine_72000.csv|wsdcon_3.csv,Cosine + WSD-con 3e-5,2,1
0.002504818961791151,train_size_rho0p5,0.0023656821053070344,-5.554766975439307,0.0068002228712847005,0.5,25,0.8,wsdcon_18.csv,WSD-con 18e-5,cosine_72000.csv|wsdcon_3.csv,Cosine + WSD-con 3e-5,2,1
0.002926482771138891,train_size_rho0p5,0.0025673795475105714,-12.270812839556477,0.0068002228712847005,0.5,25,0.8,wsdcon_9.csv,WSD-con 9e-5,cosine_72000.csv|wsdcon_3.csv,Cosine + WSD-con 3e-5,2,1
0.0031360955249893426,train_size_rho0p5,0.00298363053122386,-4.861618294168524,0.0068002228712847005,0.5,25,0.8,wsdld_20000_24000.csv,WSD linear,cosine_72000.csv|wsdcon_3.csv,Cosine + WSD-con 3e-5,2,1
0.003408385839825258,train_size_rho0p75,0.0032157716988512252,-5.651183581489927,0.006182020792077,0.75,25,0.7272727272727273,wsd_20000_24000.csv,WSD sharp,cosine_72000.csv|wsdcon_3.csv,Cosine + WSD-con 3e-5,2,1
0.002504818961791151,train_size_rho0p75,0.0023783309104419607,-5.04978815949001,0.006182020792077,0.75,25,0.7272727272727273,wsdcon_18.csv,WSD-con 18e-5,cosine_72000.csv|wsdcon_3.csv,Cosine + WSD-con 3e-5,2,1
0.002926482771138891,train_size_rho0p75,0.002598863309035674,-11.19499029121972,0.006182020792077,0.75,25,0.7272727272727273,wsdcon_9.csv,WSD-con 9e-5,cosine_72000.csv|wsdcon_3.csv,Cosine + WSD-con 3e-5,2,1
0.0031360955249893426,train_size_rho0p75,0.0029974909852025365,-4.419652994698787,0.006182020792077,0.75,25,0.7272727272727273,wsdld_20000_24000.csv,WSD linear,cosine_72000.csv|wsdcon_3.csv,Cosine + WSD-con 3e-5,2,1
0.003408385839825258,train_size_rho1p0,0.003231822877265728,-5.18025161636576,0.00566685239273725,1.0,25,0.6666666666666666,wsd_20000_24000.csv,WSD sharp,cosine_72000.csv|wsdcon_3.csv,Cosine + WSD-con 3e-5,2,1
0.002504818961791151,train_size_rho1p0,0.0023888715813877343,-4.628972479532201,0.00566685239273725,1.0,25,0.6666666666666666,wsdcon_18.csv,WSD-con 18e-5,cosine_72000.csv|wsdcon_3.csv,Cosine + WSD-con 3e-5,2,1
0.002926482771138891,train_size_rho1p0,0.0026252669552749397,-10.292758899336619,0.00566685239273725,1.0,25,0.6666666666666666,wsdcon_9.csv,WSD-con 9e-5,cosine_72000.csv|wsdcon_3.csv,Cosine + WSD-con 3e-5,2,1
0.0031360955249893426,train_size_rho1p0,0.0030090413635181115,-4.051348578473634,0.00566685239273725,1.0,25,0.6666666666666666,wsdld_20000_24000.csv,WSD linear,cosine_72000.csv|wsdcon_3.csv,Cosine + WSD-con 3e-5,2,1
0.003408385839825258,train_selected_rho,0.0031561530361687903,-7.4003594519509885,0.008095503418196072,0.1,25,0.9523809523809523,wsd_20000_24000.csv,WSD sharp,cosine_72000.csv|wsdcon_3.csv,Cosine + WSD-con 3e-5,2,1
0.002504818961791151,train_selected_rho,0.0023391798469291083,-6.612817827903905,0.008095503418196072,0.1,25,0.9523809523809523,wsdcon_18.csv,WSD-con 18e-5,cosine_72000.csv|wsdcon_3.csv,Cosine + WSD-con 3e-5,2,1
0.002926482771138891,train_selected_rho,0.002501413570981758,-14.524917226548705,0.008095503418196072,0.1,25,0.9523809523809523,wsdcon_9.csv,WSD-con 9e-5,cosine_72000.csv|wsdcon_3.csv,Cosine + WSD-con 3e-5,2,1
0.0031360955249893426,train_selected_rho,0.0029545895800304313,-5.7876408263912165,0.008095503418196072,0.1,25,0.9523809523809523,wsdld_20000_24000.csv,WSD linear,cosine_72000.csv|wsdcon_3.csv,Cosine + WSD-con 3e-5,2,1
0.0037480705220761528,none,0.003341468559206871,-10.848300758334029,0.013126802561287803,0.0,100,1.0,wsd_20000_24000.csv,WSD sharp,cosine_72000.csv|wsdcon_3.csv,Cosine + WSD-con 3e-5,2,1
0.0013816404339982303,none,0.0012220510525949033,-11.550717355709017,0.013126802561287803,0.0,100,1.0,wsdcon_18.csv,WSD-con 18e-5,cosine_72000.csv|wsdcon_3.csv,Cosine + WSD-con 3e-5,2,1
0.004934623402238123,none,0.004658592001909311,-5.593768314794123,0.013126802561287803,0.0,100,1.0,wsdcon_9.csv,WSD-con 9e-5,cosine_72000.csv|wsdcon_3.csv,Cosine + WSD-con 3e-5,2,1
0.003248313740665229,none,0.002955724226443073,-9.007427778889243,0.013126802561287803,0.0,100,1.0,wsdld_20000_24000.csv,WSD linear,cosine_72000.csv|wsdcon_3.csv,Cosine + WSD-con 3e-5,2,1
0.0037480705220761528,constant_0p85,0.0034024588536372656,-9.221055644583863,0.011157782177094632,0.0,100,0.85,wsd_20000_24000.csv,WSD sharp,cosine_72000.csv|wsdcon_3.csv,Cosine + WSD-con 3e-5,2,1
0.0013816404339982303,constant_0p85,0.0012391445200696997,-10.313530960886242,0.011157782177094632,0.0,100,0.85,wsdcon_18.csv,WSD-con 18e-5,cosine_72000.csv|wsdcon_3.csv,Cosine + WSD-con 3e-5,2,1
0.004934623402238123,constant_0p85,0.004667180577515576,-5.41972107944948,0.011157782177094632,0.0,100,0.85,wsdcon_9.csv,WSD-con 9e-5,cosine_72000.csv|wsdcon_3.csv,Cosine + WSD-con 3e-5,2,1
0.003248313740665229,constant_0p85,0.0029996126535764083,-7.656313612055488,0.011157782177094632,0.0,100,0.85,wsdld_20000_24000.csv,WSD linear,cosine_72000.csv|wsdcon_3.csv,Cosine + WSD-con 3e-5,2,1
0.0037480705220761528,train_size_rho0p25,0.003386646555081228,-9.642934007408233,0.011668268943366936,0.25,100,0.8888888888888888,wsd_20000_24000.csv,WSD sharp,cosine_72000.csv|wsdcon_3.csv,Cosine + WSD-con 3e-5,2,1
0.0013816404339982303,train_size_rho0p25,0.001233666273375064,-10.710034027808135,0.011668268943366936,0.25,100,0.8888888888888888,wsdcon_18.csv,WSD-con 18e-5,cosine_72000.csv|wsdcon_3.csv,Cosine + WSD-con 3e-5,2,1
0.004934623402238123,train_size_rho0p25,0.004664953909765788,-5.464844436761373,0.011668268943366936,0.25,100,0.8888888888888888,wsdcon_9.csv,WSD-con 9e-5,cosine_72000.csv|wsdcon_3.csv,Cosine + WSD-con 3e-5,2,1
0.003248313740665229,train_size_rho0p25,0.002988234172467758,-8.006602470123724,0.011668268943366936,0.25,100,0.8888888888888888,wsdld_20000_24000.csv,WSD linear,cosine_72000.csv|wsdcon_3.csv,Cosine + WSD-con 3e-5,2,1
0.0037480705220761528,train_size_rho0p35,0.003402026298357606,-9.232596390071768,0.01117174686067047,0.35,100,0.851063829787234,wsd_20000_24000.csv,WSD sharp,cosine_72000.csv|wsdcon_3.csv,Cosine + WSD-con 3e-5,2,1
0.0013816404339982303,train_size_rho0p35,0.0012389946592178739,-10.324377549342856,0.01117174686067047,0.35,100,0.851063829787234,wsdcon_18.csv,WSD-con 18e-5,cosine_72000.csv|wsdcon_3.csv,Cosine + WSD-con 3e-5,2,1
0.004934623402238123,train_size_rho0p35,0.0046671196656318265,-5.420955457005472,0.01117174686067047,0.35,100,0.851063829787234,wsdcon_9.csv,WSD-con 9e-5,cosine_72000.csv|wsdcon_3.csv,Cosine + WSD-con 3e-5,2,1
0.003248313740665229,train_size_rho0p35,0.002999301388135732,-7.665895982033466,0.01117174686067047,0.35,100,0.851063829787234,wsdld_20000_24000.csv,WSD linear,cosine_72000.csv|wsdcon_3.csv,Cosine + WSD-con 3e-5,2,1
0.0037480705220761528,train_size_rho0p5,0.003422788951780732,-8.67864060666711,0.010501442049030243,0.5,100,0.8,wsd_20000_24000.csv,WSD sharp,cosine_72000.csv|wsdcon_3.csv,Cosine + WSD-con 3e-5,2,1
0.0013816404339982303,train_size_rho0p5,0.0012461879801056945,-9.80374130341276,0.010501442049030243,0.5,100,0.8,wsdcon_18.csv,WSD-con 18e-5,cosine_72000.csv|wsdcon_3.csv,Cosine + WSD-con 3e-5,2,1
0.004934623402238123,train_size_rho0p5,0.004670043436050965,-5.3617053343352765,0.010501442049030243,0.5,100,0.8,wsdcon_9.csv,WSD-con 9e-5,cosine_72000.csv|wsdcon_3.csv,Cosine + WSD-con 3e-5,2,1
0.003248313740665229,train_size_rho0p5,0.0030142421292875055,-7.20594222311135,0.010501442049030243,0.5,100,0.8,wsdld_20000_24000.csv,WSD linear,cosine_72000.csv|wsdcon_3.csv,Cosine + WSD-con 3e-5,2,1
0.0037480705220761528,train_size_rho0p75,0.0034523600036257627,-7.889673278788479,0.009546765499118402,0.75,100,0.7272727272727273,wsd_20000_24000.csv,WSD sharp,cosine_72000.csv|wsdcon_3.csv,Cosine + WSD-con 3e-5,2,1
0.0013816404339982303,train_size_rho0p75,0.001256433012885323,-9.06222907436044,0.009546765499118402,0.75,100,0.7272727272727273,wsdcon_18.csv,WSD-con 18e-5,cosine_72000.csv|wsdcon_3.csv,Cosine + WSD-con 3e-5,2,1
0.004934623402238123,train_size_rho0p75,0.004675421264402056,-5.252723798912495,0.009546765499118402,0.75,100,0.7272727272727273,wsdcon_9.csv,WSD-con 9e-5,cosine_72000.csv|wsdcon_3.csv,Cosine + WSD-con 3e-5,2,1
0.003248313740665229,train_size_rho0p75,0.0030355213666854904,-6.550856566464558,0.009546765499118402,0.75,100,0.7272727272727273,wsdld_20000_24000.csv,WSD linear,cosine_72000.csv|wsdcon_3.csv,Cosine + WSD-con 3e-5,2,1
0.0037480705220761528,train_size_rho1p0,0.0034770025468299597,-7.232200505556163,0.008751201707525202,1.0,100,0.6666666666666666,wsd_20000_24000.csv,WSD sharp,cosine_72000.csv|wsdcon_3.csv,Cosine + WSD-con 3e-5,2,1
0.0013816404339982303,train_size_rho1p0,0.001264970540201695,-8.444302216815746,0.008751201707525202,1.0,100,0.6666666666666666,wsdcon_18.csv,WSD-con 18e-5,cosine_72000.csv|wsdcon_3.csv,Cosine + WSD-con 3e-5,2,1
0.004934623402238123,train_size_rho1p0,0.004691724439216349,-4.922340434562978,0.008751201707525202,1.0,100,0.6666666666666666,wsdcon_9.csv,WSD-con 9e-5,cosine_72000.csv|wsdcon_3.csv,Cosine + WSD-con 3e-5,2,1
0.003248313740665229,train_size_rho1p0,0.003053254064517137,-6.0049518525924555,0.008751201707525202,1.0,100,0.6666666666666666,wsdld_20000_24000.csv,WSD linear,cosine_72000.csv|wsdcon_3.csv,Cosine + WSD-con 3e-5,2,1
0.0037480705220761528,train_selected_rho,0.0033608305574387336,-10.331715007937392,0.012501716725036001,0.1,100,0.9523809523809523,wsd_20000_24000.csv,WSD sharp,cosine_72000.csv|wsdcon_3.csv,Cosine + WSD-con 3e-5,2,1
0.0013816404339982303,train_selected_rho,0.001226623490384877,-11.2197746822421,0.012501716725036001,0.1,100,0.9523809523809523,wsdcon_18.csv,WSD-con 18e-5,cosine_72000.csv|wsdcon_3.csv,Cosine + WSD-con 3e-5,2,1
0.004934623402238123,train_selected_rho,0.004661318533847789,-5.538515224208906,0.012501716725036001,0.1,100,0.9523809523809523,wsdcon_9.csv,WSD-con 9e-5,cosine_72000.csv|wsdcon_3.csv,Cosine + WSD-con 3e-5,2,1
0.003248313740665229,train_selected_rho,0.0029696570604536465,-8.578502646561336,0.012501716725036001,0.1,100,0.9523809523809523,wsdld_20000_24000.csv,WSD linear,cosine_72000.csv|wsdcon_3.csv,Cosine + WSD-con 3e-5,2,1
0.004701998914275349,none,0.004067864723194579,-13.486481018860463,0.020299973392106804,0.0,400,1.0,wsd_20000_24000.csv,WSD sharp,cosine_72000.csv|wsdcon_3.csv,Cosine + WSD-con 3e-5,2,1
0.0025579541942073844,none,0.002413287780743089,-5.655551369602296,0.020299973392106804,0.0,400,1.0,wsdcon_18.csv,WSD-con 18e-5,cosine_72000.csv|wsdcon_3.csv,Cosine + WSD-con 3e-5,2,1
0.006687305974578527,none,0.006218711612444873,-7.007221800751962,0.020299973392106804,0.0,400,1.0,wsdcon_9.csv,WSD-con 9e-5,cosine_72000.csv|wsdcon_3.csv,Cosine + WSD-con 3e-5,2,1
0.0038535563963712593,none,0.003397952129138771,-11.822955741909292,0.020299973392106804,0.0,400,1.0,wsdld_20000_24000.csv,WSD linear,cosine_72000.csv|wsdcon_3.csv,Cosine + WSD-con 3e-5,2,1
0.004701998914275349,constant_0p85,0.0041629848518567,-11.463508866031269,0.017254977383290782,0.0,400,0.85,wsd_20000_24000.csv,WSD sharp,cosine_72000.csv|wsdcon_3.csv,Cosine + WSD-con 3e-5,2,1
0.0025579541942073844,constant_0p85,0.0024282103294802574,-5.072173106967215,0.017254977383290782,0.0,400,0.85,wsdcon_18.csv,WSD-con 18e-5,cosine_72000.csv|wsdcon_3.csv,Cosine + WSD-con 3e-5,2,1
0.006687305974578527,constant_0p85,0.0062692344347138424,-6.2517184267321335,0.017254977383290782,0.0,400,0.85,wsdcon_9.csv,WSD-con 9e-5,cosine_72000.csv|wsdcon_3.csv,Cosine + WSD-con 3e-5,2,1
0.0038535563963712593,constant_0p85,0.0034662927692236454,-10.049512380622861,0.017254977383290782,0.0,400,0.85,wsdld_20000_24000.csv,WSD linear,cosine_72000.csv|wsdcon_3.csv,Cosine + WSD-con 3e-5,2,1
0.004701998914275349,train_size_rho0p25,0.004138324077759116,-11.987983127875824,0.018044420792983826,0.25,400,0.8888888888888888,wsd_20000_24000.csv,WSD sharp,cosine_72000.csv|wsdcon_3.csv,Cosine + WSD-con 3e-5,2,1
0.0025579541942073844,train_size_rho0p25,0.0024242208830837237,-5.228135493063424,0.018044420792983826,0.25,400,0.8888888888888888,wsdcon_18.csv,WSD-con 18e-5,cosine_72000.csv|wsdcon_3.csv,Cosine + WSD-con 3e-5,2,1
0.006687305974578527,train_size_rho0p25,0.006256135925236696,-6.447589671848486,0.018044420792983826,0.25,400,0.8888888888888888,wsdcon_9.csv,WSD-con 9e-5,cosine_72000.csv|wsdcon_3.csv,Cosine + WSD-con 3e-5,2,1
0.0038535563963712593,train_size_rho0p25,0.003448574825497936,-10.509293992808267,0.018044420792983826,0.25,400,0.8888888888888888,wsdld_20000_24000.csv,WSD linear,cosine_72000.csv|wsdcon_3.csv,Cosine + WSD-con 3e-5,2,1
0.004701998914275349,train_size_rho0p35,0.00416231024101512,-11.477856186264201,0.017276573099665366,0.35,400,0.851063829787234,wsd_20000_24000.csv,WSD sharp,cosine_72000.csv|wsdcon_3.csv,Cosine + WSD-con 3e-5,2,1
0.0025579541942073844,train_size_rho0p35,0.0024280805585960826,-5.0772463363654925,0.017276573099665366,0.35,400,0.851063829787234,wsdcon_18.csv,WSD-con 18e-5,cosine_72000.csv|wsdcon_3.csv,Cosine + WSD-con 3e-5,2,1
0.006687305974578527,train_size_rho0p35,0.006268876116825409,-6.257076606689738,0.017276573099665366,0.35,400,0.851063829787234,wsdcon_9.csv,WSD-con 9e-5,cosine_72000.csv|wsdcon_3.csv,Cosine + WSD-con 3e-5,2,1
0.0038535563963712593,train_size_rho0p35,0.0034658080838329717,-10.062089993114276,0.017276573099665366,0.35,400,0.851063829787234,wsdld_20000_24000.csv,WSD linear,cosine_72000.csv|wsdcon_3.csv,Cosine + WSD-con 3e-5,2,1
0.004701998914275349,train_size_rho0p5,0.004194691561410728,-10.78918481508847,0.016239978713685443,0.5,400,0.8,wsd_20000_24000.csv,WSD sharp,cosine_72000.csv|wsdcon_3.csv,Cosine + WSD-con 3e-5,2,1
0.0025579541942073844,train_size_rho0p5,0.002434309561036998,-4.833731325228019,0.016239978713685443,0.5,400,0.8,wsdcon_18.csv,WSD-con 18e-5,cosine_72000.csv|wsdcon_3.csv,Cosine + WSD-con 3e-5,2,1
0.006687305974578527,train_size_rho0p5,0.006286075375470162,-5.999883968725584,0.016239978713685443,0.5,400,0.8,wsdcon_9.csv,WSD-con 9e-5,cosine_72000.csv|wsdcon_3.csv,Cosine + WSD-con 3e-5,2,1
0.0038535563963712593,train_size_rho0p5,0.0034890729825852672,-9.458364593527469,0.016239978713685443,0.5,400,0.8,wsdld_20000_24000.csv,WSD linear,cosine_72000.csv|wsdcon_3.csv,Cosine + WSD-con 3e-5,2,1
0.004701998914275349,train_size_rho0p75,0.0042408104116711575,-9.808349831898411,0.014763617012441313,0.75,400,0.7272727272727273,wsd_20000_24000.csv,WSD sharp,cosine_72000.csv|wsdcon_3.csv,Cosine + WSD-con 3e-5,2,1
0.0025579541942073844,train_size_rho0p75,0.0024431811705740675,-4.486906915425859,0.014763617012441313,0.75,400,0.7272727272727273,wsdcon_18.csv,WSD-con 18e-5,cosine_72000.csv|wsdcon_3.csv,Cosine + WSD-con 3e-5,2,1
0.006687305974578527,train_size_rho0p75,0.006314898328184079,-5.568874040011595,0.014763617012441313,0.75,400,0.7272727272727273,wsdcon_9.csv,WSD-con 9e-5,cosine_72000.csv|wsdcon_3.csv,Cosine + WSD-con 3e-5,2,1
0.0038535563963712593,train_size_rho0p75,0.0035222078383839927,-8.598513266843177,0.014763617012441313,0.75,400,0.7272727272727273,wsdld_20000_24000.csv,WSD linear,cosine_72000.csv|wsdcon_3.csv,Cosine + WSD-con 3e-5,2,1
0.004701998914275349,train_size_rho1p0,0.004279242786888168,-8.990987345906987,0.013533315594737869,1.0,400,0.6666666666666666,wsd_20000_24000.csv,WSD sharp,cosine_72000.csv|wsdcon_3.csv,Cosine + WSD-con 3e-5,2,1
0.0025579541942073844,train_size_rho1p0,0.0024505741785216563,-4.197886573922849,0.013533315594737869,1.0,400,0.6666666666666666,wsdcon_18.csv,WSD-con 18e-5,cosine_72000.csv|wsdcon_3.csv,Cosine + WSD-con 3e-5,2,1
0.006687305974578527,train_size_rho1p0,0.00633927751355123,-5.20431489676576,0.013533315594737869,1.0,400,0.6666666666666666,wsdcon_9.csv,WSD-con 9e-5,cosine_72000.csv|wsdcon_3.csv,Cosine + WSD-con 3e-5,2,1
0.0038535563963712593,train_size_rho1p0,0.003549820218216269,-7.88197049460615,0.013533315594737869,1.0,400,0.6666666666666666,wsdld_20000_24000.csv,WSD linear,cosine_72000.csv|wsdcon_3.csv,Cosine + WSD-con 3e-5,2,1
0.004701998914275349,train_selected_rho,0.0040980615894365266,-12.844267637009832,0.01933330799248267,0.1,400,0.9523809523809523,wsd_20000_24000.csv,WSD sharp,cosine_72000.csv|wsdcon_3.csv,Cosine + WSD-con 3e-5,2,1
0.0025579541942073844,train_selected_rho,0.0024179733960319506,-5.472373136799213,0.01933330799248267,0.1,400,0.9523809523809523,wsdcon_18.csv,WSD-con 18e-5,cosine_72000.csv|wsdcon_3.csv,Cosine + WSD-con 3e-5,2,1
0.006687305974578527,train_selected_rho,0.006234750603641386,-6.767379459793066,0.01933330799248267,0.1,400,0.9523809523809523,wsdcon_9.csv,WSD-con 9e-5,cosine_72000.csv|wsdcon_3.csv,Cosine + WSD-con 3e-5,2,1
0.0038535563963712593,train_selected_rho,0.003419647570435555,-11.259957849437441,0.01933330799248267,0.1,400,0.9523809523809523,wsdld_20000_24000.csv,WSD linear,cosine_72000.csv|wsdcon_3.csv,Cosine + WSD-con 3e-5,2,1
0.003408385839825258,none,0.003131652920660476,-8.119178173177987,0.008881843521340818,0.0,25,1.0,wsd_20000_24000.csv,WSD sharp,cosine_72000.csv|wsdcon_9.csv,Cosine + WSD-con 9e-5,2,1
0.002504818961791151,none,0.0023230908315909505,-7.255140310429853,0.008881843521340818,0.0,25,1.0,wsdcon_18.csv,WSD-con 18e-5,cosine_72000.csv|wsdcon_9.csv,Cosine + WSD-con 9e-5,2,1
0.004487187642230267,none,0.0032283604504459392,-28.05381214587793,0.008881843521340818,0.0,25,1.0,wsdcon_3.csv,WSD-con 3e-5,cosine_72000.csv|wsdcon_9.csv,Cosine + WSD-con 9e-5,2,1
0.0031360955249893426,none,0.0029369593727279946,-6.349811435097297,0.008881843521340818,0.0,25,1.0,wsdld_20000_24000.csv,WSD linear,cosine_72000.csv|wsdcon_9.csv,Cosine + WSD-con 9e-5,2,1
0.003408385839825258,constant_0p85,0.003173162858535205,-6.901301447200958,0.007549566993139695,0.0,25,0.85,wsd_20000_24000.csv,WSD sharp,cosine_72000.csv|wsdcon_9.csv,Cosine + WSD-con 9e-5,2,1
0.002504818961791151,constant_0p85,0.0023503500511209896,-6.166869263865015,0.007549566993139695,0.0,25,0.85,wsdcon_18.csv,WSD-con 18e-5,cosine_72000.csv|wsdcon_9.csv,Cosine + WSD-con 9e-5,2,1
0.004487187642230267,constant_0p85,0.003393628120479767,-24.370710764548477,0.007549566993139695,0.0,25,0.85,wsdcon_3.csv,WSD-con 3e-5,cosine_72000.csv|wsdcon_9.csv,Cosine + WSD-con 9e-5,2,1
0.0031360955249893426,constant_0p85,0.0029668297955672057,-5.3973397198324164,0.007549566993139695,0.0,25,0.85,wsdld_20000_24000.csv,WSD linear,cosine_72000.csv|wsdcon_9.csv,Cosine + WSD-con 9e-5,2,1
0.003408385839825258,train_size_rho0p25,0.0031624010227898976,-7.217047265047061,0.007894972018969616,0.25,25,0.8888888888888888,wsd_20000_24000.csv,WSD sharp,cosine_72000.csv|wsdcon_9.csv,Cosine + WSD-con 9e-5,2,1
0.002504818961791151,train_size_rho0p25,0.0023432828460576353,-6.449013609271148,0.007894972018969616,0.25,25,0.8888888888888888,wsdcon_18.csv,WSD-con 18e-5,cosine_72000.csv|wsdcon_9.csv,Cosine + WSD-con 9e-5,2,1
0.004487187642230267,train_size_rho0p25,0.0033505797624361028,-25.330072428823957,0.007894972018969616,0.25,25,0.8888888888888888,wsdcon_3.csv,WSD-con 3e-5,cosine_72000.csv|wsdcon_9.csv,Cosine + WSD-con 9e-5,2,1
0.0031360955249893426,train_size_rho0p25,0.002959085611868151,-5.644276831197392,0.007894972018969616,0.25,25,0.8888888888888888,wsdld_20000_24000.csv,WSD linear,cosine_72000.csv|wsdcon_9.csv,Cosine + WSD-con 9e-5,2,1
0.003408385839825258,train_size_rho0p35,0.0031728684618126807,-6.90993887078969,0.007559015762843249,0.35,25,0.851063829787234,wsd_20000_24000.csv,WSD sharp,cosine_72000.csv|wsdcon_9.csv,Cosine + WSD-con 9e-5,2,1
0.002504818961791151,train_size_rho0p35,0.0023501567233229154,-6.174587498237372,0.007559015762843249,0.35,25,0.851063829787234,wsdcon_18.csv,WSD-con 18e-5,cosine_72000.csv|wsdcon_9.csv,Cosine + WSD-con 9e-5,2,1
0.004487187642230267,train_size_rho0p35,0.00339245050582204,-24.396954700653218,0.007559015762843249,0.35,25,0.851063829787234,wsdcon_3.csv,WSD-con 3e-5,cosine_72000.csv|wsdcon_9.csv,Cosine + WSD-con 9e-5,2,1
0.0031360955249893426,train_size_rho0p35,0.0029666179485967094,-5.404094838380569,0.007559015762843249,0.35,25,0.851063829787234,wsdld_20000_24000.csv,WSD linear,cosine_72000.csv|wsdcon_9.csv,Cosine + WSD-con 9e-5,2,1
0.003408385839825258,train_size_rho0p5,0.003186999504493427,-6.495342538542559,0.007105474817072655,0.5,25,0.8,wsd_20000_24000.csv,WSD sharp,cosine_72000.csv|wsdcon_9.csv,Cosine + WSD-con 9e-5,2,1
0.002504818961791151,train_size_rho0p5,0.0023594364576309933,-5.804112248343774,0.007105474817072655,0.5,25,0.8,wsdcon_18.csv,WSD-con 18e-5,cosine_72000.csv|wsdcon_9.csv,Cosine + WSD-con 9e-5,2,1
0.004487187642230267,train_size_rho0p5,0.0034510889316383474,-23.090157871734284,0.007105474817072655,0.5,25,0.8,wsdcon_3.csv,WSD-con 3e-5,cosine_72000.csv|wsdcon_9.csv,Cosine + WSD-con 9e-5,2,1
0.0031360955249893426,train_size_rho0p5,0.0029767866031802682,-5.079849148077709,0.007105474817072655,0.5,25,0.8,wsdld_20000_24000.csv,WSD linear,cosine_72000.csv|wsdcon_9.csv,Cosine + WSD-con 9e-5,2,1
0.003408385839825258,train_size_rho0p75,0.003207125534978145,-5.90485685322032,0.006459522560975141,0.75,25,0.7272727272727273,wsd_20000_24000.csv,WSD sharp,cosine_72000.csv|wsdcon_9.csv,Cosine + WSD-con 9e-5,2,1
0.002504818961791151,train_size_rho0p75,0.002372653048918279,-5.276465680312581,0.006459522560975141,0.75,25,0.7272727272727273,wsdcon_18.csv,WSD-con 18e-5,cosine_72000.csv|wsdcon_9.csv,Cosine + WSD-con 9e-5,2,1
0.004487187642230267,train_size_rho0p75,0.0035356139609263215,-21.206460642483517,0.006459522560975141,0.75,25,0.7272727272727273,wsdcon_3.csv,WSD-con 3e-5,cosine_72000.csv|wsdcon_9.csv,Cosine + WSD-con 9e-5,2,1
0.0031360955249893426,train_size_rho0p75,0.0029912692324356345,-4.618044680070776,0.006459522560975141,0.75,25,0.7272727272727273,wsdld_20000_24000.csv,WSD linear,cosine_72000.csv|wsdcon_9.csv,Cosine + WSD-con 9e-5,2,1
0.003408385839825258,train_size_rho1p0,0.003223897227048735,-5.412785448785373,0.0059212290142272115,1.0,25,0.6666666666666666,wsd_20000_24000.csv,WSD sharp,cosine_72000.csv|wsdcon_9.csv,Cosine + WSD-con 9e-5,2,1
0.002504818961791151,train_size_rho1p0,0.002383666874991019,-4.836760206953173,0.0059212290142272115,1.0,25,0.6666666666666666,wsdcon_18.csv,WSD-con 18e-5,cosine_72000.csv|wsdcon_9.csv,Cosine + WSD-con 9e-5,2,1
0.004487187642230267,train_size_rho1p0,0.0036085742913834935,-19.58049051878019,0.0059212290142272115,1.0,25,0.6666666666666666,wsdcon_3.csv,WSD-con 3e-5,cosine_72000.csv|wsdcon_9.csv,Cosine + WSD-con 9e-5,2,1
0.0031360955249893426,train_size_rho1p0,0.0030033380901484446,-4.233207623398172,0.0059212290142272115,1.0,25,0.6666666666666666,wsdld_20000_24000.csv,WSD linear,cosine_72000.csv|wsdcon_9.csv,Cosine + WSD-con 9e-5,2,1
0.003408385839825258,train_selected_rho,0.003186999504493427,-6.495342538542559,0.007105474817072655,0.5,25,0.8,wsd_20000_24000.csv,WSD sharp,cosine_72000.csv|wsdcon_9.csv,Cosine + WSD-con 9e-5,2,1
0.002504818961791151,train_selected_rho,0.0023594364576309933,-5.804112248343774,0.007105474817072655,0.5,25,0.8,wsdcon_18.csv,WSD-con 18e-5,cosine_72000.csv|wsdcon_9.csv,Cosine + WSD-con 9e-5,2,1
0.004487187642230267,train_selected_rho,0.0034510889316383474,-23.090157871734284,0.007105474817072655,0.5,25,0.8,wsdcon_3.csv,WSD-con 3e-5,cosine_72000.csv|wsdcon_9.csv,Cosine + WSD-con 9e-5,2,1
0.0031360955249893426,train_selected_rho,0.0029767866031802682,-5.079849148077709,0.007105474817072655,0.5,25,0.8,wsdld_20000_24000.csv,WSD linear,cosine_72000.csv|wsdcon_9.csv,Cosine + WSD-con 9e-5,2,1
0.0037480705220761528,none,0.003332255151964983,-11.094118097885708,0.013424249668840968,0.0,100,1.0,wsd_20000_24000.csv,WSD sharp,cosine_72000.csv|wsdcon_9.csv,Cosine + WSD-con 9e-5,2,1
0.0013816404339982303,none,0.0012217319894845164,-11.573810419760678,0.013424249668840968,0.0,100,1.0,wsdcon_18.csv,WSD-con 18e-5,cosine_72000.csv|wsdcon_9.csv,Cosine + WSD-con 9e-5,2,1
0.0056693997340904675,none,0.004559511997946115,-19.576812152978484,0.013424249668840968,0.0,100,1.0,wsdcon_3.csv,WSD-con 3e-5,cosine_72000.csv|wsdcon_9.csv,Cosine + WSD-con 9e-5,2,1
0.003248313740665229,none,0.0029490942871033617,-9.211531811597407,0.013424249668840968,0.0,100,1.0,wsdld_20000_24000.csv,WSD linear,cosine_72000.csv|wsdcon_9.csv,Cosine + WSD-con 9e-5,2,1
0.0037480705220761528,constant_0p85,0.0033946274574816653,-9.430000383202664,0.011410612218514823,0.0,100,0.85,wsd_20000_24000.csv,WSD sharp,cosine_72000.csv|wsdcon_9.csv,Cosine + WSD-con 9e-5,2,1
0.0013816404339982303,constant_0p85,0.0012364312953002472,-10.509908014038993,0.011410612218514823,0.0,100,0.85,wsdcon_18.csv,WSD-con 18e-5,cosine_72000.csv|wsdcon_9.csv,Cosine + WSD-con 9e-5,2,1
0.0056693997340904675,constant_0p85,0.004657787708127868,-17.84337096359092,0.011410612218514823,0.0,100,0.85,wsdcon_3.csv,WSD-con 3e-5,cosine_72000.csv|wsdcon_9.csv,Cosine + WSD-con 9e-5,2,1
0.003248313740665229,constant_0p85,0.002993977205137638,-7.829802039857913,0.011410612218514823,0.0,100,0.85,wsdld_20000_24000.csv,WSD linear,cosine_72000.csv|wsdcon_9.csv,Cosine + WSD-con 9e-5,2,1
0.0037480705220761528,train_size_rho0p25,0.0033784568597551154,-9.861438309231673,0.011932666372303082,0.25,100,0.8888888888888888,wsd_20000_24000.csv,WSD sharp,cosine_72000.csv|wsdcon_9.csv,Cosine + WSD-con 9e-5,2,1
0.0013816404339982303,train_size_rho0p25,0.0012314104109747955,-10.873308230325518,0.011932666372303082,0.25,100,0.8888888888888888,wsdcon_18.csv,WSD-con 18e-5,cosine_72000.csv|wsdcon_9.csv,Cosine + WSD-con 9e-5,2,1
0.0056693997340904675,train_size_rho0p25,0.004629426573598673,-18.343620299665396,0.011932666372303082,0.25,100,0.8888888888888888,wsdcon_3.csv,WSD-con 3e-5,cosine_72000.csv|wsdcon_9.csv,Cosine + WSD-con 9e-5,2,1
0.003248313740665229,train_size_rho0p25,0.0029823408930546784,-8.188028276975533,0.011932666372303082,0.25,100,0.8888888888888888,wsdld_20000_24000.csv,WSD linear,cosine_72000.csv|wsdcon_9.csv,Cosine + WSD-con 9e-5,2,1
0.0037480705220761528,train_size_rho0p35,0.0033941851007049466,-9.44180263649842,0.011424893335183803,0.35,100,0.851063829787234,wsd_20000_24000.csv,WSD sharp,cosine_72000.csv|wsdcon_9.csv,Cosine + WSD-con 9e-5,2,1
0.0013816404339982303,train_size_rho0p35,0.0012362780386727648,-10.521000381033419,0.011424893335183803,0.35,100,0.851063829787234,wsdcon_18.csv,WSD-con 18e-5,cosine_72000.csv|wsdcon_9.csv,Cosine + WSD-con 9e-5,2,1
0.0056693997340904675,train_size_rho0p35,0.004657011871620984,-17.857055595884873,0.011424893335183803,0.35,100,0.851063829787234,wsdcon_3.csv,WSD-con 3e-5,cosine_72000.csv|wsdcon_9.csv,Cosine + WSD-con 9e-5,2,1
0.003248313740665229,train_size_rho0p35,0.002993658886570024,-7.83960154178498,0.011424893335183803,0.35,100,0.851063829787234,wsdld_20000_24000.csv,WSD linear,cosine_72000.csv|wsdcon_9.csv,Cosine + WSD-con 9e-5,2,1
0.0037480705220761528,train_size_rho0p5,0.00341541822598722,-8.875294478308483,0.010739399735072775,0.5,100,0.8,wsd_20000_24000.csv,WSD sharp,cosine_72000.csv|wsdcon_9.csv,Cosine + WSD-con 9e-5,2,1
0.0013816404339982303,train_size_rho0p5,0.0012436343567932954,-9.988566765201634,0.010739399735072775,0.5,100,0.8,wsdcon_18.csv,WSD-con 18e-5,cosine_72000.csv|wsdcon_9.csv,Cosine + WSD-con 9e-5,2,1
0.0056693997340904675,train_size_rho0p5,0.004695129677583961,-17.1847127068525,0.010739399735072775,0.5,100,0.8,wsdcon_3.csv,WSD-con 3e-5,cosine_72000.csv|wsdcon_9.csv,Cosine + WSD-con 9e-5,2,1
0.003248313740665229,train_size_rho0p5,0.003008938177815732,-7.369225449278027,0.010739399735072775,0.5,100,0.8,wsdld_20000_24000.csv,WSD linear,cosine_72000.csv|wsdcon_9.csv,Cosine + WSD-con 9e-5,2,1
0.0037480705220761528,train_size_rho0p75,0.0034456593438134857,-8.06844952573501,0.009763090668247976,0.75,100,0.7272727272727273,wsd_20000_24000.csv,WSD sharp,cosine_72000.csv|wsdcon_9.csv,Cosine + WSD-con 9e-5,2,1
0.0013816404339982303,train_size_rho0p75,0.0012541115371467772,-9.230252221441315,0.009763090668247976,0.75,100,0.7272727272727273,wsdcon_18.csv,WSD-con 18e-5,cosine_72000.csv|wsdcon_9.csv,Cosine + WSD-con 9e-5,2,1
0.0056693997340904675,train_size_rho0p75,0.0047543418863917235,-16.140295103843926,0.009763090668247976,0.75,100,0.7272727272727273,wsdcon_3.csv,WSD-con 3e-5,cosine_72000.csv|wsdcon_9.csv,Cosine + WSD-con 9e-5,2,1
0.003248313740665229,train_size_rho0p75,0.003030699592620244,-6.699295862979637,0.009763090668247976,0.75,100,0.7272727272727273,wsdld_20000_24000.csv,WSD linear,cosine_72000.csv|wsdcon_9.csv,Cosine + WSD-con 9e-5,2,1
0.0037480705220761528,train_size_rho1p0,0.00347086027533538,-7.396078731923616,0.00894949977922731,1.0,100,0.6666666666666666,wsd_20000_24000.csv,WSD sharp,cosine_72000.csv|wsdcon_9.csv,Cosine + WSD-con 9e-5,2,1
0.0013816404339982303,train_size_rho1p0,0.0012628425207746987,-8.598323434972944,0.00894949977922731,1.0,100,0.6666666666666666,wsdcon_18.csv,WSD-con 18e-5,cosine_72000.csv|wsdcon_9.csv,Cosine + WSD-con 9e-5,2,1
0.0056693997340904675,train_size_rho1p0,0.0048080141340980575,-15.193594390828412,0.00894949977922731,1.0,100,0.6666666666666666,wsdcon_3.csv,WSD-con 3e-5,cosine_72000.csv|wsdcon_9.csv,Cosine + WSD-con 9e-5,2,1
0.003248313740665229,train_size_rho1p0,0.00304883410495732,-6.141021207731523,0.00894949977922731,1.0,100,0.6666666666666666,wsdld_20000_24000.csv,WSD linear,cosine_72000.csv|wsdcon_9.csv,Cosine + WSD-con 9e-5,2,1
0.0037480705220761528,train_selected_rho,0.00341541822598722,-8.875294478308483,0.010739399735072775,0.5,100,0.8,wsd_20000_24000.csv,WSD sharp,cosine_72000.csv|wsdcon_9.csv,Cosine + WSD-con 9e-5,2,1
0.0013816404339982303,train_selected_rho,0.0012436343567932954,-9.988566765201634,0.010739399735072775,0.5,100,0.8,wsdcon_18.csv,WSD-con 18e-5,cosine_72000.csv|wsdcon_9.csv,Cosine + WSD-con 9e-5,2,1
0.0056693997340904675,train_selected_rho,0.004695129677583961,-17.1847127068525,0.010739399735072775,0.5,100,0.8,wsdcon_3.csv,WSD-con 3e-5,cosine_72000.csv|wsdcon_9.csv,Cosine + WSD-con 9e-5,2,1
0.003248313740665229,train_selected_rho,0.003008938177815732,-7.369225449278027,0.010739399735072775,0.5,100,0.8,wsdld_20000_24000.csv,WSD linear,cosine_72000.csv|wsdcon_9.csv,Cosine + WSD-con 9e-5,2,1
0.004701998914275349,none,0.003973908476177423,-15.484700259870987,0.02330771109383796,0.0,400,1.0,wsd_20000_24000.csv,WSD sharp,cosine_72000.csv|wsdcon_9.csv,Cosine + WSD-con 9e-5,2,1
0.0025579541942073844,none,0.0023987086908475253,-6.225502541072803,0.02330771109383796,0.0,400,1.0,wsdcon_18.csv,WSD-con 18e-5,cosine_72000.csv|wsdcon_9.csv,Cosine + WSD-con 9e-5,2,1
0.008173606778800102,none,0.005603184443528253,-31.44783453418335,0.02330771109383796,0.0,400,1.0,wsdcon_3.csv,WSD-con 3e-5,cosine_72000.csv|wsdcon_9.csv,Cosine + WSD-con 9e-5,2,1
0.0038535563963712593,none,0.0033304476991990913,-13.574699404029966,0.02330771109383796,0.0,400,1.0,wsdld_20000_24000.csv,WSD linear,cosine_72000.csv|wsdcon_9.csv,Cosine + WSD-con 9e-5,2,1
0.004701998914275349,constant_0p85,0.004083122041892113,-13.16199522089031,0.019811554429762266,0.0,400,0.85,wsd_20000_24000.csv,WSD sharp,cosine_72000.csv|wsdcon_9.csv,Cosine + WSD-con 9e-5,2,1
0.0025579541942073844,constant_0p85,0.0024156552424917177,-5.56299843202469,0.019811554429762266,0.0,400,0.85,wsdcon_18.csv,WSD-con 18e-5,cosine_72000.csv|wsdcon_9.csv,Cosine + WSD-con 9e-5,2,1
0.008173606778800102,constant_0p85,0.005897546555251475,-27.846460995065836,0.019811554429762266,0.0,400,0.85,wsdcon_3.csv,WSD-con 3e-5,cosine_72000.csv|wsdcon_9.csv,Cosine + WSD-con 9e-5,2,1
0.0038535563963712593,constant_0p85,0.0034089140037749173,-11.538494493425455,0.019811554429762266,0.0,400,0.85,wsdld_20000_24000.csv,WSD linear,cosine_72000.csv|wsdcon_9.csv,Cosine + WSD-con 9e-5,2,1
0.004701998914275349,train_size_rho0p25,0.004054807413743858,-13.76417800877423,0.020717965416744852,0.25,400,0.8888888888888888,wsd_20000_24000.csv,WSD sharp,cosine_72000.csv|wsdcon_9.csv,Cosine + WSD-con 9e-5,2,1
0.0025579541942073844,train_size_rho0p25,0.0024112616920654384,-5.734758756593006,0.020717965416744852,0.25,400,0.8888888888888888,wsdcon_18.csv,WSD-con 18e-5,cosine_72000.csv|wsdcon_9.csv,Cosine + WSD-con 9e-5,2,1
0.008173606778800102,train_size_rho0p25,0.005816997874091268,-28.83193391222556,0.020717965416744852,0.25,400,0.8888888888888888,wsdcon_3.csv,WSD-con 3e-5,cosine_72000.csv|wsdcon_9.csv,Cosine + WSD-con 9e-5,2,1
0.0038535563963712593,train_size_rho0p25,0.0033885708877737742,-12.066399470248923,0.020717965416744852,0.25,400,0.8888888888888888,wsdld_20000_24000.csv,WSD linear,cosine_72000.csv|wsdcon_9.csv,Cosine + WSD-con 9e-5,2,1
0.004701998914275349,train_size_rho0p35,0.004082347477596271,-13.178468306273016,0.019836349867096138,0.35,400,0.851063829787234,wsd_20000_24000.csv,WSD sharp,cosine_72000.csv|wsdcon_9.csv,Cosine + WSD-con 9e-5,2,1
0.0025579541942073844,train_size_rho0p35,0.002415535054182178,-5.567697042727405,0.019836349867096138,0.35,400,0.851063829787234,wsdcon_18.csv,WSD-con 18e-5,cosine_72000.csv|wsdcon_9.csv,Cosine + WSD-con 9e-5,2,1
0.008173606778800102,train_size_rho0p35,0.005895343095888448,-27.873419220762983,0.019836349867096138,0.35,400,0.851063829787234,wsdcon_3.csv,WSD-con 3e-5,cosine_72000.csv|wsdcon_9.csv,Cosine + WSD-con 9e-5,2,1
0.0038535563963712593,train_size_rho0p35,0.0034083575051609043,-11.552935663004204,0.019836349867096138,0.35,400,0.851063829787234,wsdld_20000_24000.csv,WSD linear,cosine_72000.csv|wsdcon_9.csv,Cosine + WSD-con 9e-5,2,1
0.004701998914275349,train_size_rho0p5,0.004119526563797018,-12.38776020789658,0.018646168875070368,0.5,400,0.8,wsd_20000_24000.csv,WSD sharp,cosine_72000.csv|wsdcon_9.csv,Cosine + WSD-con 9e-5,2,1
0.0025579541942073844,train_size_rho0p5,0.002421304093039783,-5.34216372900862,0.018646168875070368,0.5,400,0.8,wsdcon_18.csv,WSD-con 18e-5,cosine_72000.csv|wsdcon_9.csv,Cosine + WSD-con 9e-5,2,1
0.008173606778800102,train_size_rho0p5,0.0060025121344572455,-26.562259515273347,0.018646168875070368,0.5,400,0.8,wsdcon_3.csv,WSD-con 3e-5,cosine_72000.csv|wsdcon_9.csv,Cosine + WSD-con 9e-5,2,1
0.0038535563963712593,train_size_rho0p5,0.0034350694386335217,-10.859759523224055,0.018646168875070368,0.5,400,0.8,wsdld_20000_24000.csv,WSD linear,cosine_72000.csv|wsdcon_9.csv,Cosine + WSD-con 9e-5,2,1
0.004701998914275349,train_size_rho0p75,0.004172478595658675,-11.2616001889971,0.016951062613700336,0.75,400,0.7272727272727273,wsd_20000_24000.csv,WSD sharp,cosine_72000.csv|wsdcon_9.csv,Cosine + WSD-con 9e-5,2,1
0.0025579541942073844,train_size_rho0p75,0.0024300365846358155,-5.0007779600293345,0.016951062613700336,0.75,400,0.7272727272727273,wsdcon_18.csv,WSD-con 18e-5,cosine_72000.csv|wsdcon_9.csv,Cosine + WSD-con 9e-5,2,1
0.008173606778800102,train_size_rho0p75,0.006166849794081928,-24.551670260466942,0.016951062613700336,0.75,400,0.7272727272727273,wsdcon_3.csv,WSD-con 3e-5,cosine_72000.csv|wsdcon_9.csv,Cosine + WSD-con 9e-5,2,1
0.0038535563963712593,train_size_rho0p75,0.0034731137075187765,-9.872508657476263,0.016951062613700336,0.75,400,0.7272727272727273,wsdld_20000_24000.csv,WSD linear,cosine_72000.csv|wsdcon_9.csv,Cosine + WSD-con 9e-5,2,1
0.004701998914275349,train_size_rho1p0,0.004216605288876736,-10.323133506580561,0.015538474062558639,1.0,400,0.6666666666666666,wsd_20000_24000.csv,WSD sharp,cosine_72000.csv|wsdcon_9.csv,Cosine + WSD-con 9e-5,2,1
0.0025579541942073844,train_size_rho1p0,0.0024385249747448856,-4.6689350314775835,0.015538474062558639,1.0,400,0.6666666666666666,wsdcon_18.csv,WSD-con 18e-5,cosine_72000.csv|wsdcon_9.csv,Cosine + WSD-con 9e-5,2,1
0.008173606778800102,train_size_rho1p0,0.006309418577995469,-22.80741233649485,0.015538474062558639,1.0,400,0.6666666666666666,wsdcon_3.csv,WSD-con 3e-5,cosine_72000.csv|wsdcon_9.csv,Cosine + WSD-con 9e-5,2,1
0.0038535563963712593,train_size_rho1p0,0.003504817264923147,-9.049799602686647,0.015538474062558639,1.0,400,0.6666666666666666,wsdld_20000_24000.csv,WSD linear,cosine_72000.csv|wsdcon_9.csv,Cosine + WSD-con 9e-5,2,1
0.004701998914275349,train_selected_rho,0.004119526563797018,-12.38776020789658,0.018646168875070368,0.5,400,0.8,wsd_20000_24000.csv,WSD sharp,cosine_72000.csv|wsdcon_9.csv,Cosine + WSD-con 9e-5,2,1
0.0025579541942073844,train_selected_rho,0.002421304093039783,-5.34216372900862,0.018646168875070368,0.5,400,0.8,wsdcon_18.csv,WSD-con 18e-5,cosine_72000.csv|wsdcon_9.csv,Cosine + WSD-con 9e-5,2,1
0.008173606778800102,train_selected_rho,0.0060025121344572455,-26.562259515273347,0.018646168875070368,0.5,400,0.8,wsdcon_3.csv,WSD-con 3e-5,cosine_72000.csv|wsdcon_9.csv,Cosine + WSD-con 9e-5,2,1
0.0038535563963712593,train_selected_rho,0.0034350694386335217,-10.859759523224055,0.018646168875070368,0.5,400,0.8,wsdld_20000_24000.csv,WSD linear,cosine_72000.csv|wsdcon_9.csv,Cosine + WSD-con 9e-5,2,1
0.003408385839825258,none,0.00294587641533641,-13.569749618269745,0.01484440791451098,0.0,25,1.0,wsd_20000_24000.csv,WSD sharp,cosine_72000.csv|wsdcon_18.csv,Cosine + WSD-con 18e-5,2,1
0.004487187642230267,none,0.00279815356345602,-37.64126248874109,0.01484440791451098,0.0,25,1.0,wsdcon_3.csv,WSD-con 3e-5,cosine_72000.csv|wsdcon_18.csv,Cosine + WSD-con 18e-5,2,1
0.002926482771138891,none,0.0022223042131703083,-24.06228271402191,0.01484440791451098,0.0,25,1.0,wsdcon_9.csv,WSD-con 9e-5,cosine_72000.csv|wsdcon_18.csv,Cosine + WSD-con 18e-5,2,1
0.0031360955249893426,none,0.00280327517439536,-10.61257056559568,0.01484440791451098,0.0,25,1.0,wsdld_20000_24000.csv,WSD linear,cosine_72000.csv|wsdcon_18.csv,Cosine + WSD-con 18e-5,2,1
0.003408385839825258,constant_0p85,0.003015252829009731,-11.534287175529457,0.012617746727334333,0.0,25,0.85,wsd_20000_24000.csv,WSD sharp,cosine_72000.csv|wsdcon_18.csv,Cosine + WSD-con 18e-5,2,1
0.004487187642230267,constant_0p85,0.002902565065633648,-35.31438181196751,0.012617746727334333,0.0,25,0.85,wsdcon_3.csv,WSD-con 3e-5,cosine_72000.csv|wsdcon_18.csv,Cosine + WSD-con 18e-5,2,1
0.002926482771138891,constant_0p85,0.002286483326911694,-21.869236700755636,0.012617746727334333,0.0,25,0.85,wsdcon_9.csv,WSD-con 9e-5,cosine_72000.csv|wsdcon_18.csv,Cosine + WSD-con 18e-5,2,1
0.0031360955249893426,constant_0p85,0.0028531982269844503,-9.020684980756567,0.012617746727334333,0.0,25,0.85,wsdld_20000_24000.csv,WSD linear,cosine_72000.csv|wsdcon_18.csv,Cosine + WSD-con 18e-5,2,1
0.003408385839825258,train_size_rho0p25,0.002997266351390721,-12.061999660684375,0.013195029257343092,0.25,25,0.8888888888888888,wsd_20000_24000.csv,WSD sharp,cosine_72000.csv|wsdcon_18.csv,Cosine + WSD-con 18e-5,2,1
0.004487187642230267,train_size_rho0p25,0.002866791032130958,-36.111630252527696,0.013195029257343092,0.25,25,0.8888888888888888,wsdcon_3.csv,WSD-con 3e-5,cosine_72000.csv|wsdcon_18.csv,Cosine + WSD-con 18e-5,2,1
0.002926482771138891,train_size_rho0p25,0.002265734898241423,-22.57822528168607,0.013195029257343092,0.25,25,0.8888888888888888,wsdcon_9.csv,WSD-con 9e-5,cosine_72000.csv|wsdcon_18.csv,Cosine + WSD-con 18e-5,2,1
0.0031360955249893426,train_size_rho0p25,0.00284025521335025,-9.433396058307174,0.013195029257343092,0.25,25,0.8888888888888888,wsdld_20000_24000.csv,WSD linear,cosine_72000.csv|wsdcon_18.csv,Cosine + WSD-con 18e-5,2,1
0.003408385839825258,train_size_rho0p35,0.0030147607977070966,-11.548723079378298,0.012633538650647643,0.35,25,0.851063829787234,wsd_20000_24000.csv,WSD sharp,cosine_72000.csv|wsdcon_18.csv,Cosine + WSD-con 18e-5,2,1
0.004487187642230267,train_size_rho0p35,0.002901571892776962,-35.33651533826222,0.012633538650647643,0.35,25,0.851063829787234,wsdcon_3.csv,WSD-con 3e-5,cosine_72000.csv|wsdcon_18.csv,Cosine + WSD-con 18e-5,2,1
0.002926482771138891,train_size_rho0p35,0.002285799639370741,-21.892598790828245,0.012633538650647643,0.35,25,0.851063829787234,wsdcon_9.csv,WSD-con 9e-5,cosine_72000.csv|wsdcon_18.csv,Cosine + WSD-con 18e-5,2,1
0.0031360955249893426,train_size_rho0p35,0.002852844162781688,-9.031974949443455,0.012633538650647643,0.35,25,0.851063829787234,wsdld_20000_24000.csv,WSD linear,cosine_72000.csv|wsdcon_18.csv,Cosine + WSD-con 18e-5,2,1
0.003408385839825258,train_size_rho0p5,0.0030383783002341782,-10.85579969461583,0.011875526331608785,0.5,25,0.8,wsd_20000_24000.csv,WSD sharp,cosine_72000.csv|wsdcon_18.csv,Cosine + WSD-con 18e-5,2,1
0.004487187642230267,train_size_rho0p5,0.0029516850185758105,-34.219710564438664,0.011875526331608785,0.5,25,0.8,wsdcon_3.csv,WSD-con 3e-5,cosine_72000.csv|wsdcon_18.csv,Cosine + WSD-con 18e-5,2,1
0.002926482771138891,train_size_rho0p5,0.002319093502465108,-20.754923783043722,0.011875526331608785,0.5,25,0.8,wsdcon_9.csv,WSD-con 9e-5,cosine_72000.csv|wsdcon_18.csv,Cosine + WSD-con 18e-5,2,1
0.0031360955249893426,train_size_rho0p5,0.00286983924451415,-8.490056452476757,0.011875526331608785,0.5,25,0.8,wsdld_20000_24000.csv,WSD linear,cosine_72000.csv|wsdcon_18.csv,Cosine + WSD-con 18e-5,2,1
0.003408385839825258,train_size_rho0p75,0.0030720153492879193,-9.868908813286925,0.010795933028735258,0.75,25,0.7272727272727273,wsd_20000_24000.csv,WSD sharp,cosine_72000.csv|wsdcon_18.csv,Cosine + WSD-con 18e-5,2,1
0.004487187642230267,train_size_rho0p75,0.0030347383000947302,-32.36881222586061,0.010795933028735258,0.75,25,0.7272727272727273,wsdcon_3.csv,WSD-con 3e-5,cosine_72000.csv|wsdcon_18.csv,Cosine + WSD-con 18e-5,2,1
0.002926482771138891,train_size_rho0p75,0.002368077486166375,-19.081106182463625,0.010795933028735258,0.75,25,0.7272727272727273,wsdcon_9.csv,WSD-con 9e-5,cosine_72000.csv|wsdcon_18.csv,Cosine + WSD-con 18e-5,2,1
0.0031360955249893426,train_size_rho0p75,0.0028940443609209907,-7.718233138615071,0.010795933028735258,0.75,25,0.7272727272727273,wsdld_20000_24000.csv,WSD linear,cosine_72000.csv|wsdcon_18.csv,Cosine + WSD-con 18e-5,2,1
0.003408385839825258,train_size_rho1p0,0.0031000462234993583,-9.046499745513191,0.00989627194300732,1.0,25,0.6666666666666666,wsd_20000_24000.csv,WSD sharp,cosine_72000.csv|wsdcon_18.csv,Cosine + WSD-con 18e-5,2,1
0.004487187642230267,train_size_rho1p0,0.0031129741270123842,-30.625274108993082,0.00989627194300732,1.0,25,0.6666666666666666,wsdcon_3.csv,WSD-con 3e-5,cosine_72000.csv|wsdcon_18.csv,Cosine + WSD-con 18e-5,2,1
0.002926482771138891,train_size_rho1p0,0.0024100750390826037,-17.646019896277,0.00989627194300732,1.0,25,0.6666666666666666,wsdcon_9.csv,WSD-con 9e-5,cosine_72000.csv|wsdcon_18.csv,Cosine + WSD-con 18e-5,2,1
0.0031360955249893426,train_size_rho1p0,0.0029142152912600217,-7.075047043730431,0.00989627194300732,1.0,25,0.6666666666666666,wsdld_20000_24000.csv,WSD linear,cosine_72000.csv|wsdcon_18.csv,Cosine + WSD-con 18e-5,2,1
0.003408385839825258,train_selected_rho,0.0030229613194178804,-11.308124681891574,0.01237033992875915,0.4,25,0.8333333333333334,wsd_20000_24000.csv,WSD sharp,cosine_72000.csv|wsdcon_18.csv,Cosine + WSD-con 18e-5,2,1
0.004487187642230267,train_selected_rho,0.0029181247737215697,-34.96762323335394,0.01237033992875915,0.4,25,0.8333333333333334,wsdcon_3.csv,WSD-con 3e-5,cosine_72000.csv|wsdcon_18.csv,Cosine + WSD-con 18e-5,2,1
0.002926482771138891,train_selected_rho,0.0022971944317202943,-21.50323062293984,0.01237033992875915,0.4,25,0.8333333333333334,wsdcon_9.csv,WSD-con 9e-5,cosine_72000.csv|wsdcon_18.csv,Cosine + WSD-con 18e-5,2,1
0.0031360955249893426,train_selected_rho,0.0028587452328276844,-8.843808804663267,0.01237033992875915,0.4,25,0.8333333333333334,wsdld_20000_24000.csv,WSD linear,cosine_72000.csv|wsdcon_18.csv,Cosine + WSD-con 18e-5,2,1
0.0037480705220761528,none,0.0033404083005694283,-10.876588877012638,0.013161032120090978,0.0,100,1.0,wsd_20000_24000.csv,WSD sharp,cosine_72000.csv|wsdcon_18.csv,Cosine + WSD-con 18e-5,2,1
0.0056693997340904675,none,0.004570546843514317,-19.382173459540642,0.013161032120090978,0.0,100,1.0,wsdcon_3.csv,WSD-con 3e-5,cosine_72000.csv|wsdcon_18.csv,Cosine + WSD-con 18e-5,2,1
0.004934623402238123,none,0.004658442697637938,-5.596793961519364,0.013161032120090978,0.0,100,1.0,wsdcon_9.csv,WSD-con 9e-5,cosine_72000.csv|wsdcon_18.csv,Cosine + WSD-con 18e-5,2,1
0.003248313740665229,none,0.0029549612676086313,-9.030915621978108,0.013161032120090978,0.0,100,1.0,wsdld_20000_24000.csv,WSD linear,cosine_72000.csv|wsdcon_18.csv,Cosine + WSD-con 18e-5,2,1
0.0037480705220761528,constant_0p85,0.003401557633795448,-9.24510054546045,0.011186877302077331,0.0,100,0.85,wsd_20000_24000.csv,WSD sharp,cosine_72000.csv|wsdcon_18.csv,Cosine + WSD-con 18e-5,2,1
0.0056693997340904675,constant_0p85,0.004669942340014065,-17.62898086135293,0.011186877302077331,0.0,100,0.85,wsdcon_3.csv,WSD-con 3e-5,cosine_72000.csv|wsdcon_18.csv,Cosine + WSD-con 18e-5,2,1
0.004934623402238123,constant_0p85,0.004667053668884897,-5.4222928791661795,0.011186877302077331,0.0,100,0.85,wsdcon_9.csv,WSD-con 9e-5,cosine_72000.csv|wsdcon_18.csv,Cosine + WSD-con 18e-5,2,1
0.003248313740665229,constant_0p85,0.002998964138567115,-7.67627827868157,0.011186877302077331,0.0,100,0.85,wsdld_20000_24000.csv,WSD linear,cosine_72000.csv|wsdcon_18.csv,Cosine + WSD-con 18e-5,2,1
0.0037480705220761528,train_size_rho0p25,0.0033857041029590677,-9.668079001788922,0.011698695217858646,0.25,100,0.8888888888888888,wsd_20000_24000.csv,WSD sharp,cosine_72000.csv|wsdcon_18.csv,Cosine + WSD-con 18e-5,2,1
0.0056693997340904675,train_size_rho0p25,0.004642137299754162,-18.11942149993958,0.011698695217858646,0.25,100,0.8888888888888888,wsdcon_3.csv,WSD-con 3e-5,cosine_72000.csv|wsdcon_18.csv,Cosine + WSD-con 18e-5,2,1
0.004934623402238123,train_size_rho0p25,0.00466482119485793,-5.467533900516564,0.011698695217858646,0.25,100,0.8888888888888888,wsdcon_9.csv,WSD-con 9e-5,cosine_72000.csv|wsdcon_18.csv,Cosine + WSD-con 18e-5,2,1
0.003248313740665229,train_size_rho0p25,0.0029875559868371444,-8.02748055286936,0.011698695217858646,0.25,100,0.8888888888888888,wsdld_20000_24000.csv,WSD linear,cosine_72000.csv|wsdcon_18.csv,Cosine + WSD-con 18e-5,2,1
0.0037480705220761528,train_size_rho0p35,0.003401123950581073,-9.256671384691483,0.011200878400077429,0.35,100,0.851063829787234,wsd_20000_24000.csv,WSD sharp,cosine_72000.csv|wsdcon_18.csv,Cosine + WSD-con 18e-5,2,1
0.0056693997340904675,train_size_rho0p35,0.004669181715812444,-17.642397170614878,0.011200878400077429,0.35,100,0.851063829787234,wsdcon_3.csv,WSD-con 3e-5,cosine_72000.csv|wsdcon_18.csv,Cosine + WSD-con 18e-5,2,1
0.004934623402238123,train_size_rho0p35,0.004666992598166836,-5.423530475494875,0.011200878400077429,0.35,100,0.851063829787234,wsdcon_9.csv,WSD-con 9e-5,cosine_72000.csv|wsdcon_18.csv,Cosine + WSD-con 18e-5,2,1
0.003248313740665229,train_size_rho0p35,0.002998652061468119,-7.685885635726219,0.011200878400077429,0.35,100,0.851063829787234,wsdld_20000_24000.csv,WSD linear,cosine_72000.csv|wsdcon_18.csv,Cosine + WSD-con 18e-5,2,1
0.0037480705220761528,train_size_rho0p5,0.003421940744870783,-8.701271101609843,0.010528825696072783,0.5,100,0.8,wsd_20000_24000.csv,WSD sharp,cosine_72000.csv|wsdcon_18.csv,Cosine + WSD-con 18e-5,2,1
0.0056693997340904675,train_size_rho0p5,0.004707900791148761,-16.95944876068891,0.010528825696072783,0.5,100,0.8,wsdcon_3.csv,WSD-con 3e-5,cosine_72000.csv|wsdcon_18.csv,Cosine + WSD-con 18e-5,2,1
0.004934623402238123,train_size_rho0p5,0.004669923992633891,-5.364125851714963,0.010528825696072783,0.5,100,0.8,wsdcon_9.csv,WSD-con 9e-5,cosine_72000.csv|wsdcon_18.csv,Cosine + WSD-con 18e-5,2,1
0.003248313740665229,train_size_rho0p5,0.0030136317622199427,-7.224732497582731,0.010528825696072783,0.5,100,0.8,wsdld_20000_24000.csv,WSD linear,cosine_72000.csv|wsdcon_18.csv,Cosine + WSD-con 18e-5,2,1
0.0037480705220761528,train_size_rho0p75,0.003451588906434905,-7.910246456009029,0.00957165972370253,0.75,100,0.7272727272727273,wsd_20000_24000.csv,WSD sharp,cosine_72000.csv|wsdcon_18.csv,Cosine + WSD-con 18e-5,2,1
0.0056693997340904675,train_size_rho0p75,0.004766495010398595,-15.925931598413278,0.00957165972370253,0.75,100,0.7272727272727273,wsdcon_3.csv,WSD-con 3e-5,cosine_72000.csv|wsdcon_18.csv,Cosine + WSD-con 18e-5,2,1
0.004934623402238123,train_size_rho0p75,0.004675199302827016,-5.257221843787397,0.00957165972370253,0.75,100,0.7272727272727273,wsdcon_9.csv,WSD-con 9e-5,cosine_72000.csv|wsdcon_18.csv,Cosine + WSD-con 18e-5,2,1
0.003248313740665229,train_size_rho0p75,0.0030349664875331545,-6.567938634166004,0.00957165972370253,0.75,100,0.7272727272727273,wsdld_20000_24000.csv,WSD linear,cosine_72000.csv|wsdcon_18.csv,Cosine + WSD-con 18e-5,2,1
0.0037480705220761528,train_size_rho1p0,0.0034762957077383383,-7.251059251341707,0.008774021413393986,1.0,100,0.6666666666666666,wsd_20000_24000.csv,WSD sharp,cosine_72000.csv|wsdcon_18.csv,Cosine + WSD-con 18e-5,2,1
0.0056693997340904675,train_size_rho1p0,0.004819724479713062,-14.987040854929546,0.008774021413393986,1.0,100,0.6666666666666666,wsdcon_3.csv,WSD-con 3e-5,cosine_72000.csv|wsdcon_18.csv,Cosine + WSD-con 18e-5,2,1
0.004934623402238123,train_size_rho1p0,0.004691135257393419,-4.934280187101381,0.008774021413393986,1.0,100,0.6666666666666666,wsdcon_9.csv,WSD-con 9e-5,cosine_72000.csv|wsdcon_18.csv,Cosine + WSD-con 18e-5,2,1
0.003248313740665229,train_size_rho1p0,0.003052745425294155,-6.020610414652349,0.008774021413393986,1.0,100,0.6666666666666666,wsdld_20000_24000.csv,WSD linear,cosine_72000.csv|wsdcon_18.csv,Cosine + WSD-con 18e-5,2,1
0.0037480705220761528,train_selected_rho,0.0034083520041538807,-9.06382406417725,0.010967526766742482,0.4,100,0.8333333333333334,wsd_20000_24000.csv,WSD sharp,cosine_72000.csv|wsdcon_18.csv,Cosine + WSD-con 18e-5,2,1
0.0056693997340904675,train_selected_rho,0.004681858785839728,-17.418792016244545,0.010967526766742482,0.4,100,0.8333333333333334,wsdcon_3.csv,WSD-con 3e-5,cosine_72000.csv|wsdcon_18.csv,Cosine + WSD-con 18e-5,2,1
0.004934623402238123,train_selected_rho,0.004668010443467899,-5.402903870015708,0.010967526766742482,0.4,100,0.8333333333333334,wsdcon_9.csv,WSD-con 9e-5,cosine_72000.csv|wsdcon_18.csv,Cosine + WSD-con 18e-5,2,1
0.003248313740665229,train_selected_rho,0.0030038533464513944,-7.525763018315191,0.010967526766742482,0.4,100,0.8333333333333334,wsdld_20000_24000.csv,WSD linear,cosine_72000.csv|wsdcon_18.csv,Cosine + WSD-con 18e-5,2,1
0.004701998914275349,none,0.003992656275722922,-15.085980483722583,0.022707554475117322,0.0,400,1.0,wsd_20000_24000.csv,WSD sharp,cosine_72000.csv|wsdcon_18.csv,Cosine + WSD-con 18e-5,2,1
0.008173606778800102,none,0.0056501313344748715,-30.873462751723924,0.022707554475117322,0.0,400,1.0,wsdcon_3.csv,WSD-con 3e-5,cosine_72000.csv|wsdcon_18.csv,Cosine + WSD-con 18e-5,2,1
0.006687305974578527,none,0.006186945271205669,-7.482246292826367,0.022707554475117322,0.0,400,1.0,wsdcon_9.csv,WSD-con 9e-5,cosine_72000.csv|wsdcon_18.csv,Cosine + WSD-con 18e-5,2,1
0.0038535563963712593,none,0.003343917367913207,-13.225160761574928,0.022707554475117322,0.0,400,1.0,wsdld_20000_24000.csv,WSD linear,cosine_72000.csv|wsdcon_18.csv,Cosine + WSD-con 18e-5,2,1
0.004701998914275349,constant_0p85,0.004099057671505787,-12.823083411164172,0.019301421303849722,0.0,400,0.85,wsd_20000_24000.csv,WSD sharp,cosine_72000.csv|wsdcon_18.csv,Cosine + WSD-con 18e-5,2,1
0.008173606778800102,constant_0p85,0.005942879799330082,-27.291831376765774,0.019301421303849722,0.0,400,0.85,wsdcon_3.csv,WSD-con 3e-5,cosine_72000.csv|wsdcon_18.csv,Cosine + WSD-con 18e-5,2,1
0.006687305974578527,constant_0p85,0.006235279670181322,-6.759467954891885,0.019301421303849722,0.0,400,0.85,wsdcon_9.csv,WSD-con 9e-5,cosine_72000.csv|wsdcon_18.csv,Cosine + WSD-con 18e-5,2,1
0.0038535563963712593,constant_0p85,0.0034203632221819127,-11.241386647338736,0.019301421303849722,0.0,400,0.85,wsdld_20000_24000.csv,WSD linear,cosine_72000.csv|wsdcon_18.csv,Cosine + WSD-con 18e-5,2,1
0.004701998914275349,train_size_rho0p25,0.00407147212445097,-13.409760429975615,0.020184492866770952,0.25,400,0.8888888888888888,wsd_20000_24000.csv,WSD sharp,cosine_72000.csv|wsdcon_18.csv,Cosine + WSD-con 18e-5,2,1
0.008173606778800102,train_size_rho0p25,0.0058644051881603775,-28.251929082631,0.020184492866770952,0.25,400,0.8888888888888888,wsdcon_3.csv,WSD-con 3e-5,cosine_72000.csv|wsdcon_18.csv,Cosine + WSD-con 18e-5,2,1
0.006687305974578527,train_size_rho0p25,0.0062206276747451845,-6.97856957057742,0.020184492866770952,0.25,400,0.8888888888888888,wsdcon_9.csv,WSD-con 9e-5,cosine_72000.csv|wsdcon_18.csv,Cosine + WSD-con 18e-5,2,1
0.0038535563963712593,train_size_rho0p25,0.0034005439266307663,-11.75569845473332,0.020184492866770952,0.25,400,0.8888888888888888,wsdld_20000_24000.csv,WSD linear,cosine_72000.csv|wsdcon_18.csv,Cosine + WSD-con 18e-5,2,1
0.004701998914275349,train_size_rho0p35,0.0040983030516775435,-12.839132326572312,0.019325578276695593,0.35,400,0.851063829787234,wsd_20000_24000.csv,WSD sharp,cosine_72000.csv|wsdcon_18.csv,Cosine + WSD-con 18e-5,2,1
0.008173606778800102,train_size_rho0p35,0.0059407330774439646,-27.318095447747083,0.019325578276695593,0.35,400,0.851063829787234,wsdcon_3.csv,WSD-con 3e-5,cosine_72000.csv|wsdcon_18.csv,Cosine + WSD-con 18e-5,2,1
0.006687305974578527,train_size_rho0p35,0.006234878855716527,-6.76546161611088,0.019325578276695593,0.35,400,0.851063829787234,wsdcon_9.csv,WSD-con 9e-5,cosine_72000.csv|wsdcon_18.csv,Cosine + WSD-con 18e-5,2,1
0.0038535563963712593,train_size_rho0p35,0.0034198210530027,-11.255455967297912,0.019325578276695593,0.35,400,0.851063829787234,wsdld_20000_24000.csv,WSD linear,cosine_72000.csv|wsdcon_18.csv,Cosine + WSD-con 18e-5,2,1
0.004701998914275349,train_size_rho0p5,0.004134524803433417,-12.068784386977871,0.018166043580093858,0.5,400,0.8,wsd_20000_24000.csv,WSD sharp,cosine_72000.csv|wsdcon_18.csv,Cosine + WSD-con 18e-5,2,1
0.008173606778800102,train_size_rho0p5,0.006047589823891788,-26.010756480511986,0.018166043580093858,0.5,400,0.8,wsdcon_3.csv,WSD-con 3e-5,cosine_72000.csv|wsdcon_18.csv,Cosine + WSD-con 18e-5,2,1
0.006687305974578527,train_size_rho0p5,0.006254117950027804,-6.477765877581598,0.018166043580093858,0.5,400,0.8,wsdcon_9.csv,WSD-con 9e-5,cosine_72000.csv|wsdcon_18.csv,Cosine + WSD-con 18e-5,2,1
0.0038535563963712593,train_size_rho0p5,0.0034458451736048092,-10.580128609260154,0.018166043580093858,0.5,400,0.8,wsdld_20000_24000.csv,WSD linear,cosine_72000.csv|wsdcon_18.csv,Cosine + WSD-con 18e-5,2,1
0.004701998914275349,train_size_rho0p75,0.00418611335896449,-10.971622169980122,0.016514585072812598,0.75,400,0.7272727272727273,wsd_20000_24000.csv,WSD sharp,cosine_72000.csv|wsdcon_18.csv,Cosine + WSD-con 18e-5,2,1
0.008173606778800102,train_size_rho0p75,0.006209938853018571,-24.02449712744563,0.016514585072812598,0.75,400,0.7272727272727273,wsdcon_3.csv,WSD-con 3e-5,cosine_72000.csv|wsdcon_18.csv,Cosine + WSD-con 18e-5,2,1
0.006687305974578527,train_size_rho0p75,0.006281519084349927,-6.068017401494408,0.016514585072812598,0.75,400,0.7272727272727273,wsdcon_9.csv,WSD-con 9e-5,cosine_72000.csv|wsdcon_18.csv,Cosine + WSD-con 18e-5,2,1
0.0038535563963712593,train_size_rho0p75,0.003482909830219947,-9.6182987356909,0.016514585072812598,0.75,400,0.7272727272727273,wsdld_20000_24000.csv,WSD linear,cosine_72000.csv|wsdcon_18.csv,Cosine + WSD-con 18e-5,2,1
0.004701998914275349,train_size_rho1p0,0.004229103821907068,-10.057320322481633,0.015138369650078214,1.0,400,0.6666666666666666,wsd_20000_24000.csv,WSD sharp,cosine_72000.csv|wsdcon_18.csv,Cosine + WSD-con 18e-5,2,1
0.008173606778800102,train_size_rho1p0,0.00635077760354156,-22.30140529865491,0.015138369650078214,1.0,400,0.6666666666666666,wsdcon_3.csv,WSD-con 3e-5,cosine_72000.csv|wsdcon_18.csv,Cosine + WSD-con 18e-5,2,1
0.006687305974578527,train_size_rho1p0,0.006307472372326177,-5.679919592377991,0.015138369650078214,1.0,400,0.6666666666666666,wsdcon_9.csv,WSD-con 9e-5,cosine_72000.csv|wsdcon_18.csv,Cosine + WSD-con 18e-5,2,1
0.0038535563963712593,train_size_rho1p0,0.0035137970440658945,-8.816773841049862,0.015138369650078214,1.0,400,0.6666666666666666,wsdld_20000_24000.csv,WSD linear,cosine_72000.csv|wsdcon_18.csv,Cosine + WSD-con 18e-5,2,1
0.004701998914275349,train_selected_rho,0.0041108800488150014,-12.571650403101975,0.01892296206259777,0.4,400,0.8333333333333334,wsd_20000_24000.csv,WSD sharp,cosine_72000.csv|wsdcon_18.csv,Cosine + WSD-con 18e-5,2,1
0.008173606778800102,train_selected_rho,0.005976524756838339,-26.880202111757313,0.01892296206259777,0.4,400,0.8333333333333334,wsdcon_3.csv,WSD-con 3e-5,cosine_72000.csv|wsdcon_18.csv,Cosine + WSD-con 18e-5,2,1
0.006687305974578527,train_selected_rho,0.006241559096796819,-6.665567262455074,0.01892296206259777,0.4,400,0.8333333333333334,wsdcon_9.csv,WSD-con 9e-5,cosine_72000.csv|wsdcon_18.csv,Cosine + WSD-con 18e-5,2,1
0.0038535563963712593,train_selected_rho,0.0034288572059895405,-11.020967301312655,0.01892296206259777,0.4,400,0.8333333333333334,wsdld_20000_24000.csv,WSD linear,cosine_72000.csv|wsdcon_18.csv,Cosine + WSD-con 18e-5,2,1
0.00744534704076948,none,0.0072399955541627425,-2.7581183990788793,0.018074466815058043,0.0,25,1.0,cosine_72000.csv,Cosine,wsd_20000_24000.csv|wsdld_20000_24000.csv,WSD sharp + WSD linear,2,1
0.002504818961791151,none,0.002135003950890121,-14.764141302914036,0.018074466815058043,0.0,25,1.0,wsdcon_18.csv,WSD-con 18e-5,wsd_20000_24000.csv|wsdld_20000_24000.csv,WSD sharp + WSD linear,2,1
0.004487187642230267,none,0.002778341637286588,-38.08278461237542,0.018074466815058043,0.0,25,1.0,wsdcon_3.csv,WSD-con 3e-5,wsd_20000_24000.csv|wsdld_20000_24000.csv,WSD sharp + WSD linear,2,1
0.002926482771138891,none,0.002209871316100675,-24.48712365934531,0.018074466815058043,0.0,25,1.0,wsdcon_9.csv,WSD-con 9e-5,wsd_20000_24000.csv|wsdld_20000_24000.csv,WSD sharp + WSD linear,2,1
0.00744534704076948,constant_0p85,0.007270798277153752,-2.344400639217059,0.015363296792799335,0.0,25,0.85,cosine_72000.csv,Cosine,wsd_20000_24000.csv|wsdld_20000_24000.csv,WSD sharp + WSD linear,2,1
0.002504818961791151,constant_0p85,0.002190476202525268,-12.54952010747723,0.015363296792799335,0.0,25,0.85,wsdcon_18.csv,WSD-con 18e-5,wsd_20000_24000.csv|wsdld_20000_24000.csv,WSD sharp + WSD linear,2,1
0.004487187642230267,constant_0p85,0.002781736430314783,-38.007129362386635,0.015363296792799335,0.0,25,0.85,wsdcon_3.csv,WSD-con 3e-5,wsd_20000_24000.csv|wsdld_20000_24000.csv,WSD sharp + WSD linear,2,1
0.002926482771138891,constant_0p85,0.0022125608542398504,-24.3952202261285,0.015363296792799335,0.0,25,0.85,wsdcon_9.csv,WSD-con 9e-5,wsd_20000_24000.csv|wsdld_20000_24000.csv,WSD sharp + WSD linear,2,1
0.00744534704076948,train_size_rho0p25,0.007262812386007933,-2.4516607991812656,0.016066192724496036,0.25,25,0.8888888888888888,cosine_72000.csv,Cosine,wsd_20000_24000.csv|wsdld_20000_24000.csv,WSD sharp + WSD linear,2,1
0.002504818961791151,train_size_rho0p25,0.0021760945076568887,-13.12368115814635,0.016066192724496036,0.25,25,0.8888888888888888,wsdcon_18.csv,WSD-con 18e-5,wsd_20000_24000.csv|wsdld_20000_24000.csv,WSD sharp + WSD linear,2,1
0.004487187642230267,train_size_rho0p25,0.0027692942191330948,-38.28441242192688,0.016066192724496036,0.25,25,0.8888888888888888,wsdcon_3.csv,WSD-con 3e-5,wsd_20000_24000.csv|wsdld_20000_24000.csv,WSD sharp + WSD linear,2,1
0.002926482771138891,train_size_rho0p25,0.0022004142554619063,-24.810278154975173,0.016066192724496036,0.25,25,0.8888888888888888,wsdcon_9.csv,WSD-con 9e-5,wsd_20000_24000.csv|wsdld_20000_24000.csv,WSD sharp + WSD linear,2,1
0.00744534704076948,train_size_rho0p35,0.0072705798181254356,-2.347334807726875,0.015382524948985569,0.35,25,0.851063829787234,cosine_72000.csv,Cosine,wsd_20000_24000.csv|wsdld_20000_24000.csv,WSD sharp + WSD linear,2,1
0.002504818961791151,train_size_rho0p35,0.0021900827823009028,-12.565226640778304,0.015382524948985569,0.35,25,0.851063829787234,wsdcon_18.csv,WSD-con 18e-5,wsd_20000_24000.csv|wsdld_20000_24000.csv,WSD sharp + WSD linear,2,1
0.004487187642230267,train_size_rho0p35,0.0027813735153901166,-38.01521716600891,0.015382524948985569,0.35,25,0.851063829787234,wsdcon_3.csv,WSD-con 3e-5,wsd_20000_24000.csv|wsdld_20000_24000.csv,WSD sharp + WSD linear,2,1
0.002926482771138891,train_size_rho0p35,0.002212199800389716,-24.407557693264646,0.015382524948985569,0.35,25,0.851063829787234,wsdcon_9.csv,WSD-con 9e-5,wsd_20000_24000.csv|wsdld_20000_24000.csv,WSD sharp + WSD linear,2,1
0.00744534704076948,train_size_rho0p5,0.007281065851484087,-2.2064947192631412,0.014459573452046435,0.5,25,0.8,cosine_72000.csv,Cosine,wsd_20000_24000.csv|wsdld_20000_24000.csv,WSD sharp + WSD linear,2,1
0.002504818961791151,train_size_rho0p5,0.002208966953070322,-11.811313042331427,0.014459573452046435,0.5,25,0.8,wsdcon_18.csv,WSD-con 18e-5,wsd_20000_24000.csv|wsdld_20000_24000.csv,WSD sharp + WSD linear,2,1
0.004487187642230267,train_size_rho0p5,0.002812585182945819,-37.31964412462414,0.014459573452046435,0.5,25,0.8,wsdcon_3.csv,WSD-con 3e-5,wsd_20000_24000.csv|wsdld_20000_24000.csv,WSD sharp + WSD linear,2,1
0.002926482771138891,train_size_rho0p5,0.0022310632999226606,-23.762978483061282,0.014459573452046435,0.5,25,0.8,wsdcon_9.csv,WSD-con 9e-5,wsd_20000_24000.csv|wsdld_20000_24000.csv,WSD sharp + WSD linear,2,1
0.00744534704076948,train_size_rho0p75,0.007296000505055487,-2.0059042902392132,0.013145066774587667,0.75,25,0.7272727272727273,cosine_72000.csv,Cosine,wsd_20000_24000.csv|wsdld_20000_24000.csv,WSD sharp + WSD linear,2,1
0.002504818961791151,train_size_rho0p75,0.0022358625902267636,-10.737557311210278,0.013145066774587667,0.75,25,0.7272727272727273,wsdcon_18.csv,WSD-con 18e-5,wsd_20000_24000.csv|wsdld_20000_24000.csv,WSD sharp + WSD linear,2,1
0.004487187642230267,train_size_rho0p75,0.002869526507088394,-36.0506683499834,0.013145066774587667,0.75,25,0.7272727272727273,wsdcon_3.csv,WSD-con 3e-5,wsd_20000_24000.csv|wsdld_20000_24000.csv,WSD sharp + WSD linear,2,1
0.002926482771138891,train_size_rho0p75,0.002267161659481149,-22.529471834244063,0.013145066774587667,0.75,25,0.7272727272727273,wsdcon_9.csv,WSD-con 9e-5,wsd_20000_24000.csv|wsdld_20000_24000.csv,WSD sharp + WSD linear,2,1
0.00744534704076948,train_size_rho1p0,0.007308446049698316,-1.8387455993859936,0.012049644543372028,1.0,25,0.6666666666666666,cosine_72000.csv,Cosine,wsd_20000_24000.csv|wsdld_20000_24000.csv,WSD sharp + WSD linear,2,1
0.002504818961791151,train_size_rho1p0,0.0022582756211904625,-9.842760868609435,0.012049644543372028,1.0,25,0.6666666666666666,wsdcon_18.csv,WSD-con 18e-5,wsd_20000_24000.csv|wsdld_20000_24000.csv,WSD sharp + WSD linear,2,1
0.004487187642230267,train_size_rho1p0,0.002939370486049803,-34.4941482191093,0.012049644543372028,1.0,25,0.6666666666666666,wsdcon_3.csv,WSD-con 3e-5,wsd_20000_24000.csv|wsdld_20000_24000.csv,WSD sharp + WSD linear,2,1
0.002926482771138891,train_size_rho1p0,0.0023111933018762423,-21.02487926225508,0.012049644543372028,1.0,25,0.6666666666666666,wsdcon_9.csv,WSD-con 9e-5,wsd_20000_24000.csv|wsdld_20000_24000.csv,WSD sharp + WSD linear,2,1
0.00744534704076948,train_selected_rho,0.0072399955541627425,-2.7581183990788793,0.018074466815058043,0.0,25,1.0,cosine_72000.csv,Cosine,wsd_20000_24000.csv|wsdld_20000_24000.csv,WSD sharp + WSD linear,2,1
0.002504818961791151,train_selected_rho,0.002135003950890121,-14.764141302914036,0.018074466815058043,0.0,25,1.0,wsdcon_18.csv,WSD-con 18e-5,wsd_20000_24000.csv|wsdld_20000_24000.csv,WSD sharp + WSD linear,2,1
0.004487187642230267,train_selected_rho,0.002778341637286588,-38.08278461237542,0.018074466815058043,0.0,25,1.0,wsdcon_3.csv,WSD-con 3e-5,wsd_20000_24000.csv|wsdld_20000_24000.csv,WSD sharp + WSD linear,2,1
0.002926482771138891,train_selected_rho,0.002209871316100675,-24.48712365934531,0.018074466815058043,0.0,25,1.0,wsdcon_9.csv,WSD-con 9e-5,wsd_20000_24000.csv|wsdld_20000_24000.csv,WSD sharp + WSD linear,2,1
0.007265129575917493,none,0.006922302366337359,-4.718803787292936,0.03018477276082631,0.0,100,1.0,cosine_72000.csv,Cosine,wsd_20000_24000.csv|wsdld_20000_24000.csv,WSD sharp + WSD linear,2,1
0.0013816404339982303,none,0.0013379390794092346,-3.1630048971953872,0.03018477276082631,0.0,100,1.0,wsdcon_18.csv,WSD-con 18e-5,wsd_20000_24000.csv|wsdld_20000_24000.csv,WSD sharp + WSD linear,2,1
0.0056693997340904675,none,0.004983038853158373,-12.106411844713683,0.03018477276082631,0.0,100,1.0,wsdcon_3.csv,WSD-con 3e-5,wsd_20000_24000.csv|wsdld_20000_24000.csv,WSD sharp + WSD linear,2,1
0.004934623402238123,none,0.00511008672269184,3.5557590954992557,0.03018477276082631,0.0,100,1.0,wsdcon_9.csv,WSD-con 9e-5,wsd_20000_24000.csv|wsdld_20000_24000.csv,WSD sharp + WSD linear,2,0
0.007265129575917493,constant_0p85,0.006973726447774377,-4.0109832191990265,0.025657056846702362,0.0,100,0.85,cosine_72000.csv,Cosine,wsd_20000_24000.csv|wsdld_20000_24000.csv,WSD sharp + WSD linear,2,1
0.0013816404339982303,constant_0p85,0.0012572319170194566,-9.004406205654881,0.025657056846702362,0.0,100,0.85,wsdcon_18.csv,WSD-con 18e-5,wsd_20000_24000.csv|wsdld_20000_24000.csv,WSD sharp + WSD linear,2,1
0.0056693997340904675,constant_0p85,0.004599680703676502,-18.868294362482086,0.025657056846702362,0.0,100,0.85,wsdcon_3.csv,WSD-con 3e-5,wsd_20000_24000.csv|wsdld_20000_24000.csv,WSD sharp + WSD linear,2,1
0.004934623402238123,constant_0p85,0.004866352250749806,-1.3835129030789206,0.025657056846702362,0.0,100,0.85,wsdcon_9.csv,WSD-con 9e-5,wsd_20000_24000.csv|wsdld_20000_24000.csv,WSD sharp + WSD linear,2,1
0.007265129575917493,train_size_rho0p25,0.00696039427851293,-4.194492255371496,0.026830909120734495,0.25,100,0.8888888888888888,cosine_72000.csv,Cosine,wsd_20000_24000.csv|wsdld_20000_24000.csv,WSD sharp + WSD linear,2,1
0.0013816404339982303,train_size_rho0p25,0.0012781559961575393,-7.489968829388182,0.026830909120734495,0.25,100,0.8888888888888888,wsdcon_18.csv,WSD-con 18e-5,wsd_20000_24000.csv|wsdld_20000_24000.csv,WSD sharp + WSD linear,2,1
0.0056693997340904675,train_size_rho0p25,0.004677295887296851,-17.499274937839214,0.026830909120734495,0.25,100,0.8888888888888888,wsdcon_3.csv,WSD-con 3e-5,wsd_20000_24000.csv|wsdld_20000_24000.csv,WSD sharp + WSD linear,2,1
0.004934623402238123,train_size_rho0p25,0.004921870490260642,-0.2584373910215043,0.026830909120734495,0.25,100,0.8888888888888888,wsdcon_9.csv,WSD-con 9e-5,wsd_20000_24000.csv|wsdld_20000_24000.csv,WSD sharp + WSD linear,2,1
0.007265129575917493,train_size_rho0p35,0.006973361737976956,-4.016003223227993,0.025689168307086223,0.35,100,0.851063829787234,cosine_72000.csv,Cosine,wsd_20000_24000.csv|wsdld_20000_24000.csv,WSD sharp + WSD linear,2,1
0.0013816404339982303,train_size_rho0p35,0.0012578043082420679,-8.96297782758152,0.025689168307086223,0.35,100,0.851063829787234,wsdcon_18.csv,WSD-con 18e-5,wsd_20000_24000.csv|wsdld_20000_24000.csv,WSD sharp + WSD linear,2,1
0.0056693997340904675,train_size_rho0p35,0.004601773100945353,-18.831387505195774,0.025689168307086223,0.35,100,0.851063829787234,wsdcon_3.csv,WSD-con 3e-5,wsd_20000_24000.csv|wsdld_20000_24000.csv,WSD sharp + WSD linear,2,1
0.004934623402238123,train_size_rho0p35,0.0048676020795700775,-1.3581851583172044,0.025689168307086223,0.35,100,0.851063829787234,wsdcon_9.csv,WSD-con 9e-5,wsd_20000_24000.csv|wsdld_20000_24000.csv,WSD sharp + WSD linear,2,1
0.007265129575917493,train_size_rho0p5,0.00699086780825338,-3.775043029834435,0.024147818208661048,0.5,100,0.8,cosine_72000.csv,Cosine,wsd_20000_24000.csv|wsdld_20000_24000.csv,WSD sharp + WSD linear,2,1
0.0013816404339982303,train_size_rho0p5,0.0012367876915103323,-10.484112864931072,0.024147818208661048,0.5,100,0.8,wsdcon_18.csv,WSD-con 18e-5,wsd_20000_24000.csv|wsdld_20000_24000.csv,WSD sharp + WSD linear,2,1
0.0056693997340904675,train_size_rho0p5,0.004522529199178752,-20.229135158974753,0.024147818208661048,0.5,100,0.8,wsdcon_3.csv,WSD-con 3e-5,wsd_20000_24000.csv|wsdld_20000_24000.csv,WSD sharp + WSD linear,2,1
0.004934623402238123,train_size_rho0p5,0.004813665157750059,-2.4512153132740244,0.024147818208661048,0.5,100,0.8,wsdcon_9.csv,WSD-con 9e-5,wsd_20000_24000.csv|wsdld_20000_24000.csv,WSD sharp + WSD linear,2,1
0.007265129575917493,train_size_rho0p75,0.007015800696222844,-3.4318572998494945,0.02195256200787368,0.75,100,0.7272727272727273,cosine_72000.csv,Cosine,wsd_20000_24000.csv|wsdld_20000_24000.csv,WSD sharp + WSD linear,2,1
0.0013816404339982303,train_size_rho0p75,0.0012259352409235197,-11.269588616781178,0.02195256200787368,0.75,100,0.7272727272727273,wsdcon_18.csv,WSD-con 18e-5,wsd_20000_24000.csv|wsdld_20000_24000.csv,WSD sharp + WSD linear,2,1
0.0056693997340904675,train_size_rho0p75,0.004447278309946548,-21.556451854950787,0.02195256200787368,0.75,100,0.7272727272727273,wsdcon_3.csv,WSD-con 3e-5,wsd_20000_24000.csv|wsdld_20000_24000.csv,WSD sharp + WSD linear,2,1
0.004934623402238123,train_size_rho0p75,0.004751672444645517,-3.707495844761488,0.02195256200787368,0.75,100,0.7272727272727273,wsdcon_9.csv,WSD-con 9e-5,wsd_20000_24000.csv|wsdld_20000_24000.csv,WSD sharp + WSD linear,2,1
0.007265129575917493,train_size_rho1p0,0.007036578102864071,-3.1458691915286052,0.020123181840550872,1.0,100,0.6666666666666666,cosine_72000.csv,Cosine,wsd_20000_24000.csv|wsdld_20000_24000.csv,WSD sharp + WSD linear,2,1
0.0013816404339982303,train_size_rho1p0,0.0012245278069613252,-11.371455493832649,0.020123181840550872,1.0,100,0.6666666666666666,wsdcon_18.csv,WSD-con 18e-5,wsd_20000_24000.csv|wsdld_20000_24000.csv,WSD sharp + WSD linear,2,1
0.0056693997340904675,train_size_rho1p0,0.0044258206193418075,-21.93493443884259,0.020123181840550872,1.0,100,0.6666666666666666,wsdcon_3.csv,WSD-con 3e-5,wsd_20000_24000.csv|wsdld_20000_24000.csv,WSD sharp + WSD linear,2,1
0.004934623402238123,train_size_rho1p0,0.00471185054458234,-4.514485493558496,0.020123181840550872,1.0,100,0.6666666666666666,wsdcon_9.csv,WSD-con 9e-5,wsd_20000_24000.csv|wsdld_20000_24000.csv,WSD sharp + WSD linear,2,1
0.007265129575917493,train_selected_rho,0.006922302366337359,-4.718803787292936,0.03018477276082631,0.0,100,1.0,cosine_72000.csv,Cosine,wsd_20000_24000.csv|wsdld_20000_24000.csv,WSD sharp + WSD linear,2,1
0.0013816404339982303,train_selected_rho,0.0013379390794092346,-3.1630048971953872,0.03018477276082631,0.0,100,1.0,wsdcon_18.csv,WSD-con 18e-5,wsd_20000_24000.csv|wsdld_20000_24000.csv,WSD sharp + WSD linear,2,1
0.0056693997340904675,train_selected_rho,0.004983038853158373,-12.106411844713683,0.03018477276082631,0.0,100,1.0,wsdcon_3.csv,WSD-con 3e-5,wsd_20000_24000.csv|wsdld_20000_24000.csv,WSD sharp + WSD linear,2,1
0.004934623402238123,train_selected_rho,0.00511008672269184,3.5557590954992557,0.03018477276082631,0.0,100,1.0,wsdcon_9.csv,WSD-con 9e-5,wsd_20000_24000.csv|wsdld_20000_24000.csv,WSD sharp + WSD linear,2,0
0.005612615040270773,none,0.005237540593034252,-6.682703954312652,0.05283125035873584,0.0,400,1.0,cosine_72000.csv,Cosine,wsd_20000_24000.csv|wsdld_20000_24000.csv,WSD sharp + WSD linear,2,1
0.0025579541942073844,none,0.0026045470244385575,1.8214880601335581,0.05283125035873584,0.0,400,1.0,wsdcon_18.csv,WSD-con 18e-5,wsd_20000_24000.csv|wsdld_20000_24000.csv,WSD sharp + WSD linear,2,0
0.008173606778800102,none,0.006587258073183005,-19.4081847652815,0.05283125035873584,0.0,400,1.0,wsdcon_3.csv,WSD-con 3e-5,wsd_20000_24000.csv|wsdld_20000_24000.csv,WSD sharp + WSD linear,2,1
0.006687305974578527,none,0.006854729576043815,2.5036031266064462,0.05283125035873584,0.0,400,1.0,wsdcon_9.csv,WSD-con 9e-5,wsd_20000_24000.csv|wsdld_20000_24000.csv,WSD sharp + WSD linear,2,0
0.005612615040270773,constant_0p85,0.005289116182208849,-5.763781334383444,0.044906562804925464,0.0,400,0.85,cosine_72000.csv,Cosine,wsd_20000_24000.csv|wsdld_20000_24000.csv,WSD sharp + WSD linear,2,1
0.0025579541942073844,constant_0p85,0.002484985488360148,-2.8526197229206685,0.044906562804925464,0.0,400,0.85,wsdcon_18.csv,WSD-con 18e-5,wsd_20000_24000.csv|wsdld_20000_24000.csv,WSD sharp + WSD linear,2,1
0.008173606778800102,constant_0p85,0.005516908979823117,-32.50337177789942,0.044906562804925464,0.0,400,0.85,wsdcon_3.csv,WSD-con 3e-5,wsd_20000_24000.csv|wsdld_20000_24000.csv,WSD sharp + WSD linear,2,1
0.006687305974578527,constant_0p85,0.00647805897477971,-3.1290178824516124,0.044906562804925464,0.0,400,0.85,wsdcon_9.csv,WSD-con 9e-5,wsd_20000_24000.csv|wsdld_20000_24000.csv,WSD sharp + WSD linear,2,1
0.005612615040270773,train_size_rho0p25,0.005275609041083701,-6.00443815884465,0.046961111429987414,0.25,400,0.8888888888888888,cosine_72000.csv,Cosine,wsd_20000_24000.csv|wsdld_20000_24000.csv,WSD sharp + WSD linear,2,1
0.0025579541942073844,train_size_rho0p25,0.002509647812745427,-1.8884771889719265,0.046961111429987414,0.25,400,0.8888888888888888,wsdcon_18.csv,WSD-con 18e-5,wsd_20000_24000.csv|wsdld_20000_24000.csv,WSD sharp + WSD linear,2,1
0.008173606778800102,train_size_rho0p25,0.005738578380160512,-29.791357286177846,0.046961111429987414,0.25,400,0.8888888888888888,wsdcon_3.csv,WSD-con 3e-5,wsd_20000_24000.csv|wsdld_20000_24000.csv,WSD sharp + WSD linear,2,1
0.006687305974578527,train_size_rho0p25,0.006575714315848188,-1.6687087319549931,0.046961111429987414,0.25,400,0.8888888888888888,wsdcon_9.csv,WSD-con 9e-5,wsd_20000_24000.csv|wsdld_20000_24000.csv,WSD sharp + WSD linear,2,1
0.005612615040270773,train_size_rho0p35,0.005288746685947074,-5.770364651769788,0.04496276626275391,0.35,400,0.851063829787234,cosine_72000.csv,Cosine,wsd_20000_24000.csv|wsdld_20000_24000.csv,WSD sharp + WSD linear,2,1
0.0025579541942073844,train_size_rho0p35,0.002485660141610812,-2.826245003146899,0.04496276626275391,0.35,400,0.851063829787234,wsdcon_18.csv,WSD-con 18e-5,wsd_20000_24000.csv|wsdld_20000_24000.csv,WSD sharp + WSD linear,2,1
0.008173606778800102,train_size_rho0p35,0.005522542971230332,-32.43444270460672,0.04496276626275391,0.35,400,0.851063829787234,wsdcon_3.csv,WSD-con 3e-5,wsd_20000_24000.csv|wsdld_20000_24000.csv,WSD sharp + WSD linear,2,1
0.006687305974578527,train_size_rho0p35,0.0064807303974837,-3.0890702157208683,0.04496276626275391,0.35,400,0.851063829787234,wsdcon_9.csv,WSD-con 9e-5,wsd_20000_24000.csv|wsdld_20000_24000.csv,WSD sharp + WSD linear,2,1
0.005612615040270773,train_size_rho0p5,0.005306580241883937,-5.452624065449385,0.04226500028698868,0.5,400,0.8,cosine_72000.csv,Cosine,wsd_20000_24000.csv|wsdld_20000_24000.csv,WSD sharp + WSD linear,2,1
0.0025579541942073844,train_size_rho0p5,0.0024532767855790496,-4.09223155228432,0.04226500028698868,0.5,400,0.8,wsdcon_18.csv,WSD-con 18e-5,wsd_20000_24000.csv|wsdld_20000_24000.csv,WSD sharp + WSD linear,2,1
0.008173606778800102,train_size_rho0p5,0.0052951539109410755,-35.21643438151288,0.04226500028698868,0.5,400,0.8,wsdcon_3.csv,WSD-con 3e-5,wsd_20000_24000.csv|wsdld_20000_24000.csv,WSD sharp + WSD linear,2,1
0.006687305974578527,train_size_rho0p5,0.006365714891252818,-4.808978152760213,0.04226500028698868,0.5,400,0.8,wsdcon_9.csv,WSD-con 9e-5,wsd_20000_24000.csv|wsdld_20000_24000.csv,WSD sharp + WSD linear,2,1
0.005612615040270773,train_size_rho0p75,0.005332710567656623,-4.987059875046174,0.03842272753362607,0.75,400,0.7272727272727273,cosine_72000.csv,Cosine,wsd_20000_24000.csv|wsdld_20000_24000.csv,WSD sharp + WSD linear,2,1
0.0025579541942073844,train_size_rho0p75,0.0024109402578064653,-5.747324824417877,0.03842272753362607,0.75,400,0.7272727272727273,wsdcon_18.csv,WSD-con 18e-5,wsd_20000_24000.csv|wsdld_20000_24000.csv,WSD sharp + WSD linear,2,1
0.008173606778800102,train_size_rho0p75,0.0051047568532272825,-37.54584736731527,0.03842272753362607,0.75,400,0.7272727272727273,wsdcon_3.csv,WSD-con 3e-5,wsd_20000_24000.csv|wsdld_20000_24000.csv,WSD sharp + WSD linear,2,1
0.006687305974578527,train_size_rho0p75,0.006236839885201206,-6.736136959931949,0.03842272753362607,0.75,400,0.7272727272727273,wsdcon_9.csv,WSD-con 9e-5,wsd_20000_24000.csv|wsdld_20000_24000.csv,WSD sharp + WSD linear,2,1
0.005612615040270773,train_size_rho1p0,0.005354523154996831,-4.59842485939479,0.03522083357249056,1.0,400,0.6666666666666666,cosine_72000.csv,Cosine,wsd_20000_24000.csv|wsdld_20000_24000.csv,WSD sharp + WSD linear,2,1
0.0025579541942073844,train_size_rho1p0,0.0023913160722752857,-6.514507660436575,0.03522083357249056,1.0,400,0.6666666666666666,wsdcon_18.csv,WSD-con 18e-5,wsd_20000_24000.csv|wsdld_20000_24000.csv,WSD sharp + WSD linear,2,1
0.008173606778800102,train_size_rho1p0,0.005063941361674378,-38.045204537992575,0.03522083357249056,1.0,400,0.6666666666666666,wsdcon_3.csv,WSD-con 3e-5,wsd_20000_24000.csv|wsdld_20000_24000.csv,WSD sharp + WSD linear,2,1
0.006687305974578527,train_size_rho1p0,0.006171449562367986,-7.713964549723684,0.03522083357249056,1.0,400,0.6666666666666666,wsdcon_9.csv,WSD-con 9e-5,wsd_20000_24000.csv|wsdld_20000_24000.csv,WSD sharp + WSD linear,2,1
0.005612615040270773,train_selected_rho,0.005237540593034252,-6.682703954312652,0.05283125035873584,0.0,400,1.0,cosine_72000.csv,Cosine,wsd_20000_24000.csv|wsdld_20000_24000.csv,WSD sharp + WSD linear,2,1
0.0025579541942073844,train_selected_rho,0.0026045470244385575,1.8214880601335581,0.05283125035873584,0.0,400,1.0,wsdcon_18.csv,WSD-con 18e-5,wsd_20000_24000.csv|wsdld_20000_24000.csv,WSD sharp + WSD linear,2,0
0.008173606778800102,train_selected_rho,0.006587258073183005,-19.4081847652815,0.05283125035873584,0.0,400,1.0,wsdcon_3.csv,WSD-con 3e-5,wsd_20000_24000.csv|wsdld_20000_24000.csv,WSD sharp + WSD linear,2,1
0.006687305974578527,train_selected_rho,0.006854729576043815,2.5036031266064462,0.05283125035873584,0.0,400,1.0,wsdcon_9.csv,WSD-con 9e-5,wsd_20000_24000.csv|wsdld_20000_24000.csv,WSD sharp + WSD linear,2,0
0.00744534704076948,none,0.00734442682088445,-1.3554804004757282,0.008882717117960466,0.0,25,1.0,cosine_72000.csv,Cosine,wsd_20000_24000.csv|wsdcon_3.csv,WSD sharp + WSD-con 3e-5,2,1
0.002504818961791151,none,0.00232307295725216,-7.255853908460807,0.008882717117960466,0.0,25,1.0,wsdcon_18.csv,WSD-con 18e-5,wsd_20000_24000.csv|wsdcon_3.csv,WSD sharp + WSD-con 3e-5,2,1
0.002926482771138891,none,0.0024613223949306417,-15.894861257878645,0.008882717117960466,0.0,25,1.0,wsdcon_9.csv,WSD-con 9e-5,wsd_20000_24000.csv|wsdcon_3.csv,WSD sharp + WSD-con 3e-5,2,1
0.0031360955249893426,none,0.0029369397861783025,-6.3504359871728315,0.008882717117960466,0.0,25,1.0,wsdld_20000_24000.csv,WSD linear,wsd_20000_24000.csv|wsdcon_3.csv,WSD sharp + WSD-con 3e-5,2,1
0.00744534704076948,constant_0p85,0.007359564853867204,-1.1521583404043745,0.007550309550266396,0.0,25,0.85,cosine_72000.csv,Cosine,wsd_20000_24000.csv|wsdcon_3.csv,WSD sharp + WSD-con 3e-5,2,1
0.002504818961791151,constant_0p85,0.0023503348579330284,-6.167475822190904,0.007550309550266396,0.0,25,0.85,wsdcon_18.csv,WSD-con 18e-5,wsd_20000_24000.csv|wsdcon_3.csv,WSD sharp + WSD-con 3e-5,2,1
0.002926482771138891,constant_0p85,0.0025291791743340536,-13.576146790374565,0.007550309550266396,0.0,25,0.85,wsdcon_9.csv,WSD-con 9e-5,wsd_20000_24000.csv|wsdcon_3.csv,WSD sharp + WSD-con 3e-5,2,1
0.0031360955249893426,constant_0p85,0.0029668131469999595,-5.3978705890968754,0.007550309550266396,0.0,25,0.85,wsdld_20000_24000.csv,WSD linear,wsd_20000_24000.csv|wsdcon_3.csv,WSD sharp + WSD-con 3e-5,2,1
0.00744534704076948,train_size_rho0p25,0.007355640178649463,-1.2048714670894078,0.007895748549298191,0.25,25,0.8888888888888888,cosine_72000.csv,Cosine,wsd_20000_24000.csv|wsdcon_3.csv,WSD sharp + WSD-con 3e-5,2,1
0.002504818961791151,train_size_rho0p25,0.0023432669577564858,-6.449647918632095,0.007895748549298191,0.25,25,0.8888888888888888,wsdcon_18.csv,WSD-con 18e-5,wsd_20000_24000.csv|wsdcon_3.csv,WSD sharp + WSD-con 3e-5,2,1
0.002926482771138891,train_size_rho0p25,0.0025115866759701975,-14.177294985653699,0.007895748549298191,0.25,25,0.8888888888888888,wsdcon_9.csv,WSD-con 9e-5,wsd_20000_24000.csv|wsdcon_3.csv,WSD sharp + WSD-con 3e-5,2,1
0.0031360955249893426,train_size_rho0p25,0.0029590682016017588,-5.644831988597843,0.007895748549298191,0.25,25,0.8888888888888888,wsdld_20000_24000.csv,WSD linear,wsd_20000_24000.csv|wsdcon_3.csv,WSD sharp + WSD-con 3e-5,2,1
0.00744534704076948,train_size_rho0p35,0.007359457491931161,-1.153600340830352,0.0075597592493280566,0.35,25,0.851063829787234,cosine_72000.csv,Cosine,wsd_20000_24000.csv|wsdcon_3.csv,WSD sharp + WSD-con 3e-5,2,1
0.002504818961791151,train_size_rho0p35,0.002350141511119671,-6.175194815711271,0.0075597592493280566,0.35,25,0.851063829787234,wsdcon_18.csv,WSD-con 18e-5,wsd_20000_24000.csv|wsdcon_3.csv,WSD sharp + WSD-con 3e-5,2,1
0.002926482771138891,train_size_rho0p35,0.0025286979205794147,-13.592591573832202,0.0075597592493280566,0.35,25,0.851063829787234,wsdcon_9.csv,WSD-con 9e-5,wsd_20000_24000.csv|wsdcon_3.csv,WSD sharp + WSD-con 3e-5,2,1
0.0031360955249893426,train_size_rho0p35,0.002966601279192716,-5.404626372061882,0.0075597592493280566,0.35,25,0.851063829787234,wsdld_20000_24000.csv,WSD linear,wsd_20000_24000.csv|wsdcon_3.csv,WSD sharp + WSD-con 3e-5,2,1
0.00744534704076948,train_size_rho0p5,0.007364610864861453,-1.084384320380627,0.007106173694368373,0.5,25,0.8,cosine_72000.csv,Cosine,wsd_20000_24000.csv|wsdcon_3.csv,WSD sharp + WSD-con 3e-5,2,1
0.002504818961791151,train_size_rho0p5,0.0023594221581599547,-5.804683126768795,0.007106173694368373,0.5,25,0.8,wsdcon_18.csv,WSD-con 18e-5,wsd_20000_24000.csv|wsdcon_3.csv,WSD sharp + WSD-con 3e-5,2,1
0.002926482771138891,train_size_rho0p5,0.002551798100801861,-12.803241967873092,0.007106173694368373,0.5,25,0.8,wsdcon_9.csv,WSD-con 9e-5,wsd_20000_24000.csv|wsdcon_3.csv,WSD sharp + WSD-con 3e-5,2,1
0.0031360955249893426,train_size_rho0p5,0.0029767709339405144,-5.080348789738142,0.007106173694368373,0.5,25,0.8,wsdld_20000_24000.csv,WSD linear,wsd_20000_24000.csv|wsdcon_3.csv,WSD sharp + WSD-con 3e-5,2,1
0.00744534704076948,train_size_rho0p75,0.007371950517216727,-0.9858039276187669,0.006460157903971248,0.75,25,0.7272727272727273,cosine_72000.csv,Cosine,wsd_20000_24000.csv|wsdcon_3.csv,WSD sharp + WSD-con 3e-5,2,1
0.002504818961791151,train_size_rho0p75,0.002372640049399152,-5.276984660699002,0.006460157903971248,0.75,25,0.7272727272727273,wsdcon_18.csv,WSD-con 18e-5,wsd_20000_24000.csv|wsdcon_3.csv,WSD sharp + WSD-con 3e-5,2,1
0.002926482771138891,train_size_rho0p75,0.0025846983574823144,-11.67901677150709,0.006460157903971248,0.75,25,0.7272727272727273,wsdcon_9.csv,WSD-con 9e-5,wsd_20000_24000.csv|wsdcon_3.csv,WSD sharp + WSD-con 3e-5,2,1
0.0031360955249893426,train_size_rho0p75,0.002991254987672229,-4.618498899761847,0.006460157903971248,0.75,25,0.7272727272727273,wsdld_20000_24000.csv,WSD linear,wsd_20000_24000.csv|wsdcon_3.csv,WSD sharp + WSD-con 3e-5,2,1
0.00744534704076948,train_size_rho1p0,0.007378066894179463,-0.9036536003171114,0.0059218114119736435,1.0,25,0.6666666666666666,cosine_72000.csv,Cosine,wsd_20000_24000.csv|wsdcon_3.csv,WSD sharp + WSD-con 3e-5,2,1
0.002504818961791151,train_size_rho1p0,0.0023836549587651413,-4.837235938974505,0.0059218114119736435,1.0,25,0.6666666666666666,wsdcon_18.csv,WSD-con 18e-5,wsd_20000_24000.csv|wsdcon_3.csv,WSD sharp + WSD-con 3e-5,2,1
0.002926482771138891,train_size_rho1p0,0.0026121152380493323,-10.742162441202996,0.0059218114119736435,1.0,25,0.6666666666666666,wsdcon_9.csv,WSD-con 9e-5,wsd_20000_24000.csv|wsdcon_3.csv,WSD sharp + WSD-con 3e-5,2,1
0.0031360955249893426,train_size_rho1p0,0.003003325032448655,-4.233623991448365,0.0059218114119736435,1.0,25,0.6666666666666666,wsdld_20000_24000.csv,WSD linear,wsd_20000_24000.csv|wsdcon_3.csv,WSD sharp + WSD-con 3e-5,2,1
0.00744534704076948,train_selected_rho,0.00734442682088445,-1.3554804004757282,0.008882717117960466,0.0,25,1.0,cosine_72000.csv,Cosine,wsd_20000_24000.csv|wsdcon_3.csv,WSD sharp + WSD-con 3e-5,2,1
0.002504818961791151,train_selected_rho,0.00232307295725216,-7.255853908460807,0.008882717117960466,0.0,25,1.0,wsdcon_18.csv,WSD-con 18e-5,wsd_20000_24000.csv|wsdcon_3.csv,WSD sharp + WSD-con 3e-5,2,1
0.002926482771138891,train_selected_rho,0.0024613223949306417,-15.894861257878645,0.008882717117960466,0.0,25,1.0,wsdcon_9.csv,WSD-con 9e-5,wsd_20000_24000.csv|wsdcon_3.csv,WSD sharp + WSD-con 3e-5,2,1
0.0031360955249893426,train_selected_rho,0.0029369397861783025,-6.3504359871728315,0.008882717117960466,0.0,25,1.0,wsdld_20000_24000.csv,WSD linear,wsd_20000_24000.csv|wsdcon_3.csv,WSD sharp + WSD-con 3e-5,2,1
0.007265129575917493,none,0.00710940360364043,-2.1434713675756556,0.013711143558000712,0.0,100,1.0,cosine_72000.csv,Cosine,wsd_20000_24000.csv|wsdcon_3.csv,WSD sharp + WSD-con 3e-5,2,1
0.0013816404339982303,none,0.0012214242465134304,-11.596084157812447,0.013711143558000712,0.0,100,1.0,wsdcon_18.csv,WSD-con 18e-5,wsd_20000_24000.csv|wsdcon_3.csv,WSD sharp + WSD-con 3e-5,2,1
0.004934623402238123,none,0.004656315263641773,-5.639906349694734,0.013711143558000712,0.0,100,1.0,wsdcon_9.csv,WSD-con 9e-5,wsd_20000_24000.csv|wsdcon_3.csv,WSD sharp + WSD-con 3e-5,2,1
0.003248313740665229,none,0.002942699573442471,-9.408394373881212,0.013711143558000712,0.0,100,1.0,wsdld_20000_24000.csv,WSD linear,wsd_20000_24000.csv|wsdcon_3.csv,WSD sharp + WSD-con 3e-5,2,1
0.007265129575917493,constant_0p85,0.007132762499481985,-1.8219506624393755,0.011654472024300604,0.0,100,0.85,cosine_72000.csv,Cosine,wsd_20000_24000.csv|wsdcon_3.csv,WSD sharp + WSD-con 3e-5,2,1
0.0013816404339982303,constant_0p85,0.001233814333875841,-10.699317744675863,0.011654472024300604,0.0,100,0.85,wsdcon_18.csv,WSD-con 18e-5,wsd_20000_24000.csv|wsdcon_3.csv,WSD sharp + WSD-con 3e-5,2,1
0.004934623402238123,constant_0p85,0.004665014089885554,-5.463624888381268,0.011654472024300604,0.0,100,0.85,wsdcon_9.csv,WSD-con 9e-5,wsd_20000_24000.csv|wsdcon_3.csv,WSD sharp + WSD-con 3e-5,2,1
0.003248313740665229,constant_0p85,0.0029885416985258794,-7.997135217799201,0.011654472024300604,0.0,100,0.85,wsdld_20000_24000.csv,WSD linear,wsd_20000_24000.csv|wsdcon_3.csv,WSD sharp + WSD-con 3e-5,2,1
0.007265129575917493,train_size_rho0p25,0.007126706489448983,-1.9053078822896086,0.0121876831626673,0.25,100,0.8888888888888888,cosine_72000.csv,Cosine,wsd_20000_24000.csv|wsdcon_3.csv,WSD sharp + WSD-con 3e-5,2,1
0.0013816404339982303,train_size_rho0p25,0.0012292651788021033,-11.028575267964557,0.0121876831626673,0.25,100,0.8888888888888888,wsdcon_18.csv,WSD-con 18e-5,wsd_20000_24000.csv|wsdcon_3.csv,WSD sharp + WSD-con 3e-5,2,1
0.004934623402238123,train_size_rho0p25,0.004662688301786693,-5.510756916689785,0.0121876831626673,0.25,100,0.8888888888888888,wsdcon_9.csv,WSD-con 9e-5,wsd_20000_24000.csv|wsdcon_3.csv,WSD sharp + WSD-con 3e-5,2,1
0.003248313740665229,train_size_rho0p25,0.0029766567031338786,-8.363017221228052,0.0121876831626673,0.25,100,0.8888888888888888,wsdld_20000_24000.csv,WSD linear,wsd_20000_24000.csv|wsdcon_3.csv,WSD sharp + WSD-con 3e-5,2,1
0.007265129575917493,train_size_rho0p35,0.007132596833554025,-1.8242309511283694,0.011669058347234649,0.35,100,0.851063829787234,cosine_72000.csv,Cosine,wsd_20000_24000.csv|wsdcon_3.csv,WSD sharp + WSD-con 3e-5,2,1
0.0013816404339982303,train_size_rho0p35,0.0012336578019524465,-10.71064717015754,0.011669058347234649,0.35,100,0.851063829787234,wsdcon_18.csv,WSD-con 18e-5,wsd_20000_24000.csv|wsdcon_3.csv,WSD sharp + WSD-con 3e-5,2,1
0.004934623402238123,train_size_rho0p35,0.004664950466502907,-5.464914214383709,0.011669058347234649,0.35,100,0.851063829787234,wsdcon_9.csv,WSD-con 9e-5,wsd_20000_24000.csv|wsdcon_3.csv,WSD sharp + WSD-con 3e-5,2,1
0.003248313740665229,train_size_rho0p35,0.002988216577071393,-8.007144147983992,0.011669058347234649,0.35,100,0.851063829787234,wsdld_20000_24000.csv,WSD linear,wsd_20000_24000.csv|wsdcon_3.csv,WSD sharp + WSD-con 3e-5,2,1
0.007265129575917493,train_size_rho0p5,0.007140548798095831,-1.7147770940606932,0.010968914846400571,0.5,100,0.8,cosine_72000.csv,Cosine,wsd_20000_24000.csv|wsdcon_3.csv,WSD sharp + WSD-con 3e-5,2,1
0.0013816404339982303,train_size_rho0p5,0.0012411713342761945,-10.166834746978438,0.010968914846400571,0.5,100,0.8,wsdcon_18.csv,WSD-con 18e-5,wsd_20000_24000.csv|wsdcon_3.csv,WSD sharp + WSD-con 3e-5,2,1
0.004934623402238123,train_size_rho0p5,0.004668004388869776,-5.403026566270908,0.010968914846400571,0.5,100,0.8,wsdcon_9.csv,WSD-con 9e-5,wsd_20000_24000.csv|wsdcon_3.csv,WSD sharp + WSD-con 3e-5,2,1
0.003248313740665229,train_size_rho0p5,0.0030038224068870177,-7.526715499105119,0.010968914846400571,0.5,100,0.8,wsdld_20000_24000.csv,WSD linear,wsd_20000_24000.csv|wsdcon_3.csv,WSD sharp + WSD-con 3e-5,2,1
0.007265129575917493,train_size_rho0p75,0.007151874323352354,-1.5588882673277848,0.009971740769455064,0.75,100,0.7272727272727273,cosine_72000.csv,Cosine,wsd_20000_24000.csv|wsdcon_3.csv,WSD sharp + WSD-con 3e-5,2,1
0.0013816404339982303,train_size_rho0p75,0.001251872425767597,-9.392314023056414,0.009971740769455064,0.75,100,0.7272727272727273,wsdcon_18.csv,WSD-con 18e-5,wsd_20000_24000.csv|wsdcon_3.csv,WSD sharp + WSD-con 3e-5,2,1
0.004934623402238123,train_size_rho0p75,0.004672353914665064,-5.31488355229105,0.009971740769455064,0.75,100,0.7272727272727273,wsdcon_9.csv,WSD-con 9e-5,wsd_20000_24000.csv|wsdcon_3.csv,WSD sharp + WSD-con 3e-5,2,1
0.003248313740665229,train_size_rho0p75,0.0030260488917759434,-6.842468635550192,0.009971740769455064,0.75,100,0.7272727272727273,wsdld_20000_24000.csv,WSD linear,wsd_20000_24000.csv|wsdcon_3.csv,WSD sharp + WSD-con 3e-5,2,1
0.007265129575917493,train_size_rho1p0,0.007161312261066108,-1.428980911717237,0.009140762372000474,1.0,100,0.6666666666666666,cosine_72000.csv,Cosine,wsd_20000_24000.csv|wsdcon_3.csv,WSD sharp + WSD-con 3e-5,2,1
0.0013816404339982303,train_size_rho1p0,0.0012607900020104351,-8.746880086454533,0.009140762372000474,1.0,100,0.6666666666666666,wsdcon_18.csv,WSD-con 18e-5,wsd_20000_24000.csv|wsdcon_3.csv,WSD sharp + WSD-con 3e-5,2,1
0.004934623402238123,train_size_rho1p0,0.004681666375200849,-5.12616680986323,0.009140762372000474,1.0,100,0.6666666666666666,wsdcon_9.csv,WSD-con 9e-5,wsd_20000_24000.csv|wsdcon_3.csv,WSD sharp + WSD-con 3e-5,2,1
0.003248313740665229,train_size_rho1p0,0.003044570962516715,-6.272262915921067,0.009140762372000474,1.0,100,0.6666666666666666,wsdld_20000_24000.csv,WSD linear,wsd_20000_24000.csv|wsdcon_3.csv,WSD sharp + WSD-con 3e-5,2,1
0.007265129575917493,train_selected_rho,0.00710940360364043,-2.1434713675756556,0.013711143558000712,0.0,100,1.0,cosine_72000.csv,Cosine,wsd_20000_24000.csv|wsdcon_3.csv,WSD sharp + WSD-con 3e-5,2,1
0.0013816404339982303,train_selected_rho,0.0012214242465134304,-11.596084157812447,0.013711143558000712,0.0,100,1.0,wsdcon_18.csv,WSD-con 18e-5,wsd_20000_24000.csv|wsdcon_3.csv,WSD sharp + WSD-con 3e-5,2,1
0.004934623402238123,train_selected_rho,0.004656315263641773,-5.639906349694734,0.013711143558000712,0.0,100,1.0,wsdcon_9.csv,WSD-con 9e-5,wsd_20000_24000.csv|wsdcon_3.csv,WSD sharp + WSD-con 3e-5,2,1
0.003248313740665229,train_selected_rho,0.002942699573442471,-9.408394373881212,0.013711143558000712,0.0,100,1.0,wsdld_20000_24000.csv,WSD linear,wsd_20000_24000.csv|wsdcon_3.csv,WSD sharp + WSD-con 3e-5,2,1
0.005612615040270773,none,0.005451525842336042,-2.870127325300398,0.02150821754667251,0.0,400,1.0,cosine_72000.csv,Cosine,wsd_20000_24000.csv|wsdcon_3.csv,WSD sharp + WSD-con 3e-5,2,1
0.0025579541942073844,none,0.0024074311862218806,-5.884507561799612,0.02150821754667251,0.0,400,1.0,wsdcon_18.csv,WSD-con 18e-5,wsd_20000_24000.csv|wsdcon_3.csv,WSD sharp + WSD-con 3e-5,2,1
0.006687305974578527,none,0.006202506615279338,-7.249546545980268,0.02150821754667251,0.0,400,1.0,wsdcon_9.csv,WSD-con 9e-5,wsd_20000_24000.csv|wsdcon_3.csv,WSD sharp + WSD-con 3e-5,2,1
0.0038535563963712593,none,0.0033708347934632062,-12.526652091107648,0.02150821754667251,0.0,400,1.0,wsdld_20000_24000.csv,WSD linear,wsd_20000_24000.csv|wsdcon_3.csv,WSD sharp + WSD-con 3e-5,2,1
0.005612615040270773,constant_0p85,0.005475132623001061,-2.4495251550884833,0.01828198491467163,0.0,400,0.85,cosine_72000.csv,Cosine,wsd_20000_24000.csv|wsdcon_3.csv,WSD sharp + WSD-con 3e-5,2,1
0.0025579541942073844,constant_0p85,0.0024230693635598956,-5.273152699643424,0.01828198491467163,0.0,400,0.85,wsdcon_18.csv,WSD-con 18e-5,wsd_20000_24000.csv|wsdcon_3.csv,WSD sharp + WSD-con 3e-5,2,1
0.006687305974578527,constant_0p85,0.006252194241942964,-6.506532440561563,0.01828198491467163,0.0,400,0.85,wsdcon_9.csv,WSD-con 9e-5,wsd_20000_24000.csv|wsdcon_3.csv,WSD sharp + WSD-con 3e-5,2,1
0.0038535563963712593,constant_0p85,0.0034432430338994127,-10.647654277441543,0.01828198491467163,0.0,400,0.85,wsdld_20000_24000.csv,WSD linear,wsd_20000_24000.csv|wsdcon_3.csv,WSD sharp + WSD-con 3e-5,2,1
0.005612615040270773,train_size_rho0p25,0.005469012346532355,-2.558570162180407,0.019118415597042228,0.25,400,0.8888888888888888,cosine_72000.csv,Cosine,wsd_20000_24000.csv|wsdcon_3.csv,WSD sharp + WSD-con 3e-5,2,1
0.0025579541942073844,train_size_rho0p25,0.0024190150212870967,-5.431652108349805,0.019118415597042228,0.25,400,0.8888888888888888,wsdcon_18.csv,WSD-con 18e-5,wsd_20000_24000.csv|wsdcon_3.csv,WSD sharp + WSD-con 3e-5,2,1
0.006687305974578527,train_size_rho0p25,0.00623831611580308,-6.714061843173635,0.019118415597042228,0.25,400,0.8888888888888888,wsdcon_9.csv,WSD-con 9e-5,wsd_20000_24000.csv|wsdcon_3.csv,WSD sharp + WSD-con 3e-5,2,1
0.0038535563963712593,train_size_rho0p25,0.003424470527119652,-11.134801858762478,0.019118415597042228,0.25,400,0.8888888888888888,wsdld_20000_24000.csv,WSD linear,wsd_20000_24000.csv|wsdcon_3.csv,WSD sharp + WSD-con 3e-5,2,1
0.005612615040270773,train_size_rho0p35,0.00547496519902472,-2.4525081492033363,0.01830486599716809,0.35,400,0.851063829787234,cosine_72000.csv,Cosine,wsd_20000_24000.csv|wsdcon_3.csv,WSD sharp + WSD-con 3e-5,2,1
0.0025579541942073844,train_size_rho0p35,0.002422958454500801,-5.27748854972806,0.01830486599716809,0.35,400,0.851063829787234,wsdcon_18.csv,WSD-con 18e-5,wsd_20000_24000.csv|wsdcon_3.csv,WSD sharp + WSD-con 3e-5,2,1
0.006687305974578527,train_size_rho0p35,0.006251814597154937,-6.512209536681734,0.01830486599716809,0.35,400,0.851063829787234,wsdcon_9.csv,WSD-con 9e-5,wsd_20000_24000.csv|wsdcon_3.csv,WSD sharp + WSD-con 3e-5,2,1
0.0038535563963712593,train_size_rho0p35,0.003442729500279304,-10.660980503070217,0.01830486599716809,0.35,400,0.851063829787234,wsdld_20000_24000.csv,WSD linear,wsd_20000_24000.csv|wsdcon_3.csv,WSD sharp + WSD-con 3e-5,2,1
0.005612615040270773,train_size_rho0p5,0.005483015694910898,-2.309072409741164,0.017206574037338006,0.5,400,0.8,cosine_72000.csv,Cosine,wsd_20000_24000.csv|wsdcon_3.csv,WSD sharp + WSD-con 3e-5,2,1
0.0025579541942073844,train_size_rho0p5,0.002428501190171944,-5.060802274278132,0.017206574037338006,0.5,400,0.8,wsdcon_18.csv,WSD-con 18e-5,wsd_20000_24000.csv|wsdcon_3.csv,WSD sharp + WSD-con 3e-5,2,1
0.006687305974578527,train_size_rho0p5,0.006270037546979902,-6.239708922918297,0.017206574037338006,0.5,400,0.8,wsdcon_9.csv,WSD-con 9e-5,wsd_20000_24000.csv|wsdcon_3.csv,WSD sharp + WSD-con 3e-5,2,1
0.0038535563963712593,train_size_rho0p5,0.0034673791140448175,-10.021321672886108,0.017206574037338006,0.5,400,0.8,wsdld_20000_24000.csv,WSD linear,wsd_20000_24000.csv|wsdcon_3.csv,WSD sharp + WSD-con 3e-5,2,1
0.005612615040270773,train_size_rho0p75,0.005494488971026034,-2.104652971871024,0.015642340033943644,0.75,400,0.7272727272727273,cosine_72000.csv,Cosine,wsd_20000_24000.csv|wsdcon_3.csv,WSD sharp + WSD-con 3e-5,2,1
0.0025579541942073844,train_size_rho0p75,0.002437900833424021,-4.693335050925862,0.015642340033943644,0.75,400,0.7272727272727273,wsdcon_18.csv,WSD-con 18e-5,wsd_20000_24000.csv|wsdcon_3.csv,WSD sharp + WSD-con 3e-5,2,1
0.006687305974578527,train_size_rho0p75,0.0062974858867129654,-5.829254551047081,0.015642340033943644,0.75,400,0.7272727272727273,wsdcon_9.csv,WSD-con 9e-5,wsd_20000_24000.csv|wsdcon_3.csv,WSD sharp + WSD-con 3e-5,2,1
0.0038535563963712593,train_size_rho0p75,0.003502486139710859,-9.110292429896417,0.015642340033943644,0.75,400,0.7272727272727273,wsdld_20000_24000.csv,WSD linear,wsd_20000_24000.csv|wsdcon_3.csv,WSD sharp + WSD-con 3e-5,2,1
0.005612615040270773,train_size_rho1p0,0.005504140476322291,-1.932692036959105,0.014338811697781673,1.0,400,0.6666666666666666,cosine_72000.csv,Cosine,wsd_20000_24000.csv|wsdcon_3.csv,WSD sharp + WSD-con 3e-5,2,1
0.0025579541942073844,train_size_rho1p0,0.0024457338694674254,-4.387112364798695,0.014338811697781673,1.0,400,0.6666666666666666,wsdcon_18.csv,WSD-con 18e-5,wsd_20000_24000.csv|wsdcon_3.csv,WSD sharp + WSD-con 3e-5,2,1
0.006687305974578527,train_size_rho1p0,0.006323316108869357,-5.442997031881902,0.014338811697781673,1.0,400,0.6666666666666666,wsdcon_9.csv,WSD-con 9e-5,wsd_20000_24000.csv|wsdcon_3.csv,WSD sharp + WSD-con 3e-5,2,1
0.0038535563963712593,train_size_rho1p0,0.0035317419944325564,-8.351101394071792,0.014338811697781673,1.0,400,0.6666666666666666,wsdld_20000_24000.csv,WSD linear,wsd_20000_24000.csv|wsdcon_3.csv,WSD sharp + WSD-con 3e-5,2,1
0.005612615040270773,train_selected_rho,0.005451525842336042,-2.870127325300398,0.02150821754667251,0.0,400,1.0,cosine_72000.csv,Cosine,wsd_20000_24000.csv|wsdcon_3.csv,WSD sharp + WSD-con 3e-5,2,1
0.0025579541942073844,train_selected_rho,0.0024074311862218806,-5.884507561799612,0.02150821754667251,0.0,400,1.0,wsdcon_18.csv,WSD-con 18e-5,wsd_20000_24000.csv|wsdcon_3.csv,WSD sharp + WSD-con 3e-5,2,1
0.006687305974578527,train_selected_rho,0.006202506615279338,-7.249546545980268,0.02150821754667251,0.0,400,1.0,wsdcon_9.csv,WSD-con 9e-5,wsd_20000_24000.csv|wsdcon_3.csv,WSD sharp + WSD-con 3e-5,2,1
0.0038535563963712593,train_selected_rho,0.0033708347934632062,-12.526652091107648,0.02150821754667251,0.0,400,1.0,wsdld_20000_24000.csv,WSD linear,wsd_20000_24000.csv|wsdcon_3.csv,WSD sharp + WSD-con 3e-5,2,1
0.00744534704076948,none,0.00733400397053337,-1.4954718648628962,0.009800107422272195,0.0,25,1.0,cosine_72000.csv,Cosine,wsd_20000_24000.csv|wsdcon_9.csv,WSD sharp + WSD-con 9e-5,2,1
0.002504818961791151,none,0.002304302571997613,-8.005224842682923,0.009800107422272195,0.0,25,1.0,wsdcon_18.csv,WSD-con 18e-5,wsd_20000_24000.csv|wsdcon_9.csv,WSD sharp + WSD-con 9e-5,2,1
0.004487187642230267,none,0.003123064949496112,-30.400393330913733,0.009800107422272195,0.0,25,1.0,wsdcon_3.csv,WSD-con 3e-5,wsd_20000_24000.csv|wsdcon_9.csv,WSD sharp + WSD-con 9e-5,2,1
0.0031360955249893426,none,0.002916371356337855,-7.0062970627220995,0.009800107422272195,0.0,25,1.0,wsdld_20000_24000.csv,WSD linear,wsd_20000_24000.csv|wsdcon_9.csv,WSD sharp + WSD-con 9e-5,2,1
0.00744534704076948,constant_0p85,0.007350705431068779,-1.2711510851335706,0.008330091308931366,0.0,25,0.85,cosine_72000.csv,Cosine,wsd_20000_24000.csv|wsdcon_9.csv,WSD sharp + WSD-con 9e-5,2,1
0.002504818961791151,constant_0p85,0.002334380030466646,-6.80444111628039,0.008330091308931366,0.0,25,0.85,wsdcon_18.csv,WSD-con 18e-5,wsd_20000_24000.csv|wsdcon_9.csv,WSD sharp + WSD-con 9e-5,2,1
0.004487187642230267,constant_0p85,0.0032963501780779226,-26.53861525524399,0.008330091308931366,0.0,25,0.85,wsdcon_3.csv,WSD-con 3e-5,wsd_20000_24000.csv|wsdcon_9.csv,WSD sharp + WSD-con 9e-5,2,1
0.0031360955249893426,constant_0p85,0.0029493299816355837,-5.9553525033136046,0.008330091308931366,0.0,25,0.85,wsdld_20000_24000.csv,WSD linear,wsd_20000_24000.csv|wsdcon_9.csv,WSD sharp + WSD-con 9e-5,2,1
0.00744534704076948,train_size_rho0p25,0.007346375422781833,-1.329308324322498,0.008711206597575284,0.25,25,0.8888888888888888,cosine_72000.csv,Cosine,wsd_20000_24000.csv|wsdcon_9.csv,WSD sharp + WSD-con 9e-5,2,1
0.002504818961791151,train_size_rho0p25,0.0023265821708635484,-7.115755415718694,0.008711206597575284,0.25,25,0.8888888888888888,wsdcon_18.csv,WSD-con 18e-5,wsd_20000_24000.csv|wsdcon_9.csv,WSD sharp + WSD-con 9e-5,2,1
0.004487187642230267,train_size_rho0p25,0.003248851195218473,-27.597162092296724,0.008711206597575284,0.25,25,0.8888888888888888,wsdcon_3.csv,WSD-con 3e-5,wsd_20000_24000.csv|wsdcon_9.csv,WSD sharp + WSD-con 9e-5,2,1
0.0031360955249893426,train_size_rho0p25,0.002940785152854698,-6.227819611308183,0.008711206597575284,0.25,25,0.8888888888888888,wsdld_20000_24000.csv,WSD linear,wsd_20000_24000.csv|wsdcon_9.csv,WSD sharp + WSD-con 9e-5,2,1
0.00744534704076948,train_size_rho0p35,0.007350586980994063,-1.2727420126493416,0.008340516955125273,0.35,25,0.851063829787234,cosine_72000.csv,Cosine,wsd_20000_24000.csv|wsdcon_9.csv,WSD sharp + WSD-con 9e-5,2,1
0.002504818961791151,train_size_rho0p35,0.0023341667151583288,-6.812957312922596,0.008340516955125273,0.35,25,0.851063829787234,wsdcon_18.csv,WSD-con 18e-5,wsd_20000_24000.csv|wsdcon_9.csv,WSD sharp + WSD-con 9e-5,2,1
0.004487187642230267,train_size_rho0p35,0.0032950508138051694,-26.56757246355247,0.008340516955125273,0.35,25,0.851063829787234,wsdcon_3.csv,WSD-con 3e-5,wsd_20000_24000.csv|wsdcon_9.csv,WSD sharp + WSD-con 9e-5,2,1
0.0031360955249893426,train_size_rho0p35,0.002949096232519999,-5.962806010827082,0.008340516955125273,0.35,25,0.851063829787234,wsdld_20000_24000.csv,WSD linear,wsd_20000_24000.csv|wsdcon_9.csv,WSD sharp + WSD-con 9e-5,2,1
0.00744534704076948,train_size_rho0p5,0.007356272584580593,-1.1963774918903103,0.007840085937817756,0.5,25,0.8,cosine_72000.csv,Cosine,wsd_20000_24000.csv|wsdcon_9.csv,WSD sharp + WSD-con 9e-5,2,1
0.002504818961791151,train_size_rho0p5,0.0023444058499562945,-6.4041798741473865,0.007840085937817756,0.5,25,0.8,wsdcon_18.csv,WSD-con 18e-5,wsd_20000_24000.csv|wsdcon_9.csv,WSD sharp + WSD-con 9e-5,2,1
0.004487187642230267,train_size_rho0p5,0.00335742029889723,-25.177626464747284,0.007840085937817756,0.5,25,0.8,wsdcon_3.csv,WSD-con 3e-5,wsd_20000_24000.csv|wsdcon_9.csv,WSD sharp + WSD-con 9e-5,2,1
0.0031360955249893426,train_size_rho0p5,0.0029603161900681576,-5.6050376501775245,0.007840085937817756,0.5,25,0.8,wsdld_20000_24000.csv,WSD linear,wsd_20000_24000.csv|wsdcon_9.csv,WSD sharp + WSD-con 9e-5,2,1
0.00744534704076948,train_size_rho0p75,0.007364370262415932,-1.0876159017186526,0.007127350852561597,0.75,25,0.7272727272727273,cosine_72000.csv,Cosine,wsd_20000_24000.csv|wsdcon_9.csv,WSD sharp + WSD-con 9e-5,2,1
0.002504818961791151,train_size_rho0p75,0.0023589888601231123,-5.821981703769841,0.007127350852561597,0.75,25,0.7272727272727273,wsdcon_18.csv,WSD-con 18e-5,wsd_20000_24000.csv|wsdcon_9.csv,WSD sharp + WSD-con 9e-5,2,1
0.004487187642230267,train_size_rho0p75,0.0034482263786819248,-23.15395179310905,0.007127350852561597,0.75,25,0.7272727272727273,wsdcon_3.csv,WSD-con 3e-5,wsd_20000_24000.csv|wsdcon_9.csv,WSD sharp + WSD-con 9e-5,2,1
0.0031360955249893426,train_size_rho0p75,0.0029762961296064504,-5.095488772888546,0.007127350852561597,0.75,25,0.7272727272727273,wsdld_20000_24000.csv,WSD linear,wsd_20000_24000.csv|wsdcon_9.csv,WSD sharp + WSD-con 9e-5,2,1
0.00744534704076948,train_size_rho1p0,0.0073711183272787365,-0.99698124324199,0.0065334049481814635,1.0,25,0.6666666666666666,cosine_72000.csv,Cosine,wsd_20000_24000.csv|wsdcon_9.csv,WSD sharp + WSD-con 9e-5,2,1
0.002504818961791151,train_size_rho1p0,0.0023711413685954513,-5.336816561788926,0.0065334049481814635,1.0,25,0.6666666666666666,wsdcon_18.csv,WSD-con 18e-5,wsd_20000_24000.csv|wsdcon_9.csv,WSD sharp + WSD-con 9e-5,2,1
0.004487187642230267,train_size_rho1p0,0.0035259462016089173,-21.421913172848374,0.0065334049481814635,1.0,25,0.6666666666666666,wsdcon_3.csv,WSD-con 3e-5,wsd_20000_24000.csv|wsdcon_9.csv,WSD sharp + WSD-con 9e-5,2,1
0.0031360955249893426,train_size_rho1p0,0.002989612745888366,-4.670864708480926,0.0065334049481814635,1.0,25,0.6666666666666666,wsdld_20000_24000.csv,WSD linear,wsd_20000_24000.csv|wsdcon_9.csv,WSD sharp + WSD-con 9e-5,2,1
0.00744534704076948,train_selected_rho,0.007361314534930892,-1.128658011217476,0.0073963074885073175,0.65,25,0.7547169811320755,cosine_72000.csv,Cosine,wsd_20000_24000.csv|wsdcon_9.csv,WSD sharp + WSD-con 9e-5,2,1
0.002504818961791151,train_selected_rho,0.0023534858374186563,-6.041679126553678,0.0073963074885073175,0.65,25,0.7547169811320755,wsdcon_18.csv,WSD-con 18e-5,wsd_20000_24000.csv|wsdcon_9.csv,WSD sharp + WSD-con 9e-5,2,1
0.004487187642230267,train_selected_rho,0.003413032496601754,-23.938271168321947,0.0073963074885073175,0.65,25,0.7547169811320755,wsdcon_3.csv,WSD-con 3e-5,wsd_20000_24000.csv|wsdcon_9.csv,WSD sharp + WSD-con 9e-5,2,1
0.0031360955249893426,train_selected_rho,0.002970265963742941,-5.28777136809202,0.0073963074885073175,0.65,25,0.7547169811320755,wsdld_20000_24000.csv,WSD linear,wsd_20000_24000.csv|wsdcon_9.csv,WSD sharp + WSD-con 9e-5,2,1
0.007265129575917493,none,0.007096331030366107,-2.323407226086105,0.014862139286046846,0.0,100,1.0,cosine_72000.csv,Cosine,wsd_20000_24000.csv|wsdcon_9.csv,WSD sharp + WSD-con 9e-5,2,1
0.0013816404339982303,none,0.0012204802229216596,-11.664410443620321,0.014862139286046846,0.0,100,1.0,wsdcon_18.csv,WSD-con 18e-5,wsd_20000_24000.csv|wsdcon_9.csv,WSD sharp + WSD-con 9e-5,2,1
0.0056693997340904675,none,0.004504681141562252,-20.54394904498772,0.014862139286046846,0.0,100,1.0,wsdcon_3.csv,WSD-con 3e-5,wsd_20000_24000.csv|wsdcon_9.csv,WSD sharp + WSD-con 9e-5,2,1
0.003248313740665229,none,0.002917044484979875,-10.198191496659826,0.014862139286046846,0.0,100,1.0,wsdld_20000_24000.csv,WSD linear,wsd_20000_24000.csv|wsdcon_9.csv,WSD sharp + WSD-con 9e-5,2,1
0.007265129575917493,constant_0p85,0.007121650812198808,-1.974896142173277,0.012632818393139818,0.0,100,0.85,cosine_72000.csv,Cosine,wsd_20000_24000.csv|wsdcon_9.csv,WSD sharp + WSD-con 9e-5,2,1
0.0013816404339982303,constant_0p85,0.0012255206472508709,-11.299595966193287,0.012632818393139818,0.0,100,0.85,wsdcon_18.csv,WSD-con 18e-5,wsd_20000_24000.csv|wsdcon_9.csv,WSD sharp + WSD-con 9e-5,2,1
0.0056693997340904675,constant_0p85,0.004595771960636222,-18.93723892846102,0.012632818393139818,0.0,100,0.85,wsdcon_3.csv,WSD-con 3e-5,wsd_20000_24000.csv|wsdcon_9.csv,WSD sharp + WSD-con 9e-5,2,1
0.003248313740665229,constant_0p85,0.0029667348733326835,-8.668462772160678,0.012632818393139818,0.0,100,0.85,wsdld_20000_24000.csv,WSD linear,wsd_20000_24000.csv|wsdcon_9.csv,WSD sharp + WSD-con 9e-5,2,1
0.007265129575917493,train_size_rho0p25,0.007115086424316254,-2.0652508676321957,0.013210790476486085,0.25,100,0.8888888888888888,cosine_72000.csv,Cosine,wsd_20000_24000.csv|wsdcon_9.csv,WSD sharp + WSD-con 9e-5,2,1
0.0013816404339982303,train_size_rho0p25,0.0012219609611306328,-11.557237971496859,0.013210790476486085,0.25,100,0.8888888888888888,wsdcon_18.csv,WSD-con 18e-5,wsd_20000_24000.csv|wsdcon_9.csv,WSD sharp + WSD-con 9e-5,2,1
0.0056693997340904675,train_size_rho0p25,0.004568248406671468,-19.422714556493613,0.013210790476486085,0.25,100,0.8888888888888888,wsdcon_3.csv,WSD-con 3e-5,wsd_20000_24000.csv|wsdcon_9.csv,WSD sharp + WSD-con 9e-5,2,1
0.003248313740665229,train_size_rho0p25,0.002953852180056029,-9.065059108141948,0.013210790476486085,0.25,100,0.8888888888888888,wsdld_20000_24000.csv,WSD linear,wsd_20000_24000.csv|wsdcon_9.csv,WSD sharp + WSD-con 9e-5,2,1
0.007265129575917493,train_size_rho0p35,0.0071214712392780105,-1.9773678519882432,0.012648629179614337,0.35,100,0.851063829787234,cosine_72000.csv,Cosine,wsd_20000_24000.csv|wsdcon_9.csv,WSD sharp + WSD-con 9e-5,2,1
0.0013816404339982303,train_size_rho0p35,0.0012253876449972649,-11.30922236755888,0.012648629179614337,0.35,100,0.851063829787234,wsdcon_18.csv,WSD-con 18e-5,wsd_20000_24000.csv|wsdcon_9.csv,WSD sharp + WSD-con 9e-5,2,1
0.0056693997340904675,train_size_rho0p35,0.004595016908428639,-18.950556955818353,0.012648629179614337,0.35,100,0.851063829787234,wsdcon_3.csv,WSD-con 3e-5,wsd_20000_24000.csv|wsdcon_9.csv,WSD sharp + WSD-con 9e-5,2,1
0.003248313740665229,train_size_rho0p35,0.002966382459230897,-8.679311912050547,0.012648629179614337,0.35,100,0.851063829787234,wsdld_20000_24000.csv,WSD linear,wsd_20000_24000.csv|wsdcon_9.csv,WSD sharp + WSD-con 9e-5,2,1
0.007265129575917493,train_size_rho0p5,0.007130090739476383,-1.8587257808688973,0.011889711428837477,0.5,100,0.8,cosine_72000.csv,Cosine,wsd_20000_24000.csv|wsdcon_9.csv,WSD sharp + WSD-con 9e-5,2,1
0.0013816404339982303,train_size_rho0p5,0.0012317717531694283,-10.847155102077298,0.011889711428837477,0.5,100,0.8,wsdcon_18.csv,WSD-con 18e-5,wsd_20000_24000.csv|wsdcon_9.csv,WSD sharp + WSD-con 9e-5,2,1
0.0056693997340904675,train_size_rho0p5,0.00463176014554996,-18.302459470287722,0.011889711428837477,0.5,100,0.8,wsdcon_3.csv,WSD-con 3e-5,wsd_20000_24000.csv|wsdcon_9.csv,WSD sharp + WSD-con 9e-5,2,1
0.003248313740665229,train_size_rho0p5,0.002983298336116941,-8.158553197328011,0.011889711428837477,0.5,100,0.8,wsdld_20000_24000.csv,WSD linear,wsd_20000_24000.csv|wsdcon_9.csv,WSD sharp + WSD-con 9e-5,2,1
0.007265129575917493,train_size_rho0p75,0.007142366997334656,-1.689750709880955,0.010808828571670434,0.75,100,0.7272727272727273,cosine_72000.csv,Cosine,wsd_20000_24000.csv|wsdcon_9.csv,WSD sharp + WSD-con 9e-5,2,1
0.0013816404339982303,train_size_rho0p75,0.0012428892869506653,-10.04249323002534,0.010808828571670434,0.75,100,0.7272727272727273,wsdcon_18.csv,WSD-con 18e-5,wsd_20000_24000.csv|wsdcon_9.csv,WSD sharp + WSD-con 9e-5,2,1
0.0056693997340904675,train_size_rho0p75,0.0046909188852134005,-17.258984985542625,0.010808828571670434,0.75,100,0.7272727272727273,wsdcon_3.csv,WSD-con 3e-5,wsd_20000_24000.csv|wsdcon_9.csv,WSD sharp + WSD-con 9e-5,2,1
0.003248313740665229,train_size_rho0p75,0.003007390645621344,-7.416866543025047,0.010808828571670434,0.75,100,0.7272727272727273,wsdld_20000_24000.csv,WSD linear,wsd_20000_24000.csv|wsdcon_9.csv,WSD sharp + WSD-con 9e-5,2,1
0.007265129575917493,train_size_rho1p0,0.007152597212216567,-1.5489381507240885,0.009908092857364563,1.0,100,0.6666666666666666,cosine_72000.csv,Cosine,wsd_20000_24000.csv|wsdcon_9.csv,WSD sharp + WSD-con 9e-5,2,1
0.0013816404339982303,train_size_rho1p0,0.0012525554580949103,-9.342877692843011,0.009908092857364563,1.0,100,0.6666666666666666,wsdcon_18.csv,WSD-con 18e-5,wsd_20000_24000.csv|wsdcon_9.csv,WSD sharp + WSD-con 9e-5,2,1
0.0056693997340904675,train_size_rho1p0,0.0047455476426514,-16.295412826227174,0.009908092857364563,1.0,100,0.6666666666666666,wsdcon_3.csv,WSD-con 3e-5,wsd_20000_24000.csv|wsdcon_9.csv,WSD sharp + WSD-con 9e-5,2,1
0.003248313740665229,train_size_rho1p0,0.0030274675702083365,-6.798794331106228,0.009908092857364563,1.0,100,0.6666666666666666,wsdld_20000_24000.csv,WSD linear,wsd_20000_24000.csv|wsdcon_9.csv,WSD sharp + WSD-con 9e-5,2,1
0.007265129575917493,train_selected_rho,0.007137734447199455,-1.7535148876123063,0.011216708895129697,0.65,100,0.7547169811320755,cosine_72000.csv,Cosine,wsd_20000_24000.csv|wsdcon_9.csv,WSD sharp + WSD-con 9e-5,2,1
0.0013816404339982303,train_selected_rho,0.0012385121528476189,-10.359300265729976,0.011216708895129697,0.65,100,0.7547169811320755,wsdcon_18.csv,WSD-con 18e-5,wsd_20000_24000.csv|wsdcon_9.csv,WSD sharp + WSD-con 9e-5,2,1
0.0056693997340904675,train_selected_rho,0.004668321707714444,-17.65756646786567,0.011216708895129697,0.65,100,0.7547169811320755,wsdcon_3.csv,WSD-con 3e-5,wsd_20000_24000.csv|wsdcon_9.csv,WSD sharp + WSD-con 9e-5,2,1
0.003248313740665229,train_selected_rho,0.0029982992080725096,-7.696748299365885,0.011216708895129697,0.65,100,0.7547169811320755,wsdld_20000_24000.csv,WSD linear,wsd_20000_24000.csv|wsdcon_9.csv,WSD sharp + WSD-con 9e-5,2,1
0.005612615040270773,none,0.005419568682961824,-3.439508249253387,0.025956299573158922,0.0,400,1.0,cosine_72000.csv,Cosine,wsd_20000_24000.csv|wsdcon_9.csv,WSD sharp + WSD-con 9e-5,2,1
0.0025579541942073844,none,0.002388849060034152,-6.610952399232939,0.025956299573158922,0.0,400,1.0,wsdcon_18.csv,WSD-con 18e-5,wsd_20000_24000.csv|wsdcon_9.csv,WSD sharp + WSD-con 9e-5,2,1
0.008173606778800102,none,0.0054141966240115165,-33.76000619390784,0.025956299573158922,0.0,400,1.0,wsdcon_3.csv,WSD-con 3e-5,wsd_20000_24000.csv|wsdcon_9.csv,WSD sharp + WSD-con 9e-5,2,1
0.0038535563963712593,none,0.003271003866933247,-15.117270114084192,0.025956299573158922,0.0,400,1.0,wsdld_20000_24000.csv,WSD linear,wsd_20000_24000.csv|wsdcon_9.csv,WSD sharp + WSD-con 9e-5,2,1
0.005612615040270773,constant_0p85,0.005447467487704516,-2.9424350571225055,0.022062854637185082,0.0,400,0.85,cosine_72000.csv,Cosine,wsd_20000_24000.csv|wsdcon_9.csv,WSD sharp + WSD-con 9e-5,2,1
0.0025579541942073844,constant_0p85,0.0024047427523210888,-5.989608501717925,0.022062854637185082,0.0,400,0.85,wsdcon_18.csv,WSD-con 18e-5,wsd_20000_24000.csv|wsdcon_9.csv,WSD sharp + WSD-con 9e-5,2,1
0.008173606778800102,constant_0p85,0.005702434435178038,-30.233560415844185,0.022062854637185082,0.0,400,0.85,wsdcon_3.csv,WSD-con 3e-5,wsd_20000_24000.csv|wsdcon_9.csv,WSD sharp + WSD-con 9e-5,2,1
0.0038535563963712593,constant_0p85,0.0033583867463489532,-12.849679596971452,0.022062854637185082,0.0,400,0.85,wsdld_20000_24000.csv,WSD linear,wsd_20000_24000.csv|wsdcon_9.csv,WSD sharp + WSD-con 9e-5,2,1
0.005612615040270773,train_size_rho0p25,0.005440152632021911,-3.072763890119612,0.023072266287252372,0.25,400,0.8888888888888888,cosine_72000.csv,Cosine,wsd_20000_24000.csv|wsdcon_9.csv,WSD sharp + WSD-con 9e-5,2,1
0.0025579541942073844,train_size_rho0p25,0.002399849937638654,-6.180886934049301,0.023072266287252372,0.25,400,0.8888888888888888,wsdcon_18.csv,WSD-con 18e-5,wsd_20000_24000.csv|wsdcon_9.csv,WSD sharp + WSD-con 9e-5,2,1
0.008173606778800102,train_size_rho0p25,0.005621601972076525,-31.22250526343788,0.023072266287252372,0.25,400,0.8888888888888888,wsdcon_3.csv,WSD-con 3e-5,wsd_20000_24000.csv|wsdcon_9.csv,WSD sharp + WSD-con 9e-5,2,1
0.0038535563963712593,train_size_rho0p25,0.003335731925759695,-13.437573434741456,0.023072266287252372,0.25,400,0.8888888888888888,wsdld_20000_24000.csv,WSD linear,wsd_20000_24000.csv|wsdcon_9.csv,WSD sharp + WSD-con 9e-5,2,1
0.005612615040270773,train_size_rho0p35,0.005447266435725649,-2.946017201585005,0.02209046772183738,0.35,400,0.851063829787234,cosine_72000.csv,Cosine,wsd_20000_24000.csv|wsdcon_9.csv,WSD sharp + WSD-con 9e-5,2,1
0.0025579541942073844,train_size_rho0p35,0.0024046089063267397,-5.994841042419874,0.02209046772183738,0.35,400,0.851063829787234,wsdcon_18.csv,WSD-con 18e-5,wsd_20000_24000.csv|wsdcon_9.csv,WSD sharp + WSD-con 9e-5,2,1
0.008173606778800102,train_size_rho0p35,0.00570012468071371,-30.261819109060482,0.02209046772183738,0.35,400,0.851063829787234,wsdcon_3.csv,WSD-con 3e-5,wsd_20000_24000.csv|wsdcon_9.csv,WSD sharp + WSD-con 9e-5,2,1
0.0038535563963712593,train_size_rho0p35,0.003357767009615508,-12.865761799220499,0.02209046772183738,0.35,400,0.851063829787234,wsdld_20000_24000.csv,WSD linear,wsd_20000_24000.csv|wsdcon_9.csv,WSD sharp + WSD-con 9e-5,2,1
0.005612615040270773,train_size_rho0p5,0.005456963775492667,-2.773239633598623,0.020765039658527138,0.5,400,0.8,cosine_72000.csv,Cosine,wsd_20000_24000.csv|wsdcon_9.csv,WSD sharp + WSD-con 9e-5,2,1
0.0025579541942073844,train_size_rho0p5,0.0024110335140556634,-5.74367908871981,0.020765039658527138,0.5,400,0.8,wsdcon_18.csv,WSD-con 18e-5,wsd_20000_24000.csv|wsdcon_9.csv,WSD sharp + WSD-con 9e-5,2,1
0.008173606778800102,train_size_rho0p5,0.005812814597248163,-28.883114216787753,0.020765039658527138,0.5,400,0.8,wsdcon_3.csv,WSD-con 3e-5,wsd_20000_24000.csv|wsdcon_9.csv,WSD sharp + WSD-con 9e-5,2,1
0.0038535563963712593,train_size_rho0p5,0.0033875143728208466,-12.093816091267428,0.020765039658527138,0.5,400,0.8,wsdld_20000_24000.csv,WSD linear,wsd_20000_24000.csv|wsdcon_9.csv,WSD sharp + WSD-con 9e-5,2,1
0.005612615040270773,train_size_rho0p75,0.005470776557729943,-2.5271371993826897,0.018877308780479215,0.75,400,0.7272727272727273,cosine_72000.csv,Cosine,wsd_20000_24000.csv|wsdcon_9.csv,WSD sharp + WSD-con 9e-5,2,1
0.0025579541942073844,train_size_rho0p75,0.0024201837129423113,-5.385963578904629,0.018877308780479215,0.75,400,0.7272727272727273,wsdcon_18.csv,WSD-con 18e-5,wsd_20000_24000.csv|wsdcon_9.csv,WSD sharp + WSD-con 9e-5,2,1
0.008173606778800102,train_size_rho0p75,0.005980811022308079,-26.827761792743466,0.018877308780479215,0.75,400,0.7272727272727273,wsdcon_3.csv,WSD-con 3e-5,wsd_20000_24000.csv|wsdcon_9.csv,WSD sharp + WSD-con 9e-5,2,1
0.0038535563963712593,train_size_rho0p75,0.0034298818295072494,-10.99437826478853,0.018877308780479215,0.75,400,0.7272727272727273,wsdld_20000_24000.csv,WSD linear,wsd_20000_24000.csv|wsdcon_9.csv,WSD sharp + WSD-con 9e-5,2,1
0.005612615040270773,train_size_rho1p0,0.005482299634296977,-2.321830466525443,0.01730419971543928,1.0,400,0.6666666666666666,cosine_72000.csv,Cosine,wsd_20000_24000.csv|wsdcon_9.csv,WSD sharp + WSD-con 9e-5,2,1
0.0025579541942073844,train_size_rho1p0,0.0024279145474161642,-5.083736334516919,0.01730419971543928,1.0,400,0.6666666666666666,wsdcon_18.csv,WSD-con 18e-5,wsd_20000_24000.csv|wsdcon_9.csv,WSD sharp + WSD-con 9e-5,2,1
0.008173606778800102,train_size_rho1p0,0.006131988102553443,-24.97818565901665,0.01730419971543928,1.0,400,0.6666666666666666,wsdcon_3.csv,WSD-con 3e-5,wsd_20000_24000.csv|wsdcon_9.csv,WSD sharp + WSD-con 9e-5,2,1
0.0038535563963712593,train_size_rho1p0,0.0034651880434125922,-10.078180076055931,0.01730419971543928,1.0,400,0.6666666666666666,wsdld_20000_24000.csv,WSD linear,wsd_20000_24000.csv|wsdcon_9.csv,WSD sharp + WSD-con 9e-5,2,1
0.005612615040270773,train_selected_rho,0.0054655641870743725,-2.6200060424829474,0.019589660055214283,0.65,400,0.7547169811320755,cosine_72000.csv,Cosine,wsd_20000_24000.csv|wsdcon_9.csv,WSD sharp + WSD-con 9e-5,2,1
0.0025579541942073844,train_selected_rho,0.002416730807702073,-5.520950563740312,0.019589660055214283,0.65,400,0.7547169811320755,wsdcon_18.csv,WSD-con 18e-5,wsd_20000_24000.csv|wsdcon_9.csv,WSD sharp + WSD-con 9e-5,2,1
0.008173606778800102,train_selected_rho,0.005917265313610992,-27.605211826942632,0.019589660055214283,0.65,400,0.7547169811320755,wsdcon_3.csv,WSD-con 3e-5,wsd_20000_24000.csv|wsdcon_9.csv,WSD sharp + WSD-con 9e-5,2,1
0.0038535563963712593,train_selected_rho,0.0034138941100029466,-11.409260463459814,0.019589660055214283,0.65,400,0.7547169811320755,wsdld_20000_24000.csv,WSD linear,wsd_20000_24000.csv|wsdcon_9.csv,WSD sharp + WSD-con 9e-5,2,1
0.00744534704076948,none,0.0072782762620491916,-2.2439622734230835,0.014705105356888066,0.0,25,1.0,cosine_72000.csv,Cosine,wsd_20000_24000.csv|wsdcon_18.csv,WSD sharp + WSD-con 18e-5,2,1
0.004487187642230267,none,0.002803377527787823,-37.524842923786,0.014705105356888066,0.0,25,1.0,wsdcon_3.csv,WSD-con 3e-5,wsd_20000_24000.csv|wsdcon_18.csv,WSD sharp + WSD-con 18e-5,2,1
0.002926482771138891,none,0.0022254338605087907,-23.955340436098826,0.014705105356888066,0.0,25,1.0,wsdcon_9.csv,WSD-con 9e-5,wsd_20000_24000.csv|wsdcon_18.csv,WSD sharp + WSD-con 18e-5,2,1
0.0031360955249893426,none,0.002806398419615626,-10.512980320484244,0.014705105356888066,0.0,25,1.0,wsdld_20000_24000.csv,WSD linear,wsd_20000_24000.csv|wsdcon_18.csv,WSD sharp + WSD-con 18e-5,2,1
0.00744534704076948,constant_0p85,0.007303336878857242,-1.9073679324095205,0.012499339553354855,0.0,25,0.85,cosine_72000.csv,Cosine,wsd_20000_24000.csv|wsdcon_18.csv,WSD sharp + WSD-con 18e-5,2,1
0.004487187642230267,constant_0p85,0.002910011833763093,-35.1484255666935,0.012499339553354855,0.0,25,0.85,wsdcon_3.csv,WSD-con 3e-5,wsd_20000_24000.csv|wsdcon_18.csv,WSD sharp + WSD-con 18e-5,2,1
0.002926482771138891,constant_0p85,0.00229160958721614,-21.69406873616,0.012499339553354855,0.0,25,0.85,wsdcon_9.csv,WSD-con 9e-5,wsd_20000_24000.csv|wsdcon_18.csv,WSD sharp + WSD-con 18e-5,2,1
0.0031360955249893426,constant_0p85,0.0028558529854216834,-8.936033272411613,0.012499339553354855,0.0,25,0.85,wsdld_20000_24000.csv,WSD linear,wsd_20000_24000.csv|wsdcon_18.csv,WSD sharp + WSD-con 18e-5,2,1
0.00744534704076948,train_size_rho0p25,0.007296839681907006,-1.9946331319315669,0.013071204761678279,0.25,25,0.8888888888888888,cosine_72000.csv,Cosine,wsd_20000_24000.csv|wsdcon_18.csv,WSD sharp + WSD-con 18e-5,2,1
0.004487187642230267,train_size_rho0p25,0.002874046550034483,-35.94993614739954,0.013071204761678279,0.25,25,0.8888888888888888,wsdcon_3.csv,WSD-con 3e-5,wsd_20000_24000.csv|wsdcon_18.csv,WSD sharp + WSD-con 18e-5,2,1
0.002926482771138891,train_size_rho0p25,0.0022692709112896465,-22.457397198121175,0.013071204761678279,0.25,25,0.8888888888888888,wsdcon_9.csv,WSD-con 9e-5,wsd_20000_24000.csv|wsdcon_18.csv,WSD sharp + WSD-con 18e-5,2,1
0.0031360955249893426,train_size_rho0p25,0.0028430314313238176,-9.344871395985965,0.013071204761678279,0.25,25,0.8888888888888888,wsdld_20000_24000.csv,WSD linear,wsd_20000_24000.csv|wsdcon_18.csv,WSD sharp + WSD-con 18e-5,2,1
0.00744534704076948,train_size_rho0p35,0.007303159143986253,-1.9097551263175583,0.012514983282457929,0.35,25,0.851063829787234,cosine_72000.csv,Cosine,wsd_20000_24000.csv|wsdcon_18.csv,WSD sharp + WSD-con 18e-5,2,1
0.004487187642230267,train_size_rho0p35,0.0029090279810167095,-35.17035138805038,0.012514983282457929,0.35,25,0.851063829787234,wsdcon_3.csv,WSD-con 3e-5,wsd_20000_24000.csv|wsdcon_18.csv,WSD sharp + WSD-con 18e-5,2,1
0.002926482771138891,train_size_rho0p35,0.002290932315520347,-21.717211592235287,0.012514983282457929,0.35,25,0.851063829787234,wsdcon_9.csv,WSD-con 9e-5,wsd_20000_24000.csv|wsdcon_18.csv,WSD sharp + WSD-con 18e-5,2,1
0.0031360955249893426,train_size_rho0p35,0.002855502243820219,-8.947217294029242,0.012514983282457929,0.35,25,0.851063829787234,wsdld_20000_24000.csv,WSD linear,wsd_20000_24000.csv|wsdcon_18.csv,WSD sharp + WSD-con 18e-5,2,1
0.00744534704076948,train_size_rho0p5,0.00731169041779325,-1.7951698187384624,0.011764084285510453,0.5,25,0.8,cosine_72000.csv,Cosine,wsd_20000_24000.csv|wsdcon_18.csv,WSD sharp + WSD-con 18e-5,2,1
0.004487187642230267,train_size_rho0p5,0.00295956677136629,-34.044060392908,0.011764084285510453,0.5,25,0.8,wsdcon_3.csv,WSD-con 3e-5,wsd_20000_24000.csv|wsdcon_18.csv,WSD sharp + WSD-con 18e-5,2,1
0.002926482771138891,train_size_rho0p5,0.0023241499207989143,-20.582142368313626,0.011764084285510453,0.5,25,0.8,wsdcon_9.csv,WSD-con 9e-5,wsd_20000_24000.csv|wsdcon_18.csv,WSD sharp + WSD-con 18e-5,2,1
0.0031360955249893426,train_size_rho0p5,0.0028723378406903606,-8.41038425638767,0.011764084285510453,0.5,25,0.8,wsdld_20000_24000.csv,WSD linear,wsd_20000_24000.csv|wsdcon_18.csv,WSD sharp + WSD-con 18e-5,2,1
0.00744534704076948,train_size_rho0p75,0.007323841019882003,-1.6319725624894366,0.010694622077736774,0.75,25,0.7272727272727273,cosine_72000.csv,Cosine,wsd_20000_24000.csv|wsdcon_18.csv,WSD sharp + WSD-con 18e-5,2,1
0.004487187642230267,train_size_rho0p75,0.0030434022864166514,-32.175729453025745,0.010694622077736774,0.75,25,0.7272727272727273,wsdcon_3.csv,WSD-con 3e-5,wsd_20000_24000.csv|wsdcon_18.csv,WSD sharp + WSD-con 18e-5,2,1
0.002926482771138891,train_size_rho0p75,0.0023726742301062123,-18.92403216907218,0.010694622077736774,0.75,25,0.7272727272727273,wsdcon_9.csv,WSD-con 9e-5,wsd_20000_24000.csv|wsdcon_18.csv,WSD sharp + WSD-con 18e-5,2,1
0.0031360955249893426,train_size_rho0p75,0.002896315811990273,-7.645803869443169,0.010694622077736774,0.75,25,0.7272727272727273,wsdld_20000_24000.csv,WSD linear,wsd_20000_24000.csv|wsdcon_18.csv,WSD sharp + WSD-con 18e-5,2,1
0.00744534704076948,train_size_rho1p0,0.007333966521622627,-1.4959748489486446,0.00980340357125871,1.0,25,0.6666666666666666,cosine_72000.csv,Cosine,wsd_20000_24000.csv|wsdcon_18.csv,WSD sharp + WSD-con 18e-5,2,1
0.004487187642230267,train_size_rho1p0,0.003122697601498608,-30.408579928551116,0.00980340357125871,1.0,25,0.6666666666666666,wsdcon_3.csv,WSD-con 3e-5,wsd_20000_24000.csv|wsdcon_18.csv,WSD sharp + WSD-con 18e-5,2,1
0.002926482771138891,train_size_rho1p0,0.0024145615196173678,-17.49271366194649,0.00980340357125871,1.0,25,0.6666666666666666,wsdcon_9.csv,WSD-con 9e-5,wsd_20000_24000.csv|wsdcon_18.csv,WSD sharp + WSD-con 18e-5,2,1
0.0031360955249893426,train_size_rho1p0,0.002916297454740193,-7.008653546989663,0.00980340357125871,1.0,25,0.6666666666666666,wsdld_20000_24000.csv,WSD linear,wsd_20000_24000.csv|wsdcon_18.csv,WSD sharp + WSD-con 18e-5,2,1
0.00744534704076948,train_selected_rho,0.007319255887018313,-1.6935564327722141,0.011098192722179673,0.65,25,0.7547169811320755,cosine_72000.csv,Cosine,wsd_20000_24000.csv|wsdcon_18.csv,WSD sharp + WSD-con 18e-5,2,1
0.004487187642230267,train_selected_rho,0.0030110549787858336,-32.89661099865998,0.011098192722179673,0.65,25,0.7547169811320755,wsdcon_3.csv,WSD-con 3e-5,wsd_20000_24000.csv|wsdcon_18.csv,WSD sharp + WSD-con 18e-5,2,1
0.002926482771138891,train_selected_rho,0.0023543631699902536,-19.549734131049988,0.011098192722179673,0.65,25,0.7547169811320755,wsdcon_9.csv,WSD-con 9e-5,wsd_20000_24000.csv|wsdcon_18.csv,WSD sharp + WSD-con 18e-5,2,1
0.0031360955249893426,train_selected_rho,0.0028872675209337065,-7.934324770176815,0.011098192722179673,0.65,25,0.7547169811320755,wsdld_20000_24000.csv,WSD linear,wsd_20000_24000.csv|wsdcon_18.csv,WSD sharp + WSD-con 18e-5,2,1
0.007265129575917493,none,0.007062965785759214,-2.782659112212027,0.017799835881955443,0.0,100,1.0,cosine_72000.csv,Cosine,wsd_20000_24000.csv|wsdcon_18.csv,WSD sharp + WSD-con 18e-5,2,1
0.0056693997340904675,none,0.0044351703181063785,-21.770019294328247,0.017799835881955443,0.0,100,1.0,wsdcon_3.csv,WSD-con 3e-5,wsd_20000_24000.csv|wsdcon_18.csv,WSD sharp + WSD-con 18e-5,2,1
0.004934623402238123,none,0.0046728138829780315,-5.305562307781109,0.017799835881955443,0.0,100,1.0,wsdcon_9.csv,WSD-con 9e-5,wsd_20000_24000.csv|wsdcon_18.csv,WSD sharp + WSD-con 18e-5,2,1
0.003248313740665229,none,0.0028515647753616516,-12.213997691686219,0.017799835881955443,0.0,100,1.0,wsdld_20000_24000.csv,WSD linear,wsd_20000_24000.csv|wsdcon_18.csv,WSD sharp + WSD-con 18e-5,2,1
0.007265129575917493,constant_0p85,0.007093290354282948,-2.3652602453803295,0.015129860499662126,0.0,100,0.85,cosine_72000.csv,Cosine,wsd_20000_24000.csv|wsdcon_18.csv,WSD sharp + WSD-con 18e-5,2,1
0.0056693997340904675,constant_0p85,0.004495623398447629,-20.703714514692717,0.015129860499662126,0.0,100,0.85,wsdcon_3.csv,WSD-con 3e-5,wsd_20000_24000.csv|wsdcon_18.csv,WSD sharp + WSD-con 18e-5,2,1
0.004934623402238123,constant_0p85,0.004657377255464442,-5.618385116236723,0.015129860499662126,0.0,100,0.85,wsdcon_9.csv,WSD-con 9e-5,wsd_20000_24000.csv|wsdcon_18.csv,WSD sharp + WSD-con 18e-5,2,1
0.003248313740665229,constant_0p85,0.002911077120157183,-10.381898037933446,0.015129860499662126,0.0,100,0.85,wsdld_20000_24000.csv,WSD linear,wsd_20000_24000.csv|wsdcon_18.csv,WSD sharp + WSD-con 18e-5,2,1
0.007265129575917493,train_size_rho0p25,0.007085428429110121,-2.473474766410866,0.015822076339515947,0.25,100,0.8888888888888888,cosine_72000.csv,Cosine,wsd_20000_24000.csv|wsdcon_18.csv,WSD sharp + WSD-con 18e-5,2,1
0.0056693997340904675,train_size_rho0p25,0.004476336358397597,-21.043909966674303,0.015822076339515947,0.25,100,0.8888888888888888,wsdcon_3.csv,WSD-con 3e-5,wsd_20000_24000.csv|wsdcon_18.csv,WSD sharp + WSD-con 18e-5,2,1
0.004934623402238123,train_size_rho0p25,0.004659234885194364,-5.580740303684683,0.015822076339515947,0.25,100,0.8888888888888888,wsdcon_9.csv,WSD-con 9e-5,wsd_20000_24000.csv|wsdcon_18.csv,WSD sharp + WSD-con 18e-5,2,1
0.003248313740665229,train_size_rho0p25,0.0028956479937287216,-10.856886837054237,0.015822076339515947,0.25,100,0.8888888888888888,wsdld_20000_24000.csv,WSD linear,wsd_20000_24000.csv|wsdcon_18.csv,WSD sharp + WSD-con 18e-5,2,1
0.007265129575917493,train_size_rho0p35,0.007093075286421087,-2.3682205210314833,0.015148796495281228,0.35,100,0.851063829787234,cosine_72000.csv,Cosine,wsd_20000_24000.csv|wsdcon_18.csv,WSD sharp + WSD-con 18e-5,2,1
0.0056693997340904675,train_size_rho0p35,0.004494982741767417,-20.715014770632678,0.015148796495281228,0.35,100,0.851063829787234,wsdcon_3.csv,WSD-con 3e-5,wsd_20000_24000.csv|wsdcon_18.csv,WSD sharp + WSD-con 18e-5,2,1
0.004934623402238123,train_size_rho0p35,0.004657391430154207,-5.618097866560112,0.015148796495281228,0.35,100,0.851063829787234,wsdcon_9.csv,WSD-con 9e-5,wsd_20000_24000.csv|wsdcon_18.csv,WSD sharp + WSD-con 18e-5,2,1
0.003248313740665229,train_size_rho0p35,0.0029106550467898414,-10.394891652498984,0.015148796495281228,0.35,100,0.851063829787234,wsdld_20000_24000.csv,WSD linear,wsd_20000_24000.csv|wsdcon_18.csv,WSD sharp + WSD-con 18e-5,2,1
0.007265129575917493,train_size_rho0p5,0.007103398543790865,-2.226127289769686,0.014239868705564354,0.5,100,0.8,cosine_72000.csv,Cosine,wsd_20000_24000.csv|wsdcon_18.csv,WSD sharp + WSD-con 18e-5,2,1
0.0056693997340904675,train_size_rho0p5,0.00452613052961776,-20.165612906039343,0.014239868705564354,0.5,100,0.8,wsdcon_3.csv,WSD-con 3e-5,wsd_20000_24000.csv|wsdcon_18.csv,WSD sharp + WSD-con 18e-5,2,1
0.004934623402238123,train_size_rho0p5,0.004656711045045864,-5.631885851029905,0.014239868705564354,0.5,100,0.8,wsdcon_9.csv,WSD-con 9e-5,wsd_20000_24000.csv|wsdcon_18.csv,WSD sharp + WSD-con 18e-5,2,1
0.003248313740665229,train_size_rho0p5,0.0029309145684223645,-9.771198153349047,0.014239868705564354,0.5,100,0.8,wsdld_20000_24000.csv,WSD linear,wsd_20000_24000.csv|wsdcon_18.csv,WSD sharp + WSD-con 18e-5,2,1
0.007265129575917493,train_size_rho0p75,0.007118101364893289,-2.023752081608754,0.012945335186876687,0.75,100,0.7272727272727273,cosine_72000.csv,Cosine,wsd_20000_24000.csv|wsdcon_18.csv,WSD sharp + WSD-con 18e-5,2,1
0.0056693997340904675,train_size_rho0p75,0.0045808475610563905,-19.200483721204954,0.012945335186876687,0.75,100,0.7272727272727273,wsdcon_3.csv,WSD-con 3e-5,wsd_20000_24000.csv|wsdcon_18.csv,WSD sharp + WSD-con 18e-5,2,1
0.004934623402238123,train_size_rho0p75,0.004659383535749027,-5.577727904509578,0.012945335186876687,0.75,100,0.7272727272727273,wsdcon_9.csv,WSD-con 9e-5,wsd_20000_24000.csv|wsdcon_18.csv,WSD sharp + WSD-con 18e-5,2,1
0.003248313740665229,train_size_rho0p75,0.0029597690386262646,-8.882907412135399,0.012945335186876687,0.75,100,0.7272727272727273,wsdld_20000_24000.csv,WSD linear,wsd_20000_24000.csv|wsdcon_18.csv,WSD sharp + WSD-con 18e-5,2,1
0.007265129575917493,train_size_rho1p0,0.007130353715811967,-1.8551060748081105,0.01186655725463696,1.0,100,0.6666666666666666,cosine_72000.csv,Cosine,wsd_20000_24000.csv|wsdcon_18.csv,WSD sharp + WSD-con 18e-5,2,1
0.0056693997340904675,train_size_rho1p0,0.0046330180201298934,-18.280272384547935,0.01186655725463696,1.0,100,0.6666666666666666,wsdcon_3.csv,WSD-con 3e-5,wsd_20000_24000.csv|wsdcon_18.csv,WSD sharp + WSD-con 18e-5,2,1
0.004934623402238123,train_size_rho1p0,0.004664089005488074,-5.4823716968420815,0.01186655725463696,1.0,100,0.6666666666666666,wsdcon_9.csv,WSD-con 9e-5,wsd_20000_24000.csv|wsdcon_18.csv,WSD sharp + WSD-con 18e-5,2,1
0.003248313740665229,train_size_rho1p0,0.0029838144304628433,-8.142665127790838,0.01186655725463696,1.0,100,0.6666666666666666,wsdld_20000_24000.csv,WSD linear,wsd_20000_24000.csv|wsdcon_18.csv,WSD sharp + WSD-con 18e-5,2,1
0.007265129575917493,train_selected_rho,0.007112553130515021,-2.100120084688273,0.013433838401475807,0.65,100,0.7547169811320755,cosine_72000.csv,Cosine,wsd_20000_24000.csv|wsdcon_18.csv,WSD sharp + WSD-con 18e-5,2,1
0.0056693997340904675,train_selected_rho,0.00455911955250241,-19.583734322204716,0.013433838401475807,0.65,100,0.7547169811320755,wsdcon_3.csv,WSD-con 3e-5,wsd_20000_24000.csv|wsdcon_18.csv,WSD sharp + WSD-con 18e-5,2,1
0.004934623402238123,train_selected_rho,0.004657252756999262,-5.620908074019559,0.013433838401475807,0.65,100,0.7547169811320755,wsdcon_9.csv,WSD-con 9e-5,wsd_20000_24000.csv|wsdcon_18.csv,WSD sharp + WSD-con 18e-5,2,1
0.003248313740665229,train_selected_rho,0.002948880559304033,-9.218111465423728,0.013433838401475807,0.65,100,0.7547169811320755,wsdld_20000_24000.csv,WSD linear,wsd_20000_24000.csv|wsdcon_18.csv,WSD sharp + WSD-con 18e-5,2,1
0.005612615040270773,none,0.005383067740020618,-4.0898457956432654,0.031096406770903168,0.0,400,1.0,cosine_72000.csv,Cosine,wsd_20000_24000.csv|wsdcon_18.csv,WSD sharp + WSD-con 18e-5,2,1
0.008173606778800102,none,0.005144960768159518,-37.053972531392,0.031096406770903168,0.0,400,1.0,wsdcon_3.csv,WSD-con 3e-5,wsd_20000_24000.csv|wsdcon_18.csv,WSD sharp + WSD-con 18e-5,2,1
0.006687305974578527,none,0.00614023701715462,-8.180707739462845,0.031096406770903168,0.0,400,1.0,wsdcon_9.csv,WSD-con 9e-5,wsd_20000_24000.csv|wsdcon_18.csv,WSD sharp + WSD-con 18e-5,2,1
0.0038535563963712593,none,0.0031556414116191323,-18.110932161504778,0.031096406770903168,0.0,400,1.0,wsdld_20000_24000.csv,WSD linear,wsd_20000_24000.csv|wsdcon_18.csv,WSD sharp + WSD-con 18e-5,2,1
0.005612615040270773,constant_0p85,0.00541619076530957,-3.4996926308298426,0.02643194575526769,0.0,400,0.85,cosine_72000.csv,Cosine,wsd_20000_24000.csv|wsdcon_18.csv,WSD sharp + WSD-con 18e-5,2,1
0.008173606778800102,constant_0p85,0.005382454926643302,-34.14835002090161,0.02643194575526769,0.0,400,0.85,wsdcon_3.csv,WSD-con 3e-5,wsd_20000_24000.csv|wsdcon_18.csv,WSD sharp + WSD-con 18e-5,2,1
0.006687305974578527,constant_0p85,0.006151746776798435,-8.008594190485596,0.02643194575526769,0.0,400,0.85,wsdcon_9.csv,WSD-con 9e-5,wsd_20000_24000.csv|wsdcon_18.csv,WSD sharp + WSD-con 18e-5,2,1
0.0038535563963712593,constant_0p85,0.0032603286593319487,-15.394292337279136,0.02643194575526769,0.0,400,0.85,wsdld_20000_24000.csv,WSD linear,wsd_20000_24000.csv|wsdcon_18.csv,WSD sharp + WSD-con 18e-5,2,1
0.005612615040270773,train_size_rho0p25,0.005407602592266382,-3.6527081678222606,0.027641250463025038,0.25,400,0.8888888888888888,cosine_72000.csv,Cosine,wsd_20000_24000.csv|wsdcon_18.csv,WSD sharp + WSD-con 18e-5,2,1
0.008173606778800102,train_size_rho0p25,0.00530852551174496,-35.05283951861139,0.027641250463025038,0.25,400,0.8888888888888888,wsdcon_3.csv,WSD-con 3e-5,wsd_20000_24000.csv|wsdcon_18.csv,WSD sharp + WSD-con 18e-5,2,1
0.006687305974578527,train_size_rho0p25,0.006146471968575556,-8.087472115960082,0.027641250463025038,0.25,400,0.8888888888888888,wsdcon_9.csv,WSD-con 9e-5,wsd_20000_24000.csv|wsdcon_18.csv,WSD sharp + WSD-con 18e-5,2,1
0.0038535563963712593,train_size_rho0p25,0.0032331875210360335,-16.098606365782075,0.027641250463025038,0.25,400,0.8888888888888888,wsdld_20000_24000.csv,WSD linear,wsd_20000_24000.csv|wsdcon_18.csv,WSD sharp + WSD-con 18e-5,2,1
0.005612615040270773,train_size_rho0p35,0.005415955830484686,-3.5038784661881817,0.026465027039066526,0.35,400,0.851063829787234,cosine_72000.csv,Cosine,wsd_20000_24000.csv|wsdcon_18.csv,WSD sharp + WSD-con 18e-5,2,1
0.008173606778800102,train_size_rho0p35,0.005380247285462948,-34.17535940904688,0.026465027039066526,0.35,400,0.851063829787234,wsdcon_3.csv,WSD-con 3e-5,wsd_20000_24000.csv|wsdcon_18.csv,WSD sharp + WSD-con 18e-5,2,1
0.006687305974578527,train_size_rho0p35,0.006151602481132768,-8.010751945285744,0.026465027039066526,0.35,400,0.851063829787234,wsdcon_9.csv,WSD-con 9e-5,wsd_20000_24000.csv|wsdcon_18.csv,WSD sharp + WSD-con 18e-5,2,1
0.0038535563963712593,train_size_rho0p35,0.0032595861965822167,-15.413559286387002,0.026465027039066526,0.35,400,0.851063829787234,wsdld_20000_24000.csv,WSD linear,wsd_20000_24000.csv|wsdcon_18.csv,WSD sharp + WSD-con 18e-5,2,1
0.005612615040270773,train_size_rho0p5,0.005427232702079381,-3.302958368982467,0.024877125416722535,0.5,400,0.8,cosine_72000.csv,Cosine,wsd_20000_24000.csv|wsdcon_18.csv,WSD sharp + WSD-con 18e-5,2,1
0.008173606778800102,train_size_rho0p5,0.005487911800454014,-32.85813779679223,0.024877125416722535,0.5,400,0.8,wsdcon_3.csv,WSD-con 3e-5,wsd_20000_24000.csv|wsdcon_18.csv,WSD sharp + WSD-con 18e-5,2,1
0.006687305974578527,train_size_rho0p5,0.006164948290046212,-7.81118265738151,0.024877125416722535,0.5,400,0.8,wsdcon_9.csv,WSD-con 9e-5,wsd_20000_24000.csv|wsdcon_18.csv,WSD sharp + WSD-con 18e-5,2,1
0.0038535563963712593,train_size_rho0p5,0.003295224408569555,-14.488745729203888,0.024877125416722535,0.5,400,0.8,wsdld_20000_24000.csv,WSD linear,wsd_20000_24000.csv|wsdcon_18.csv,WSD sharp + WSD-con 18e-5,2,1
0.005612615040270773,train_size_rho0p75,0.005443461720151987,-3.0138058446036897,0.02261556856065685,0.75,400,0.7272727272727273,cosine_72000.csv,Cosine,wsd_20000_24000.csv|wsdcon_18.csv,WSD sharp + WSD-con 18e-5,2,1
0.008173606778800102,train_size_rho0p75,0.005657326877371679,-30.78542887522927,0.02261556856065685,0.75,400,0.7272727272727273,wsdcon_3.csv,WSD-con 3e-5,wsd_20000_24000.csv|wsdcon_18.csv,WSD sharp + WSD-con 18e-5,2,1
0.006687305974578527,train_size_rho0p75,0.006188138784413583,-7.4643988485423645,0.02261556856065685,0.75,400,0.7272727272727273,wsdcon_9.csv,WSD-con 9e-5,wsd_20000_24000.csv|wsdcon_18.csv,WSD sharp + WSD-con 18e-5,2,1
0.0038535563963712593,train_size_rho0p75,0.0033459818620060716,-13.171587026549048,0.02261556856065685,0.75,400,0.7272727272727273,wsdld_20000_24000.csv,WSD linear,wsd_20000_24000.csv|wsdcon_18.csv,WSD sharp + WSD-con 18e-5,2,1
0.005612615040270773,train_size_rho1p0,0.005457213303059486,-2.768793799258862,0.020730937847268777,1.0,400,0.6666666666666666,cosine_72000.csv,Cosine,wsd_20000_24000.csv|wsdcon_18.csv,WSD sharp + WSD-con 18e-5,2,1
0.008173606778800102,train_size_rho1p0,0.0058158450723433276,-28.846037866319985,0.020730937847268777,1.0,400,0.6666666666666666,wsdcon_3.csv,WSD-con 3e-5,wsd_20000_24000.csv|wsdcon_18.csv,WSD sharp + WSD-con 18e-5,2,1
0.006687305974578527,train_size_rho1p0,0.006212591785307082,-7.098735889699803,0.020730937847268777,1.0,400,0.6666666666666666,wsdcon_9.csv,WSD-con 9e-5,wsd_20000_24000.csv|wsdcon_18.csv,WSD sharp + WSD-con 18e-5,2,1
0.0038535563963712593,train_size_rho1p0,0.003388279739869844,-12.073954774336448,0.020730937847268777,1.0,400,0.6666666666666666,wsdld_20000_24000.csv,WSD linear,wsd_20000_24000.csv|wsdcon_18.csv,WSD sharp + WSD-con 18e-5,2,1
0.005612615040270773,train_selected_rho,0.005437293374159643,-3.1237073067222565,0.02346898624219107,0.65,400,0.7547169811320755,cosine_72000.csv,Cosine,wsd_20000_24000.csv|wsdcon_18.csv,WSD sharp + WSD-con 18e-5,2,1
0.008173606778800102,train_selected_rho,0.0055905687919367,-31.602180735719177,0.02346898624219107,0.65,400,0.7547169811320755,wsdcon_3.csv,WSD-con 3e-5,wsd_20000_24000.csv|wsdcon_18.csv,WSD sharp + WSD-con 18e-5,2,1
0.006687305974578527,train_selected_rho,0.006177503523008252,-7.623435408941425,0.02346898624219107,0.65,400,0.7547169811320755,wsdcon_9.csv,WSD-con 9e-5,wsd_20000_24000.csv|wsdcon_18.csv,WSD sharp + WSD-con 18e-5,2,1
0.0038535563963712593,train_selected_rho,0.0033268281059922957,-13.668628046418696,0.02346898624219107,0.65,400,0.7547169811320755,wsdld_20000_24000.csv,WSD linear,wsd_20000_24000.csv|wsdcon_18.csv,WSD sharp + WSD-con 18e-5,2,1
0.00744534704076948,none,0.007343946198307649,-1.3619357419684786,0.008925020180668231,0.0,25,1.0,cosine_72000.csv,Cosine,wsdld_20000_24000.csv|wsdcon_3.csv,WSD linear + WSD-con 3e-5,2,1
0.003408385839825258,none,0.003130307659066227,-8.158647342968873,0.008925020180668231,0.0,25,1.0,wsd_20000_24000.csv,WSD sharp,wsdld_20000_24000.csv|wsdcon_3.csv,WSD linear + WSD-con 3e-5,2,1
0.002504818961791151,none,0.0023222074098611044,-7.290409195859182,0.008925020180668231,0.0,25,1.0,wsdcon_18.csv,WSD-con 18e-5,wsdld_20000_24000.csv|wsdcon_3.csv,WSD linear + WSD-con 3e-5,2,1
0.002926482771138891,none,0.002459167986877235,-15.968478915042184,0.008925020180668231,0.0,25,1.0,wsdcon_9.csv,WSD-con 9e-5,wsdld_20000_24000.csv|wsdcon_3.csv,WSD linear + WSD-con 3e-5,2,1
0.00744534704076948,constant_0p85,0.007359156324676917,-1.157645380673289,0.007586267153567996,0.0,25,0.85,cosine_72000.csv,Cosine,wsdld_20000_24000.csv|wsdcon_3.csv,WSD linear + WSD-con 3e-5,2,1
0.003408385839825258,constant_0p85,0.003172019386180075,-6.934850241523738,0.007586267153567996,0.0,25,0.85,wsd_20000_24000.csv,WSD sharp,wsdld_20000_24000.csv|wsdcon_3.csv,WSD linear + WSD-con 3e-5,2,1
0.002504818961791151,constant_0p85,0.00234959914265062,-6.196847816479956,0.007586267153567996,0.0,25,0.85,wsdcon_18.csv,WSD-con 18e-5,wsdld_20000_24000.csv|wsdcon_3.csv,WSD linear + WSD-con 3e-5,2,1
0.002926482771138891,constant_0p85,0.002527347927488663,-13.638721798963394,0.007586267153567996,0.0,25,0.85,wsdcon_9.csv,WSD-con 9e-5,wsdld_20000_24000.csv|wsdcon_3.csv,WSD linear + WSD-con 3e-5,2,1
0.00744534704076948,train_size_rho0p25,0.007355212958581181,-1.2106095484164747,0.007933351271705094,0.25,25,0.8888888888888888,cosine_72000.csv,Cosine,wsdld_20000_24000.csv|wsdcon_3.csv,WSD linear + WSD-con 3e-5,2,1
0.003408385839825258,train_size_rho0p25,0.003161205234706117,-7.25213097152796,0.007933351271705094,0.25,25,0.8888888888888888,wsd_20000_24000.csv,WSD sharp,wsdld_20000_24000.csv|wsdcon_3.csv,WSD linear + WSD-con 3e-5,2,1
0.002504818961791151,train_size_rho0p25,0.0023424975822977845,-6.480363729652272,0.007933351271705094,0.25,25,0.8888888888888888,wsdcon_18.csv,WSD-con 18e-5,wsdld_20000_24000.csv|wsdcon_3.csv,WSD linear + WSD-con 3e-5,2,1
0.002926482771138891,train_size_rho0p25,0.002509671646589408,-14.242732903131817,0.007933351271705094,0.25,25,0.8888888888888888,wsdcon_9.csv,WSD-con 9e-5,wsdld_20000_24000.csv|wsdcon_3.csv,WSD linear + WSD-con 3e-5,2,1
0.00744534704076948,train_size_rho0p35,0.007359048451440253,-1.1590942484839273,0.007595761855887856,0.35,25,0.851063829787234,cosine_72000.csv,Cosine,wsdld_20000_24000.csv|wsdcon_3.csv,WSD linear + WSD-con 3e-5,2,1
0.003408385839825258,train_size_rho0p35,0.0031717235583282105,-6.94352965359053,0.007595761855887856,0.35,25,0.851063829787234,wsd_20000_24000.csv,WSD sharp,wsdld_20000_24000.csv|wsdcon_3.csv,WSD linear + WSD-con 3e-5,2,1
0.002504818961791151,train_size_rho0p35,0.002349404875042173,-6.204603570944068,0.007595761855887856,0.35,25,0.851063829787234,wsdcon_18.csv,WSD-con 18e-5,wsdld_20000_24000.csv|wsdcon_3.csv,WSD linear + WSD-con 3e-5,2,1
0.002926482771138891,train_size_rho0p35,0.0025268643818105634,-13.655244899077578,0.007595761855887856,0.35,25,0.851063829787234,wsdcon_9.csv,WSD-con 9e-5,wsdld_20000_24000.csv|wsdcon_3.csv,WSD linear + WSD-con 3e-5,2,1
0.00744534704076948,train_size_rho0p5,0.007364226366800009,-1.0895485935748517,0.007140016144534585,0.5,25,0.8,cosine_72000.csv,Cosine,wsdld_20000_24000.csv|wsdcon_3.csv,WSD linear + WSD-con 3e-5,2,1
0.003408385839825258,train_size_rho0p5,0.003185923295218028,-6.526917874375249,0.007140016144534585,0.5,25,0.8,wsd_20000_24000.csv,WSD sharp,wsdld_20000_24000.csv|wsdcon_3.csv,WSD linear + WSD-con 3e-5,2,1
0.002504818961791151,train_size_rho0p5,0.0023587297202471128,-5.832327356687383,0.007140016144534585,0.5,25,0.8,wsdcon_18.csv,WSD-con 18e-5,wsdld_20000_24000.csv|wsdcon_3.csv,WSD linear + WSD-con 3e-5,2,1
0.002926482771138891,train_size_rho0p5,0.0025500745743591495,-12.862136093603437,0.007140016144534585,0.5,25,0.8,wsdcon_9.csv,WSD-con 9e-5,wsdld_20000_24000.csv|wsdcon_3.csv,WSD linear + WSD-con 3e-5,2,1
0.00744534704076948,train_size_rho0p75,0.007371600973524516,-0.9904987214315653,0.006490923767758713,0.75,25,0.7272727272727273,cosine_72000.csv,Cosine,wsdld_20000_24000.csv|wsdcon_3.csv,WSD linear + WSD-con 3e-5,2,1
0.003408385839825258,train_size_rho0p75,0.0032061471629095946,-5.933561703977497,0.006490923767758713,0.75,25,0.7272727272727273,wsd_20000_24000.csv,WSD sharp,wsdld_20000_24000.csv|wsdcon_3.csv,WSD linear + WSD-con 3e-5,2,1
0.002504818961791151,train_size_rho0p75,0.0023720105603874707,-5.302115778807071,0.006490923767758713,0.75,25,0.7272727272727273,wsdcon_18.csv,WSD-con 18e-5,wsdld_20000_24000.csv|wsdcon_3.csv,WSD linear + WSD-con 3e-5,2,1
0.002926482771138891,train_size_rho0p75,0.002583131515261654,-11.732556885807865,0.006490923767758713,0.75,25,0.7272727272727273,wsdcon_9.csv,WSD-con 9e-5,wsdld_20000_24000.csv|wsdcon_3.csv,WSD linear + WSD-con 3e-5,2,1
0.00744534704076948,train_size_rho1p0,0.007377746479128263,-0.9079571613122672,0.005950013453778821,1.0,25,0.6666666666666666,cosine_72000.csv,Cosine,wsdld_20000_24000.csv|wsdcon_3.csv,WSD linear + WSD-con 3e-5,2,1
0.003408385839825258,train_size_rho1p0,0.0032230003859858936,-5.4390982286462215,0.005950013453778821,1.0,25,0.6666666666666666,wsd_20000_24000.csv,WSD sharp,wsdld_20000_24000.csv|wsdcon_3.csv,WSD linear + WSD-con 3e-5,2,1
0.002504818961791151,train_size_rho1p0,0.0023830779271711167,-4.860272797239573,0.005950013453778821,1.0,25,0.6666666666666666,wsdcon_18.csv,WSD-con 18e-5,wsdld_20000_24000.csv|wsdcon_3.csv,WSD linear + WSD-con 3e-5,2,1
0.002926482771138891,train_size_rho1p0,0.0026106789660137407,-10.79124087931157,0.005950013453778821,1.0,25,0.6666666666666666,wsdcon_9.csv,WSD-con 9e-5,wsdld_20000_24000.csv|wsdcon_3.csv,WSD linear + WSD-con 3e-5,2,1
0.00744534704076948,train_selected_rho,0.007343946198307649,-1.3619357419684786,0.008925020180668231,0.0,25,1.0,cosine_72000.csv,Cosine,wsdld_20000_24000.csv|wsdcon_3.csv,WSD linear + WSD-con 3e-5,2,1
0.003408385839825258,train_selected_rho,0.003130307659066227,-8.158647342968873,0.008925020180668231,0.0,25,1.0,wsd_20000_24000.csv,WSD sharp,wsdld_20000_24000.csv|wsdcon_3.csv,WSD linear + WSD-con 3e-5,2,1
0.002504818961791151,train_selected_rho,0.0023222074098611044,-7.290409195859182,0.008925020180668231,0.0,25,1.0,wsdcon_18.csv,WSD-con 18e-5,wsdld_20000_24000.csv|wsdcon_3.csv,WSD linear + WSD-con 3e-5,2,1
0.002926482771138891,train_selected_rho,0.002459167986877235,-15.968478915042184,0.008925020180668231,0.0,25,1.0,wsdcon_9.csv,WSD-con 9e-5,wsdld_20000_24000.csv|wsdcon_3.csv,WSD linear + WSD-con 3e-5,2,1
0.007265129575917493,none,0.007108829038186229,-2.1513799044874604,0.013761732097027054,0.0,100,1.0,cosine_72000.csv,Cosine,wsdld_20000_24000.csv|wsdcon_3.csv,WSD linear + WSD-con 3e-5,2,1
0.0037480705220761528,none,0.003321801652943141,-11.373021575295505,0.013761732097027054,0.0,100,1.0,wsd_20000_24000.csv,WSD sharp,wsdld_20000_24000.csv|wsdcon_3.csv,WSD linear + WSD-con 3e-5,2,1
0.0013816404339982303,none,0.0012213699816165731,-11.600011727932857,0.013761732097027054,0.0,100,1.0,wsdcon_18.csv,WSD-con 18e-5,wsdld_20000_24000.csv|wsdcon_3.csv,WSD linear + WSD-con 3e-5,2,1
0.004934623402238123,none,0.0046563531320940495,-5.6391389466086235,0.013761732097027054,0.0,100,1.0,wsdcon_9.csv,WSD-con 9e-5,wsdld_20000_24000.csv|wsdcon_3.csv,WSD linear + WSD-con 3e-5,2,1
0.007265129575917493,constant_0p85,0.007132274118845917,-1.8286729188143669,0.011697472282472995,0.0,100,0.85,cosine_72000.csv,Cosine,wsdld_20000_24000.csv|wsdcon_3.csv,WSD linear + WSD-con 3e-5,2,1
0.0037480705220761528,constant_0p85,0.0033857419833130996,-9.667068339000995,0.011697472282472995,0.0,100,0.85,wsd_20000_24000.csv,WSD sharp,wsdld_20000_24000.csv|wsdcon_3.csv,WSD linear + WSD-con 3e-5,2,1
0.0013816404339982303,constant_0p85,0.0012333888921862203,-10.730110248944836,0.011697472282472995,0.0,100,0.85,wsdcon_18.csv,WSD-con 18e-5,wsdld_20000_24000.csv|wsdcon_3.csv,WSD linear + WSD-con 3e-5,2,1
0.004934623402238123,constant_0p85,0.00466482652912113,-5.467425801827652,0.011697472282472995,0.0,100,0.85,wsdcon_9.csv,WSD-con 9e-5,wsdld_20000_24000.csv|wsdcon_3.csv,WSD linear + WSD-con 3e-5,2,1
0.007265129575917493,train_size_rho0p25,0.007126195764600808,-1.912337692877819,0.012232650752912936,0.25,100,0.8888888888888888,cosine_72000.csv,Cosine,wsdld_20000_24000.csv|wsdcon_3.csv,WSD linear + WSD-con 3e-5,2,1
0.0037480705220761528,train_size_rho0p25,0.0033691648606245885,-10.109352511373737,0.012232650752912936,0.25,100,0.8888888888888888,wsd_20000_24000.csv,WSD sharp,wsdld_20000_24000.csv|wsdcon_3.csv,WSD linear + WSD-con 3e-5,2,1
0.0013816404339982303,train_size_rho0p25,0.0012288869059786168,-11.055953796717644,0.012232650752912936,0.25,100,0.8888888888888888,wsdcon_18.csv,WSD-con 18e-5,wsdld_20000_24000.csv|wsdcon_3.csv,WSD linear + WSD-con 3e-5,2,1
0.004934623402238123,train_size_rho0p25,0.004662492159810854,-5.514731728136391,0.012232650752912936,0.25,100,0.8888888888888888,wsdcon_9.csv,WSD-con 9e-5,wsdld_20000_24000.csv|wsdcon_3.csv,WSD linear + WSD-con 3e-5,2,1
0.007265129575917493,train_size_rho0p35,0.007132107841678119,-1.830961620840399,0.011712112423001748,0.35,100,0.851063829787234,cosine_72000.csv,Cosine,wsdld_20000_24000.csv|wsdcon_3.csv,WSD linear + WSD-con 3e-5,2,1
0.0037480705220761528,train_size_rho0p35,0.0033852885057927334,-9.67916729812397,0.011712112423001748,0.35,100,0.851063829787234,wsd_20000_24000.csv,WSD sharp,wsdld_20000_24000.csv|wsdcon_3.csv,WSD linear + WSD-con 3e-5,2,1
0.0013816404339982303,train_size_rho0p35,0.0012332657375483157,-10.739023902227851,0.011712112423001748,0.35,100,0.851063829787234,wsdcon_18.csv,WSD-con 18e-5,wsdld_20000_24000.csv|wsdcon_3.csv,WSD linear + WSD-con 3e-5,2,1
0.004934623402238123,train_size_rho0p35,0.004664762670994103,-5.468719884918127,0.011712112423001748,0.35,100,0.851063829787234,wsdcon_9.csv,WSD-con 9e-5,wsdld_20000_24000.csv|wsdcon_3.csv,WSD linear + WSD-con 3e-5,2,1
0.007265129575917493,train_size_rho0p5,0.007140089145732486,-1.7211039235899173,0.011009385677621643,0.5,100,0.8,cosine_72000.csv,Cosine,wsdld_20000_24000.csv|wsdcon_3.csv,WSD linear + WSD-con 3e-5,2,1
0.0037480705220761528,train_size_rho0p5,0.003407055426769738,-9.098417260236547,0.011009385677621643,0.5,100,0.8,wsd_20000_24000.csv,WSD sharp,wsdld_20000_24000.csv|wsdcon_3.csv,WSD linear + WSD-con 3e-5,2,1
0.0013816404339982303,train_size_rho0p5,0.001240737024883639,-10.198269075467126,0.011009385677621643,0.5,100,0.8,wsdcon_18.csv,WSD-con 18e-5,wsdld_20000_24000.csv|wsdcon_3.csv,WSD linear + WSD-con 3e-5,2,1
0.004934623402238123,train_size_rho0p5,0.004667827861091538,-5.406603896572504,0.011009385677621643,0.5,100,0.8,wsdcon_9.csv,WSD-con 9e-5,wsdld_20000_24000.csv|wsdcon_3.csv,WSD linear + WSD-con 3e-5,2,1
0.007265129575917493,train_size_rho0p75,0.007151456457567487,-1.5646399305362713,0.010008532434201493,0.75,100,0.7272727272727273,cosine_72000.csv,Cosine,wsdld_20000_24000.csv|wsdcon_3.csv,WSD linear + WSD-con 3e-5,2,1
0.0037480705220761528,train_size_rho0p75,0.0034380567990703334,-8.271288418396539,0.010008532434201493,0.75,100,0.7272727272727273,wsd_20000_24000.csv,WSD sharp,wsdld_20000_24000.csv|wsdcon_3.csv,WSD linear + WSD-con 3e-5,2,1
0.0013816404339982303,train_size_rho0p75,0.0012514775990471049,-9.420890685317929,0.010008532434201493,0.75,100,0.7272727272727273,wsdcon_18.csv,WSD-con 18e-5,wsdld_20000_24000.csv|wsdcon_3.csv,WSD linear + WSD-con 3e-5,2,1
0.004934623402238123,train_size_rho0p75,0.004672193434866611,-5.3181356707481475,0.010008532434201493,0.75,100,0.7272727272727273,wsdcon_9.csv,WSD-con 9e-5,wsdld_20000_24000.csv|wsdcon_3.csv,WSD linear + WSD-con 3e-5,2,1
0.007265129575917493,train_size_rho1p0,0.007160929217429982,-1.4342532696583254,0.009174488064684702,1.0,100,0.6666666666666666,cosine_72000.csv,Cosine,wsdld_20000_24000.csv|wsdcon_3.csv,WSD linear + WSD-con 3e-5,2,1
0.0037480705220761528,train_size_rho1p0,0.0034638912759874766,-7.582014383530378,0.009174488064684702,1.0,100,0.6666666666666666,wsd_20000_24000.csv,WSD sharp,wsdld_20000_24000.csv|wsdcon_3.csv,WSD linear + WSD-con 3e-5,2,1
0.0013816404339982303,train_size_rho1p0,0.0012604280775166598,-8.773075360193584,0.009174488064684702,1.0,100,0.6666666666666666,wsdcon_18.csv,WSD-con 18e-5,wsdld_20000_24000.csv|wsdcon_3.csv,WSD linear + WSD-con 3e-5,2,1
0.004934623402238123,train_size_rho1p0,0.004680795611782153,-5.143812805265846,0.009174488064684702,1.0,100,0.6666666666666666,wsdcon_9.csv,WSD-con 9e-5,wsdld_20000_24000.csv|wsdcon_3.csv,WSD linear + WSD-con 3e-5,2,1
0.007265129575917493,train_selected_rho,0.007108829038186229,-2.1513799044874604,0.013761732097027054,0.0,100,1.0,cosine_72000.csv,Cosine,wsdld_20000_24000.csv|wsdcon_3.csv,WSD linear + WSD-con 3e-5,2,1
0.0037480705220761528,train_selected_rho,0.003321801652943141,-11.373021575295505,0.013761732097027054,0.0,100,1.0,wsd_20000_24000.csv,WSD sharp,wsdld_20000_24000.csv|wsdcon_3.csv,WSD linear + WSD-con 3e-5,2,1
0.0013816404339982303,train_selected_rho,0.0012213699816165731,-11.600011727932857,0.013761732097027054,0.0,100,1.0,wsdcon_18.csv,WSD-con 18e-5,wsdld_20000_24000.csv|wsdcon_3.csv,WSD linear + WSD-con 3e-5,2,1
0.004934623402238123,train_selected_rho,0.0046563531320940495,-5.6391389466086235,0.013761732097027054,0.0,100,1.0,wsdcon_9.csv,WSD-con 9e-5,wsdld_20000_24000.csv|wsdcon_3.csv,WSD linear + WSD-con 3e-5,2,1
0.005612615040270773,none,0.005451631224453743,-2.868249731399064,0.02149381544619933,0.0,400,1.0,cosine_72000.csv,Cosine,wsdld_20000_24000.csv|wsdcon_3.csv,WSD linear + WSD-con 3e-5,2,1
0.004701998914275349,none,0.004030571272083728,-14.279621378753514,0.02149381544619933,0.0,400,1.0,wsd_20000_24000.csv,WSD sharp,wsdld_20000_24000.csv|wsdcon_3.csv,WSD linear + WSD-con 3e-5,2,1
0.0025579541942073844,none,0.0024075009960052903,-5.881778436173835,0.02149381544619933,0.0,400,1.0,wsdcon_18.csv,WSD-con 18e-5,wsdld_20000_24000.csv|wsdcon_3.csv,WSD linear + WSD-con 3e-5,2,1
0.006687305974578527,none,0.0062026934819016735,-7.246752197657546,0.02149381544619933,0.0,400,1.0,wsdcon_9.csv,WSD-con 9e-5,wsdld_20000_24000.csv|wsdcon_3.csv,WSD linear + WSD-con 3e-5,2,1
0.005612615040270773,constant_0p85,0.005475222197801114,-2.4479292002722253,0.01826974312926943,0.0,400,0.85,cosine_72000.csv,Cosine,wsdld_20000_24000.csv|wsdcon_3.csv,WSD linear + WSD-con 3e-5,2,1
0.004701998914275349,constant_0p85,0.004131285418412468,-12.137678171940546,0.01826974312926943,0.0,400,0.85,wsd_20000_24000.csv,WSD sharp,wsdld_20000_24000.csv|wsdcon_3.csv,WSD linear + WSD-con 3e-5,2,1
0.0025579541942073844,constant_0p85,0.002423128701875808,-5.2708329428609595,0.01826974312926943,0.0,400,0.85,wsdcon_18.csv,WSD-con 18e-5,wsdld_20000_24000.csv|wsdcon_3.csv,WSD linear + WSD-con 3e-5,2,1
0.006687305974578527,constant_0p85,0.006252397358645349,-6.503495093337475,0.01826974312926943,0.0,400,0.85,wsdcon_9.csv,WSD-con 9e-5,wsdld_20000_24000.csv|wsdcon_3.csv,WSD linear + WSD-con 3e-5,2,1
0.005612615040270773,train_size_rho0p25,0.005469106019525872,-2.5569011898235905,0.019105613729954958,0.25,400,0.8888888888888888,cosine_72000.csv,Cosine,wsdld_20000_24000.csv|wsdcon_3.csv,WSD linear + WSD-con 3e-5,2,1
0.004701998914275349,train_size_rho0p25,0.0041051743434383494,-12.692996781114296,0.019105613729954958,0.25,400,0.8888888888888888,wsd_20000_24000.csv,WSD sharp,wsdld_20000_24000.csv|wsdcon_3.csv,WSD linear + WSD-con 3e-5,2,1
0.0025579541942073844,train_size_rho0p25,0.0024190770744278835,-5.429226218905525,0.019105613729954958,0.25,400,0.8888888888888888,wsdcon_18.csv,WSD-con 18e-5,wsdld_20000_24000.csv|wsdcon_3.csv,WSD linear + WSD-con 3e-5,2,1
0.006687305974578527,train_size_rho0p25,0.006238528525426528,-6.710885532350474,0.019105613729954958,0.25,400,0.8888888888888888,wsdcon_9.csv,WSD-con 9e-5,wsdld_20000_24000.csv|wsdcon_3.csv,WSD linear + WSD-con 3e-5,2,1
0.005612615040270773,train_size_rho0p35,0.005475054885933402,-2.450910196946887,0.01829260889038241,0.35,400,0.851063829787234,cosine_72000.csv,Cosine,wsdld_20000_24000.csv|wsdcon_3.csv,WSD linear + WSD-con 3e-5,2,1
0.004701998914275349,train_size_rho0p35,0.004130571133686729,-12.152869258513766,0.01829260889038241,0.35,400,0.851063829787234,wsd_20000_24000.csv,WSD sharp,wsdld_20000_24000.csv|wsdcon_3.csv,WSD linear + WSD-con 3e-5,2,1
0.0025579541942073844,train_size_rho0p35,0.002423017867082387,-5.275165889622546,0.01829260889038241,0.35,400,0.851063829787234,wsdcon_18.csv,WSD-con 18e-5,wsdld_20000_24000.csv|wsdcon_3.csv,WSD linear + WSD-con 3e-5,2,1
0.006687305974578527,train_size_rho0p35,0.00625201796807096,-6.509168388021935,0.01829260889038241,0.35,400,0.851063829787234,wsdcon_9.csv,WSD-con 9e-5,wsdld_20000_24000.csv|wsdcon_3.csv,WSD linear + WSD-con 3e-5,2,1
0.005612615040270773,train_size_rho0p5,0.005483100203635303,-2.3075667172288705,0.017195052356959464,0.5,400,0.8,cosine_72000.csv,Cosine,wsdld_20000_24000.csv|wsdcon_3.csv,WSD linear + WSD-con 3e-5,2,1
0.004701998914275349,train_size_rho0p5,0.004164856800522049,-11.423697103002883,0.017195052356959464,0.5,400,0.8,wsd_20000_24000.csv,WSD sharp,wsdld_20000_24000.csv|wsdcon_3.csv,WSD linear + WSD-con 3e-5,2,1
0.0025579541942073844,train_size_rho0p5,0.002428570425136124,-5.0580956204867356,0.017195052356959464,0.5,400,0.8,wsdcon_18.csv,WSD-con 18e-5,wsdld_20000_24000.csv|wsdcon_3.csv,WSD linear + WSD-con 3e-5,2,1
0.006687305974578527,train_size_rho0p5,0.006270228715640979,-6.2368502431778605,0.017195052356959464,0.5,400,0.8,wsdcon_9.csv,WSD-con 9e-5,wsdld_20000_24000.csv|wsdcon_3.csv,WSD linear + WSD-con 3e-5,2,1
0.005612615040270773,train_size_rho0p75,0.005494565797139126,-2.103284160496277,0.01563186577905406,0.75,400,0.7272727272727273,cosine_72000.csv,Cosine,wsdld_20000_24000.csv|wsdcon_3.csv,WSD linear + WSD-con 3e-5,2,1
0.004701998914275349,train_size_rho0p75,0.0042136879017723545,-10.385179184547955,0.01563186577905406,0.75,400,0.7272727272727273,wsd_20000_24000.csv,WSD sharp,wsdld_20000_24000.csv|wsdcon_3.csv,WSD linear + WSD-con 3e-5,2,1
0.0025579541942073844,train_size_rho0p75,0.002437963774300568,-4.690874456569261,0.01563186577905406,0.75,400,0.7272727272727273,wsdcon_18.csv,WSD-con 18e-5,wsdld_20000_24000.csv|wsdcon_3.csv,WSD linear + WSD-con 3e-5,2,1
0.006687305974578527,train_size_rho0p75,0.006297693440567533,-5.826150851958733,0.01563186577905406,0.75,400,0.7272727272727273,wsdcon_9.csv,WSD-con 9e-5,wsdld_20000_24000.csv|wsdcon_3.csv,WSD linear + WSD-con 3e-5,2,1
0.005612615040270773,train_size_rho1p0,0.00550421158278821,-1.9314251325765808,0.01432921029746622,1.0,400,0.6666666666666666,cosine_72000.csv,Cosine,wsdld_20000_24000.csv|wsdcon_3.csv,WSD linear + WSD-con 3e-5,2,1
0.004701998914275349,train_size_rho1p0,0.004254380486147601,-9.519747585835692,0.01432921029746622,1.0,400,0.6666666666666666,wsd_20000_24000.csv,WSD sharp,wsdld_20000_24000.csv|wsdcon_3.csv,WSD linear + WSD-con 3e-5,2,1
0.0025579541942073844,train_size_rho1p0,0.0024457915652709326,-4.384856819971594,0.01432921029746622,1.0,400,0.6666666666666666,wsdcon_18.csv,WSD-con 18e-5,wsdld_20000_24000.csv|wsdcon_3.csv,WSD linear + WSD-con 3e-5,2,1
0.006687305974578527,train_size_rho1p0,0.006323506366569373,-5.44015197438431,0.01432921029746622,1.0,400,0.6666666666666666,wsdcon_9.csv,WSD-con 9e-5,wsdld_20000_24000.csv|wsdcon_3.csv,WSD linear + WSD-con 3e-5,2,1
0.005612615040270773,train_selected_rho,0.005451631224453743,-2.868249731399064,0.02149381544619933,0.0,400,1.0,cosine_72000.csv,Cosine,wsdld_20000_24000.csv|wsdcon_3.csv,WSD linear + WSD-con 3e-5,2,1
0.004701998914275349,train_selected_rho,0.004030571272083728,-14.279621378753514,0.02149381544619933,0.0,400,1.0,wsd_20000_24000.csv,WSD sharp,wsdld_20000_24000.csv|wsdcon_3.csv,WSD linear + WSD-con 3e-5,2,1
0.0025579541942073844,train_selected_rho,0.0024075009960052903,-5.881778436173835,0.02149381544619933,0.0,400,1.0,wsdcon_18.csv,WSD-con 18e-5,wsdld_20000_24000.csv|wsdcon_3.csv,WSD linear + WSD-con 3e-5,2,1
0.006687305974578527,train_selected_rho,0.0062026934819016735,-7.246752197657546,0.02149381544619933,0.0,400,1.0,wsdcon_9.csv,WSD-con 9e-5,wsdld_20000_24000.csv|wsdcon_3.csv,WSD linear + WSD-con 3e-5,2,1
0.00744534704076948,none,0.007330689412129239,-1.5399903861082032,0.010091845635965331,0.0,25,1.0,cosine_72000.csv,Cosine,wsdld_20000_24000.csv|wsdcon_9.csv,WSD linear + WSD-con 9e-5,2,1
0.003408385839825258,none,0.0030939527048695794,-9.225279934028796,0.010091845635965331,0.0,25,1.0,wsd_20000_24000.csv,WSD sharp,wsdld_20000_24000.csv|wsdcon_9.csv,WSD linear + WSD-con 9e-5,2,1
0.002504818961791151,none,0.0022983334238185177,-8.243531413742533,0.010091845635965331,0.0,25,1.0,wsdcon_18.csv,WSD-con 18e-5,wsdld_20000_24000.csv|wsdcon_9.csv,WSD linear + WSD-con 9e-5,2,1
0.004487187642230267,none,0.0030949509768121563,-31.026932154905996,0.010091845635965331,0.0,25,1.0,wsdcon_3.csv,WSD-con 3e-5,wsdld_20000_24000.csv|wsdcon_9.csv,WSD linear + WSD-con 9e-5,2,1
0.00744534704076948,constant_0p85,0.007347888056425284,-1.3089918281918522,0.00857806879057053,0.0,25,0.85,cosine_72000.csv,Cosine,wsdld_20000_24000.csv|wsdcon_9.csv,WSD linear + WSD-con 9e-5,2,1
0.003408385839825258,constant_0p85,0.0031411176751129275,-7.8414879439245855,0.00857806879057053,0.0,25,0.85,wsd_20000_24000.csv,WSD sharp,wsdld_20000_24000.csv|wsdcon_9.csv,WSD linear + WSD-con 9e-5,2,1
0.002504818961791151,constant_0p85,0.002329306254514415,-7.00700170168107,0.00857806879057053,0.0,25,0.85,wsdcon_18.csv,WSD-con 18e-5,wsdld_20000_24000.csv|wsdcon_9.csv,WSD linear + WSD-con 9e-5,2,1
0.004487187642230267,constant_0p85,0.0032654443642707327,-27.22737213976395,0.00857806879057053,0.0,25,0.85,wsdcon_3.csv,WSD-con 3e-5,wsdld_20000_24000.csv|wsdcon_9.csv,WSD linear + WSD-con 9e-5,2,1
0.00744534704076948,train_size_rho0p25,0.007343429148644813,-1.3688803432074015,0.008970529454191405,0.25,25,0.8888888888888888,cosine_72000.csv,Cosine,wsdld_20000_24000.csv|wsdcon_9.csv,WSD linear + WSD-con 9e-5,2,1
0.003408385839825258,train_size_rho0p25,0.0031288897198646576,-8.200248830247736,0.008970529454191405,0.25,25,0.8888888888888888,wsd_20000_24000.csv,WSD sharp,wsdld_20000_24000.csv|wsdcon_9.csv,WSD linear + WSD-con 9e-5,2,1
0.002504818961791151,train_size_rho0p25,0.0023212762613710296,-7.327583478882371,0.008970529454191405,0.25,25,0.8888888888888888,wsdcon_18.csv,WSD-con 18e-5,wsdld_20000_24000.csv|wsdcon_9.csv,WSD linear + WSD-con 9e-5,2,1
0.004487187642230267,train_size_rho0p25,0.00321788077676385,-28.28735873491427,0.008970529454191405,0.25,25,0.8888888888888888,wsdcon_3.csv,WSD-con 3e-5,wsdld_20000_24000.csv|wsdcon_9.csv,WSD linear + WSD-con 9e-5,2,1
0.00744534704076948,train_size_rho0p35,0.007347766080224595,-1.310630115836764,0.008588804796566239,0.35,25,0.851063829787234,cosine_72000.csv,Cosine,wsdld_20000_24000.csv|wsdcon_9.csv,WSD linear + WSD-con 9e-5,2,1
0.003408385839825258,train_size_rho0p35,0.0031407831717778652,-7.851302071514066,0.008588804796566239,0.35,25,0.851063829787234,wsd_20000_24000.csv,WSD sharp,wsdld_20000_24000.csv|wsdcon_9.csv,WSD linear + WSD-con 9e-5,2,1
0.002504818961791151,train_size_rho0p35,0.0023290865890484807,-7.015771415951233,0.008588804796566239,0.35,25,0.851063829787234,wsdcon_18.csv,WSD-con 18e-5,wsdld_20000_24000.csv|wsdcon_9.csv,WSD linear + WSD-con 9e-5,2,1
0.004487187642230267,train_size_rho0p35,0.0032641063193799445,-27.2571913717077,0.008588804796566239,0.35,25,0.851063829787234,wsdcon_3.csv,WSD-con 3e-5,wsdld_20000_24000.csv|wsdcon_9.csv,WSD linear + WSD-con 9e-5,2,1
0.00744534704076948,train_size_rho0p5,0.007353620937857282,-1.2319923088866314,0.008073476508772265,0.5,25,0.8,cosine_72000.csv,Cosine,wsdld_20000_24000.csv|wsdcon_9.csv,WSD linear + WSD-con 9e-5,2,1
0.003408385839825258,train_size_rho0p5,0.0031568393318607136,-7.380223947223086,0.008073476508772265,0.5,25,0.8,wsd_20000_24000.csv,WSD sharp,wsdld_20000_24000.csv|wsdcon_9.csv,WSD linear + WSD-con 9e-5,2,1
0.002504818961791151,train_size_rho0p5,0.002339630531413016,-6.594825130995153,0.008073476508772265,0.5,25,0.8,wsdcon_18.csv,WSD-con 18e-5,wsdld_20000_24000.csv|wsdcon_9.csv,WSD linear + WSD-con 9e-5,2,1
0.004487187642230267,train_size_rho0p5,0.003328332474137503,-25.825868238413552,0.008073476508772265,0.5,25,0.8,wsdcon_3.csv,WSD-con 3e-5,wsdld_20000_24000.csv|wsdcon_9.csv,WSD linear + WSD-con 9e-5,2,1
0.00744534704076948,train_size_rho0p75,0.007361959674485674,-1.1199930080786125,0.007339524098883878,0.75,25,0.7272727272727273,cosine_72000.csv,Cosine,wsdld_20000_24000.csv|wsdcon_9.csv,WSD linear + WSD-con 9e-5,2,1
0.003408385839825258,train_size_rho0p75,0.0031797071962211113,-6.709294497475982,0.007339524098883878,0.75,25,0.7272727272727273,wsd_20000_24000.csv,WSD sharp,wsdld_20000_24000.csv|wsdcon_9.csv,WSD linear + WSD-con 9e-5,2,1
0.002504818961791151,train_size_rho0p75,0.002354647661447406,-5.995295573631399,0.007339524098883878,0.75,25,0.7272727272727273,wsdcon_18.csv,WSD-con 18e-5,wsdld_20000_24000.csv|wsdcon_9.csv,WSD linear + WSD-con 9e-5,2,1
0.004487187642230267,train_size_rho0p75,0.003420462794469264,-23.772681973932542,0.007339524098883878,0.75,25,0.7272727272727273,wsdcon_3.csv,WSD-con 3e-5,wsdld_20000_24000.csv|wsdcon_9.csv,WSD linear + WSD-con 9e-5,2,1
0.00744534704076948,train_size_rho1p0,0.00736890862167599,-1.0266602574054207,0.0067278970906435535,1.0,25,0.6666666666666666,cosine_72000.csv,Cosine,wsdld_20000_24000.csv|wsdcon_9.csv,WSD linear + WSD-con 9e-5,2,1
0.003408385839825258,train_size_rho1p0,0.0031987637498548005,-6.150186622686016,0.0067278970906435535,1.0,25,0.6666666666666666,wsd_20000_24000.csv,WSD sharp,wsdld_20000_24000.csv|wsdcon_9.csv,WSD linear + WSD-con 9e-5,2,1
0.002504818961791151,train_size_rho1p0,0.0023671619364760495,-5.495687609162192,0.0067278970906435535,1.0,25,0.6666666666666666,wsdcon_18.csv,WSD-con 18e-5,wsdld_20000_24000.csv|wsdcon_9.csv,WSD linear + WSD-con 9e-5,2,1
0.004487187642230267,train_size_rho1p0,0.003500496249414011,-21.989082505269188,0.0067278970906435535,1.0,25,0.6666666666666666,wsdcon_3.csv,WSD-con 3e-5,wsdld_20000_24000.csv|wsdcon_9.csv,WSD linear + WSD-con 9e-5,2,1
0.00744534704076948,train_selected_rho,0.00735881298141836,-1.1622568951759282,0.007616487272426665,0.65,25,0.7547169811320755,cosine_72000.csv,Cosine,wsdld_20000_24000.csv|wsdcon_9.csv,WSD linear + WSD-con 9e-5,2,1
0.003408385839825258,train_selected_rho,0.0031710778134436163,-6.962475421908454,0.007616487272426665,0.65,25,0.7547169811320755,wsd_20000_24000.csv,WSD sharp,wsdld_20000_24000.csv|wsdcon_9.csv,WSD linear + WSD-con 9e-5,2,1
0.002504818961791151,train_selected_rho,0.0023489808199249956,-6.221533142447877,0.007616487272426665,0.65,25,0.7547169811320755,wsdcon_18.csv,WSD-con 18e-5,wsdld_20000_24000.csv|wsdcon_9.csv,WSD linear + WSD-con 9e-5,2,1
0.004487187642230267,train_selected_rho,0.003385287743450785,-24.55658168624758,0.007616487272426665,0.65,25,0.7547169811320755,wsdcon_3.csv,WSD-con 3e-5,wsdld_20000_24000.csv|wsdcon_9.csv,WSD linear + WSD-con 9e-5,2,1
0.007265129575917493,none,0.007091833749770835,-2.38530950254624,0.015258109585417273,0.0,100,1.0,cosine_72000.csv,Cosine,wsdld_20000_24000.csv|wsdcon_9.csv,WSD linear + WSD-con 9e-5,2,1
0.0037480705220761528,none,0.003275451445333015,-12.609663397724491,0.015258109585417273,0.0,100,1.0,wsd_20000_24000.csv,WSD sharp,wsdld_20000_24000.csv|wsdcon_9.csv,WSD linear + WSD-con 9e-5,2,1
0.0013816404339982303,none,0.0012207848627430245,-11.642361304505066,0.015258109585417273,0.0,100,1.0,wsdcon_18.csv,WSD-con 18e-5,wsdld_20000_24000.csv|wsdcon_9.csv,WSD linear + WSD-con 9e-5,2,1
0.0056693997340904675,none,0.004491284380041994,-20.780248514924594,0.015258109585417273,0.0,100,1.0,wsdcon_3.csv,WSD-con 3e-5,wsdld_20000_24000.csv|wsdcon_9.csv,WSD linear + WSD-con 9e-5,2,1
0.007265129575917493,constant_0p85,0.00711782812369283,-2.027513077164367,0.012969393147604681,0.0,100,0.85,cosine_72000.csv,Cosine,wsdld_20000_24000.csv|wsdcon_9.csv,WSD linear + WSD-con 9e-5,2,1
0.0037480705220761528,constant_0p85,0.0033463443068444893,-10.71821388806572,0.012969393147604681,0.0,100,0.85,wsd_20000_24000.csv,WSD sharp,wsdld_20000_24000.csv|wsdcon_9.csv,WSD linear + WSD-con 9e-5,2,1
0.0013816404339982303,constant_0p85,0.00122268933959162,-11.50451959100771,0.012969393147604681,0.0,100,0.85,wsdcon_18.csv,WSD-con 18e-5,wsdld_20000_24000.csv|wsdcon_9.csv,WSD linear + WSD-con 9e-5,2,1
0.0056693997340904675,constant_0p85,0.00457969866081749,-19.220748657402552,0.012969393147604681,0.0,100,0.85,wsdcon_3.csv,WSD-con 3e-5,wsdld_20000_24000.csv|wsdcon_9.csv,WSD linear + WSD-con 9e-5,2,1
0.007265129575917493,train_size_rho0p25,0.00711108884156491,-2.1202751133744147,0.013562764075926464,0.25,100,0.8888888888888888,cosine_72000.csv,Cosine,wsdld_20000_24000.csv|wsdcon_9.csv,WSD linear + WSD-con 9e-5,2,1
0.0037480705220761528,train_size_rho0p25,0.003327964676082246,-11.208589686866388,0.013562764075926464,0.25,100,0.8888888888888888,wsd_20000_24000.csv,WSD sharp,wsdld_20000_24000.csv|wsdcon_9.csv,WSD linear + WSD-con 9e-5,2,1
0.0013816404339982303,train_size_rho0p25,0.0012215834089926146,-11.584564338670821,0.013562764075926464,0.25,100,0.8888888888888888,wsdcon_18.csv,WSD-con 18e-5,wsdld_20000_24000.csv|wsdcon_9.csv,WSD linear + WSD-con 9e-5,2,1
0.0056693997340904675,train_size_rho0p25,0.004553842912153642,-19.67680661550305,0.013562764075926464,0.25,100,0.8888888888888888,wsdcon_3.csv,WSD-con 3e-5,wsdld_20000_24000.csv|wsdcon_9.csv,WSD linear + WSD-con 9e-5,2,1
0.007265129575917493,train_size_rho0p35,0.007117643766430974,-2.030050640464909,0.01298562517907853,0.35,100,0.851063829787234,cosine_72000.csv,Cosine,wsdld_20000_24000.csv|wsdcon_9.csv,WSD linear + WSD-con 9e-5,2,1
0.0037480705220761528,train_size_rho0p35,0.003345841520592626,-10.731628423595453,0.01298562517907853,0.35,100,0.851063829787234,wsd_20000_24000.csv,WSD sharp,wsdld_20000_24000.csv|wsdcon_9.csv,WSD linear + WSD-con 9e-5,2,1
0.0013816404339982303,train_size_rho0p35,0.0012225527937739988,-11.51440246749722,0.01298562517907853,0.35,100,0.851063829787234,wsdcon_18.csv,WSD-con 18e-5,wsdld_20000_24000.csv|wsdcon_9.csv,WSD linear + WSD-con 9e-5,2,1
0.0056693997340904675,train_size_rho0p35,0.004578923491839183,-19.23442151545922,0.01298562517907853,0.35,100,0.851063829787234,wsdcon_3.csv,WSD-con 3e-5,wsdld_20000_24000.csv|wsdcon_9.csv,WSD linear + WSD-con 9e-5,2,1
0.007265129575917493,train_size_rho0p5,0.007126492915000165,-1.9082476020370165,0.012206487668333819,0.5,100,0.8,cosine_72000.csv,Cosine,wsdld_20000_24000.csv|wsdcon_9.csv,WSD linear + WSD-con 9e-5,2,1
0.0037480705220761528,train_size_rho0p5,0.0033699752606816454,-10.087730718179511,0.012206487668333819,0.5,100,0.8,wsd_20000_24000.csv,WSD sharp,wsdld_20000_24000.csv|wsdcon_9.csv,WSD linear + WSD-con 9e-5,2,1
0.0013816404339982303,train_size_rho0p5,0.0012291069930195429,-11.040024396020453,0.012206487668333819,0.5,100,0.8,wsdcon_18.csv,WSD-con 18e-5,wsdld_20000_24000.csv|wsdcon_9.csv,WSD linear + WSD-con 9e-5,2,1
0.0056693997340904675,train_size_rho0p5,0.004616131602798451,-18.578124328730027,0.012206487668333819,0.5,100,0.8,wsdcon_3.csv,WSD-con 3e-5,wsdld_20000_24000.csv|wsdcon_9.csv,WSD linear + WSD-con 9e-5,2,1
0.007265129575917493,train_size_rho0p75,0.00713909624781083,-1.7347705473063968,0.011096806971212562,0.75,100,0.7272727272727273,cosine_72000.csv,Cosine,wsdld_20000_24000.csv|wsdcon_9.csv,WSD linear + WSD-con 9e-5,2,1
0.0037480705220761528,train_size_rho0p75,0.0034043475571720484,-9.170664289254283,0.011096806971212562,0.75,100,0.7272727272727273,wsd_20000_24000.csv,WSD sharp,wsdld_20000_24000.csv|wsdcon_9.csv,WSD linear + WSD-con 9e-5,2,1
0.0013816404339982303,train_size_rho0p75,0.0012397988704704302,-10.266170563446453,0.011096806971212562,0.75,100,0.7272727272727273,wsdcon_18.csv,WSD-con 18e-5,wsdld_20000_24000.csv|wsdcon_9.csv,WSD linear + WSD-con 9e-5,2,1
0.0056693997340904675,train_size_rho0p75,0.004674835504357677,-17.542672529375757,0.011096806971212562,0.75,100,0.7272727272727273,wsdcon_3.csv,WSD-con 3e-5,wsdld_20000_24000.csv|wsdcon_9.csv,WSD linear + WSD-con 9e-5,2,1
0.007265129575917493,train_size_rho1p0,0.0071495990251530485,-1.5902063350309081,0.010172073056944848,1.0,100,0.6666666666666666,cosine_72000.csv,Cosine,wsdld_20000_24000.csv|wsdcon_9.csv,WSD linear + WSD-con 9e-5,2,1
0.0037480705220761528,train_size_rho1p0,0.0034329911375807283,-8.40644226514964,0.010172073056944848,1.0,100,0.6666666666666666,wsd_20000_24000.csv,WSD sharp,wsdld_20000_24000.csv|wsdcon_9.csv,WSD linear + WSD-con 9e-5,2,1
0.0013816404339982303,train_size_rho1p0,0.001249722576321377,-9.547915248477912,0.010172073056944848,1.0,100,0.6666666666666666,wsdcon_18.csv,WSD-con 18e-5,wsdld_20000_24000.csv|wsdcon_9.csv,WSD linear + WSD-con 9e-5,2,1
0.0056693997340904675,train_size_rho1p0,0.004729537496653776,-16.57780861323358,0.010172073056944848,1.0,100,0.6666666666666666,wsdcon_3.csv,WSD-con 3e-5,wsdld_20000_24000.csv|wsdcon_9.csv,WSD linear + WSD-con 9e-5,2,1
0.007265129575917493,train_selected_rho,0.007134340273165292,-1.8002335868274488,0.011515554404088508,0.65,100,0.7547169811320755,cosine_72000.csv,Cosine,wsdld_20000_24000.csv|wsdcon_9.csv,WSD linear + WSD-con 9e-5,2,1
0.0037480705220761528,train_selected_rho,0.003391376879251143,-9.516727092622258,0.011515554404088508,0.65,100,0.7547169811320755,wsd_20000_24000.csv,WSD sharp,wsdld_20000_24000.csv|wsdcon_9.csv,WSD linear + WSD-con 9e-5,2,1
0.0013816404339982303,train_selected_rho,0.001235305116877555,-10.591418253243068,0.011515554404088508,0.65,100,0.7547169811320755,wsdcon_18.csv,WSD-con 18e-5,wsdld_20000_24000.csv|wsdcon_9.csv,WSD linear + WSD-con 9e-5,2,1
0.0056693997340904675,train_selected_rho,0.004652086614819352,-17.943929992340202,0.011515554404088508,0.65,100,0.7547169811320755,wsdcon_3.csv,WSD-con 3e-5,wsdld_20000_24000.csv|wsdcon_9.csv,WSD linear + WSD-con 9e-5,2,1
0.005612615040270773,none,0.005415680470980245,-3.5087845483346647,0.026503800541110095,0.0,400,1.0,cosine_72000.csv,Cosine,wsdld_20000_24000.csv|wsdcon_9.csv,WSD linear + WSD-con 9e-5,2,1
0.004701998914275349,none,0.00387406846372422,-17.60805278022327,0.026503800541110095,0.0,400,1.0,wsd_20000_24000.csv,WSD sharp,wsdld_20000_24000.csv|wsdcon_9.csv,WSD linear + WSD-con 9e-5,2,1
0.0025579541942073844,none,0.0023872037250998158,-6.675274697812872,0.026503800541110095,0.0,400,1.0,wsdcon_18.csv,WSD-con 18e-5,wsdld_20000_24000.csv|wsdcon_9.csv,WSD linear + WSD-con 9e-5,2,1
0.008173606778800102,none,0.005377659780687201,-34.2070162387155,0.026503800541110095,0.0,400,1.0,wsdcon_3.csv,WSD-con 3e-5,wsdld_20000_24000.csv|wsdcon_9.csv,WSD linear + WSD-con 9e-5,2,1
0.005612615040270773,constant_0p85,0.005444094544568543,-3.0025308077088475,0.02252823045994358,0.0,400,0.85,cosine_72000.csv,Cosine,wsdld_20000_24000.csv|wsdcon_9.csv,WSD linear + WSD-con 9e-5,2,1
0.004701998914275349,constant_0p85,0.003998258031306891,-14.966844863189744,0.02252823045994358,0.0,400,0.85,wsd_20000_24000.csv,WSD sharp,wsdld_20000_24000.csv|wsdcon_9.csv,WSD linear + WSD-con 9e-5,2,1
0.0025579541942073844,constant_0p85,0.002402486985153865,-6.077794880204768,0.02252823045994358,0.0,400,0.85,wsdcon_18.csv,WSD-con 18e-5,wsdld_20000_24000.csv|wsdcon_9.csv,WSD linear + WSD-con 9e-5,2,1
0.008173606778800102,constant_0p85,0.005664158847830344,-30.7018431260789,0.02252823045994358,0.0,400,0.85,wsdcon_3.csv,WSD-con 3e-5,wsdld_20000_24000.csv|wsdcon_9.csv,WSD linear + WSD-con 9e-5,2,1
0.005612615040270773,train_size_rho0p25,0.005436648100652875,-3.135204149141313,0.023558933814320084,0.25,400,0.8888888888888888,cosine_72000.csv,Cosine,wsdld_20000_24000.csv|wsdcon_9.csv,WSD linear + WSD-con 9e-5,2,1
0.004701998914275349,train_size_rho0p25,0.003966060736007674,-15.651602471309689,0.023558933814320084,0.25,400,0.8888888888888888,wsd_20000_24000.csv,WSD sharp,wsdld_20000_24000.csv|wsdcon_9.csv,WSD linear + WSD-con 9e-5,2,1
0.0025579541942073844,train_size_rho0p25,0.002397490965437631,-6.273107983447501,0.023558933814320084,0.25,400,0.8888888888888888,wsdcon_18.csv,WSD-con 18e-5,wsdld_20000_24000.csv|wsdcon_9.csv,WSD linear + WSD-con 9e-5,2,1
0.008173606778800102,train_size_rho0p25,0.0055835985598713,-31.68745804663018,0.023558933814320084,0.25,400,0.8888888888888888,wsdcon_3.csv,WSD-con 3e-5,wsdld_20000_24000.csv|wsdcon_9.csv,WSD linear + WSD-con 9e-5,2,1
0.005612615040270773,train_size_rho0p35,0.005443890248605475,-3.00617075025974,0.022556425992434122,0.35,400,0.851063829787234,cosine_72000.csv,Cosine,wsdld_20000_24000.csv|wsdcon_9.csv,WSD linear + WSD-con 9e-5,2,1
0.004701998914275349,train_size_rho0p35,0.003997377254231827,-14.985576834232738,0.022556425992434122,0.35,400,0.851063829787234,wsd_20000_24000.csv,WSD sharp,wsdld_20000_24000.csv|wsdcon_9.csv,WSD linear + WSD-con 9e-5,2,1
0.0025579541942073844,train_size_rho0p35,0.002402350315921489,-6.083137791844284,0.022556425992434122,0.35,400,0.851063829787234,wsdcon_18.csv,WSD-con 18e-5,wsdld_20000_24000.csv|wsdcon_9.csv,WSD linear + WSD-con 9e-5,2,1
0.008173606778800102,train_size_rho0p35,0.005661953269240146,-30.728827279462923,0.022556425992434122,0.35,400,0.851063829787234,wsdcon_3.csv,WSD-con 3e-5,wsdld_20000_24000.csv|wsdcon_9.csv,WSD linear + WSD-con 9e-5,2,1
0.005612615040270773,train_size_rho0p5,0.005453758864566869,-2.8303415531637954,0.02120304043288808,0.5,400,0.8,cosine_72000.csv,Cosine,wsdld_20000_24000.csv|wsdcon_9.csv,WSD linear + WSD-con 9e-5,2,1
0.004701998914275349,train_size_rho0p5,0.004039654553834454,-14.086442224178441,0.02120304043288808,0.5,400,0.8,wsd_20000_24000.csv,WSD sharp,wsdld_20000_24000.csv|wsdcon_9.csv,WSD linear + WSD-con 9e-5,2,1
0.0025579541942073844,train_size_rho0p5,0.0024089104390747386,-5.826678033178345,0.02120304043288808,0.5,400,0.8,wsdcon_18.csv,WSD-con 18e-5,wsdld_20000_24000.csv|wsdcon_9.csv,WSD linear + WSD-con 9e-5,2,1
0.008173606778800102,train_size_rho0p5,0.005774355400252629,-29.35364329943564,0.02120304043288808,0.5,400,0.8,wsdcon_3.csv,WSD-con 3e-5,wsdld_20000_24000.csv|wsdcon_9.csv,WSD linear + WSD-con 9e-5,2,1
0.005612615040270773,train_size_rho0p75,0.005467863002342867,-2.579048035350784,0.019275491302625524,0.75,400,0.7272727272727273,cosine_72000.csv,Cosine,wsdld_20000_24000.csv|wsdcon_9.csv,WSD linear + WSD-con 9e-5,2,1
0.004701998914275349,train_size_rho0p75,0.004099867677510893,-12.80585656743508,0.019275491302625524,0.75,400,0.7272727272727273,wsd_20000_24000.csv,WSD sharp,wsdld_20000_24000.csv|wsdcon_9.csv,WSD linear + WSD-con 9e-5,2,1
0.0025579541942073844,train_size_rho0p75,0.002418253644777824,-5.4614171647764165,0.019275491302625524,0.75,400,0.7272727272727273,wsdcon_18.csv,WSD-con 18e-5,wsdld_20000_24000.csv|wsdcon_9.csv,WSD linear + WSD-con 9e-5,2,1
0.008173606778800102,train_size_rho0p75,0.0059451840823000245,-27.263639624552795,0.019275491302625524,0.75,400,0.7272727272727273,wsdcon_3.csv,WSD-con 3e-5,wsdld_20000_24000.csv|wsdcon_9.csv,WSD linear + WSD-con 9e-5,2,1
0.005612615040270773,train_size_rho1p0,0.005479622443303407,-2.3695299965014183,0.017669200360740062,1.0,400,0.6666666666666666,cosine_72000.csv,Cosine,wsdld_20000_24000.csv|wsdcon_9.csv,WSD linear + WSD-con 9e-5,2,1
0.004701998914275349,train_size_rho1p0,0.004150045280574601,-11.738701853482091,0.017669200360740062,1.0,400,0.6666666666666666,wsd_20000_24000.csv,WSD sharp,wsdld_20000_24000.csv|wsdcon_9.csv,WSD linear + WSD-con 9e-5,2,1
0.0025579541942073844,train_size_rho1p0,0.0024260396495303952,-5.1570331077748115,0.017669200360740062,1.0,400,0.6666666666666666,wsdcon_18.csv,WSD-con 18e-5,wsdld_20000_24000.csv|wsdcon_9.csv,WSD linear + WSD-con 9e-5,2,1
0.008173606778800102,train_size_rho1p0,0.006095955242110489,-25.419029724777342,0.017669200360740062,1.0,400,0.6666666666666666,wsdcon_3.csv,WSD-con 3e-5,wsdld_20000_24000.csv|wsdcon_9.csv,WSD linear + WSD-con 9e-5,2,1
0.005612615040270773,train_selected_rho,0.0054625406862009885,-2.673875777921597,0.02000286833291328,0.65,400,0.7547169811320755,cosine_72000.csv,Cosine,wsdld_20000_24000.csv|wsdcon_9.csv,WSD linear + WSD-con 9e-5,2,1
0.004701998914275349,train_selected_rho,0.0040771457440480835,-13.289096437904323,0.02000286833291328,0.65,400,0.7547169811320755,wsd_20000_24000.csv,WSD sharp,wsdld_20000_24000.csv|wsdcon_9.csv,WSD linear + WSD-con 9e-5,2,1
0.0025579541942073844,train_selected_rho,0.0024147279067766704,-5.599251454738985,0.02000286833291328,0.65,400,0.7547169811320755,wsdcon_18.csv,WSD-con 18e-5,wsdld_20000_24000.csv|wsdcon_9.csv,WSD linear + WSD-con 9e-5,2,1
0.008173606778800102,train_selected_rho,0.005880545346299091,-28.0544623023526,0.02000286833291328,0.65,400,0.7547169811320755,wsdcon_3.csv,WSD-con 3e-5,wsdld_20000_24000.csv|wsdcon_9.csv,WSD linear + WSD-con 9e-5,2,1
0.00744534704076948,none,0.007274255057520462,-2.2979719053006886,0.015059040597447207,0.0,25,1.0,cosine_72000.csv,Cosine,wsdld_20000_24000.csv|wsdcon_18.csv,WSD linear + WSD-con 18e-5,2,1
0.003408385839825258,none,0.002939189072922141,-13.765952241110469,0.015059040597447207,0.0,25,1.0,wsd_20000_24000.csv,WSD sharp,wsdld_20000_24000.csv|wsdcon_18.csv,WSD linear + WSD-con 18e-5,2,1
0.004487187642230267,none,0.0027901854607532204,-37.81883702624893,0.015059040597447207,0.0,25,1.0,wsdcon_3.csv,WSD-con 3e-5,wsdld_20000_24000.csv|wsdcon_18.csv,WSD linear + WSD-con 18e-5,2,1
0.002926482771138891,none,0.0022182739798090687,-24.199998657576604,0.015059040597447207,0.0,25,1.0,wsdcon_9.csv,WSD-con 9e-5,wsdld_20000_24000.csv|wsdcon_18.csv,WSD linear + WSD-con 18e-5,2,1
0.00744534704076948,constant_0p85,0.007299918855007801,-1.9532761195057646,0.012800184507830126,0.0,25,0.85,cosine_72000.csv,Cosine,wsdld_20000_24000.csv|wsdcon_18.csv,WSD linear + WSD-con 18e-5,2,1
0.003408385839825258,constant_0p85,0.0030095685879576164,-11.70105940494366,0.012800184507830126,0.0,25,0.85,wsd_20000_24000.csv,WSD sharp,wsdld_20000_24000.csv|wsdcon_18.csv,WSD linear + WSD-con 18e-5,2,1
0.004487187642230267,constant_0p85,0.00289109133643515,-35.57008159796522,0.012800184507830126,0.0,25,0.85,wsdcon_3.csv,WSD-con 3e-5,wsdld_20000_24000.csv|wsdcon_18.csv,WSD linear + WSD-con 18e-5,2,1
0.002926482771138891,constant_0p85,0.0022785849579129735,-22.1391295932276,0.012800184507830126,0.0,25,0.85,wsdcon_9.csv,WSD-con 9e-5,wsdld_20000_24000.csv|wsdcon_18.csv,WSD linear + WSD-con 18e-5,2,1
0.00744534704076948,train_size_rho0p25,0.007293265277881455,-2.042641693600733,0.013385813864397517,0.25,25,0.8888888888888888,cosine_72000.csv,Cosine,wsdld_20000_24000.csv|wsdcon_18.csv,WSD linear + WSD-con 18e-5,2,1
0.003408385839825258,train_size_rho0p25,0.0029913220470224925,-12.236401992098045,0.013385813864397517,0.25,25,0.8888888888888888,wsd_20000_24000.csv,WSD sharp,wsdld_20000_24000.csv|wsdcon_18.csv,WSD linear + WSD-con 18e-5,2,1
0.004487187642230267,train_size_rho0p25,0.002857837625254871,-36.311162957418915,0.013385813864397517,0.25,25,0.8888888888888888,wsdcon_3.csv,WSD-con 3e-5,wsdld_20000_24000.csv|wsdcon_18.csv,WSD linear + WSD-con 18e-5,2,1
0.002926482771138891,train_size_rho0p25,0.0022602867285854466,-22.764393118028934,0.013385813864397517,0.25,25,0.8888888888888888,wsdcon_9.csv,WSD-con 9e-5,wsdld_20000_24000.csv|wsdcon_18.csv,WSD linear + WSD-con 18e-5,2,1
0.00744534704076948,train_size_rho0p35,0.007299736842259665,-1.9557207704688384,0.012816204763784858,0.35,25,0.851063829787234,cosine_72000.csv,Cosine,wsdld_20000_24000.csv|wsdcon_18.csv,WSD linear + WSD-con 18e-5,2,1
0.003408385839825258,train_size_rho0p35,0.0030090694424609035,-11.715704034987617,0.012816204763784858,0.35,25,0.851063829787234,wsd_20000_24000.csv,WSD sharp,wsdld_20000_24000.csv|wsdcon_18.csv,WSD linear + WSD-con 18e-5,2,1
0.004487187642230267,train_size_rho0p35,0.0028900838034668285,-35.59253514902332,0.012816204763784858,0.35,25,0.851063829787234,wsdcon_3.csv,WSD-con 3e-5,wsdld_20000_24000.csv|wsdcon_18.csv,WSD linear + WSD-con 18e-5,2,1
0.002926482771138891,train_size_rho0p35,0.0022778913850541277,-22.162829471651147,0.012816204763784858,0.35,25,0.851063829787234,wsdcon_9.csv,WSD-con 9e-5,wsdld_20000_24000.csv|wsdcon_18.csv,WSD linear + WSD-con 18e-5,2,1
0.00744534704076948,train_size_rho0p5,0.007308473454170256,-1.8383775242406752,0.012047232477957767,0.5,25,0.8,cosine_72000.csv,Cosine,wsdld_20000_24000.csv|wsdcon_18.csv,WSD linear + WSD-con 18e-5,2,1
0.003408385839825258,train_size_rho0p5,0.0030330284263027606,-11.012761792888481,0.012047232477957767,0.5,25,0.8,wsd_20000_24000.csv,WSD sharp,wsdld_20000_24000.csv|wsdcon_18.csv,WSD linear + WSD-con 18e-5,2,1
0.004487187642230267,train_size_rho0p5,0.0029395410796809822,-34.4903464250953,0.012047232477957767,0.5,25,0.8,wsdcon_3.csv,WSD-con 3e-5,wsdld_20000_24000.csv|wsdcon_18.csv,WSD linear + WSD-con 18e-5,2,1
0.002926482771138891,train_size_rho0p5,0.002311302743619377,-21.021139559967615,0.012047232477957767,0.5,25,0.8,wsdcon_9.csv,WSD-con 9e-5,wsdld_20000_24000.csv|wsdcon_18.csv,WSD linear + WSD-con 18e-5,2,1
0.00744534704076948,train_size_rho0p75,0.007320916507497449,-1.6712522947643804,0.010952029525416152,0.75,25,0.7272727272727273,cosine_72000.csv,Cosine,wsdld_20000_24000.csv|wsdcon_18.csv,WSD linear + WSD-con 18e-5,2,1
0.003408385839825258,train_size_rho0p75,0.00306715182753208,-10.011601629898582,0.010952029525416152,0.75,25,0.7272727272727273,wsd_20000_24000.csv,WSD sharp,wsdld_20000_24000.csv|wsdcon_18.csv,WSD linear + WSD-con 18e-5,2,1
0.004487187642230267,train_size_rho0p75,0.003022494286693125,-32.64167831432931,0.010952029525416152,0.75,25,0.7272727272727273,wsdcon_3.csv,WSD-con 3e-5,wsdld_20000_24000.csv|wsdcon_18.csv,WSD linear + WSD-con 18e-5,2,1
0.002926482771138891,train_size_rho0p75,0.0023609949781247864,-19.323120525122217,0.010952029525416152,0.75,25,0.7272727272727273,wsdcon_9.csv,WSD-con 9e-5,wsdld_20000_24000.csv|wsdcon_18.csv,WSD linear + WSD-con 18e-5,2,1
0.00744534704076948,train_size_rho1p0,0.007331285718603463,-1.531981270200522,0.010039360398298138,1.0,25,0.6666666666666666,cosine_72000.csv,Cosine,wsdld_20000_24000.csv|wsdcon_18.csv,WSD linear + WSD-con 18e-5,2,1
0.003408385839825258,train_size_rho1p0,0.0030955879952231746,-9.177301494073797,0.010039360398298138,1.0,25,0.6666666666666666,wsd_20000_24000.csv,WSD sharp,wsdld_20000_24000.csv|wsdcon_18.csv,WSD linear + WSD-con 18e-5,2,1
0.004487187642230267,train_size_rho1p0,0.0030994394489543184,-30.92690352895954,0.010039360398298138,1.0,25,0.6666666666666666,wsdcon_3.csv,WSD-con 3e-5,wsdld_20000_24000.csv|wsdcon_18.csv,WSD linear + WSD-con 18e-5,2,1
0.002926482771138891,train_size_rho1p0,0.0024031624211770047,-17.882228972023885,0.010039360398298138,1.0,25,0.6666666666666666,wsdcon_9.csv,WSD-con 9e-5,wsdld_20000_24000.csv|wsdcon_18.csv,WSD linear + WSD-con 18e-5,2,1
0.00744534704076948,train_selected_rho,0.007308473454170256,-1.8383775242406752,0.012047232477957767,0.5,25,0.8,cosine_72000.csv,Cosine,wsdld_20000_24000.csv|wsdcon_18.csv,WSD linear + WSD-con 18e-5,2,1
0.003408385839825258,train_selected_rho,0.0030330284263027606,-11.012761792888481,0.012047232477957767,0.5,25,0.8,wsd_20000_24000.csv,WSD sharp,wsdld_20000_24000.csv|wsdcon_18.csv,WSD linear + WSD-con 18e-5,2,1
0.004487187642230267,train_selected_rho,0.0029395410796809822,-34.4903464250953,0.012047232477957767,0.5,25,0.8,wsdcon_3.csv,WSD-con 3e-5,wsdld_20000_24000.csv|wsdcon_18.csv,WSD linear + WSD-con 18e-5,2,1
0.002926482771138891,train_selected_rho,0.002311302743619377,-21.021139559967615,0.012047232477957767,0.5,25,0.8,wsdcon_9.csv,WSD-con 9e-5,wsdld_20000_24000.csv|wsdcon_18.csv,WSD linear + WSD-con 18e-5,2,1
0.007265129575917493,none,0.007070731338753005,-2.6757710944190216,0.017116105285521474,0.0,100,1.0,cosine_72000.csv,Cosine,wsdld_20000_24000.csv|wsdcon_18.csv,WSD linear + WSD-con 18e-5,2,1
0.0037480705220761528,none,0.0032179001341787607,-14.145155081119364,0.017116105285521474,0.0,100,1.0,wsd_20000_24000.csv,WSD sharp,wsdld_20000_24000.csv|wsdcon_18.csv,WSD linear + WSD-con 18e-5,2,1
0.0056693997340904675,none,0.004448023478499584,-21.543308160944598,0.017116105285521474,0.0,100,1.0,wsdcon_3.csv,WSD-con 3e-5,wsdld_20000_24000.csv|wsdcon_18.csv,WSD linear + WSD-con 18e-5,2,1
0.004934623402238123,none,0.00466762399451183,-5.410735246892284,0.017116105285521474,0.0,100,1.0,wsdcon_9.csv,WSD-con 9e-5,wsdld_20000_24000.csv|wsdcon_18.csv,WSD linear + WSD-con 18e-5,2,1
0.007265129575917493,constant_0p85,0.007099891074327676,-2.27440543025621,0.014548689492693253,0.0,100,0.85,cosine_72000.csv,Cosine,wsdld_20000_24000.csv|wsdcon_18.csv,WSD linear + WSD-con 18e-5,2,1
0.0037480705220761528,constant_0p85,0.0032974256923633686,-12.023381818951485,0.014548689492693253,0.0,100,0.85,wsd_20000_24000.csv,WSD sharp,wsdld_20000_24000.csv|wsdcon_18.csv,WSD linear + WSD-con 18e-5,2,1
0.0056693997340904675,constant_0p85,0.00451528600797978,-20.35689456100488,0.014548689492693253,0.0,100,0.85,wsdcon_3.csv,WSD-con 3e-5,wsdld_20000_24000.csv|wsdcon_18.csv,WSD linear + WSD-con 18e-5,2,1
0.004934623402238123,constant_0p85,0.004656942215296235,-5.627201192616738,0.014548689492693253,0.0,100,0.85,wsdcon_9.csv,WSD-con 9e-5,wsdld_20000_24000.csv|wsdcon_18.csv,WSD linear + WSD-con 18e-5,2,1
0.007265129575917493,train_size_rho0p25,0.007092331142882401,-2.3784631950390267,0.015214315809352421,0.25,100,0.8888888888888888,cosine_72000.csv,Cosine,wsdld_20000_24000.csv|wsdcon_18.csv,WSD linear + WSD-con 18e-5,2,1
0.0037480705220761528,train_size_rho0p25,0.003276807955056249,-12.573471183217212,0.015214315809352421,0.25,100,0.8888888888888888,wsd_20000_24000.csv,WSD sharp,wsdld_20000_24000.csv|wsdcon_18.csv,WSD linear + WSD-con 18e-5,2,1
0.0056693997340904675,train_size_rho0p25,0.004492766043628736,-20.75411411523088,0.015214315809352421,0.25,100,0.8888888888888888,wsdcon_3.csv,WSD-con 3e-5,wsdld_20000_24000.csv|wsdcon_18.csv,WSD linear + WSD-con 18e-5,2,1
0.004934623402238123,train_size_rho0p25,0.004657440475156578,-5.617103971010784,0.015214315809352421,0.25,100,0.8888888888888888,wsdcon_9.csv,WSD-con 9e-5,wsdld_20000_24000.csv|wsdcon_18.csv,WSD linear + WSD-con 18e-5,2,1
0.007265129575917493,train_size_rho0p35,0.007099684267692392,-2.2772519952503067,0.014566898115337425,0.35,100,0.851063829787234,cosine_72000.csv,Cosine,wsdld_20000_24000.csv|wsdcon_18.csv,WSD linear + WSD-con 18e-5,2,1
0.0037480705220761528,train_size_rho0p35,0.0032968616813124217,-12.038429856271616,0.014566898115337425,0.35,100,0.851063829787234,wsd_20000_24000.csv,WSD sharp,wsdld_20000_24000.csv|wsdcon_18.csv,WSD linear + WSD-con 18e-5,2,1
0.0056693997340904675,train_size_rho0p35,0.004514669960322775,-20.367760749418107,0.014566898115337425,0.35,100,0.851063829787234,wsdcon_3.csv,WSD-con 3e-5,wsdld_20000_24000.csv|wsdcon_18.csv,WSD linear + WSD-con 18e-5,2,1
0.004934623402238123,train_size_rho0p35,0.0046569558455051676,-5.626924976828384,0.014566898115337425,0.35,100,0.851063829787234,wsdcon_9.csv,WSD-con 9e-5,wsdld_20000_24000.csv|wsdcon_18.csv,WSD linear + WSD-con 18e-5,2,1
0.007265129575917493,train_size_rho0p5,0.00710961098618591,-2.1406168755351174,0.01369288422841718,0.5,100,0.8,cosine_72000.csv,Cosine,wsdld_20000_24000.csv|wsdcon_18.csv,WSD linear + WSD-con 18e-5,2,1
0.0037480705220761528,train_size_rho0p5,0.0033239342117582383,-11.316124064895517,0.01369288422841718,0.5,100,0.8,wsd_20000_24000.csv,WSD sharp,wsdld_20000_24000.csv|wsdcon_18.csv,WSD linear + WSD-con 18e-5,2,1
0.0056693997340904675,train_size_rho0p5,0.004548517384482432,-19.77074121036302,0.01369288422841718,0.5,100,0.8,wsdcon_3.csv,WSD-con 3e-5,wsdld_20000_24000.csv|wsdcon_18.csv,WSD linear + WSD-con 18e-5,2,1
0.004934623402238123,train_size_rho0p5,0.004656301595475778,-5.640183334681847,0.01369288422841718,0.5,100,0.8,wsdcon_9.csv,WSD-con 9e-5,wsdld_20000_24000.csv|wsdcon_18.csv,WSD linear + WSD-con 18e-5,2,1
0.007265129575917493,train_size_rho0p75,0.007123749039797869,-1.9460153413956016,0.012448076571288345,0.75,100,0.7272727272727273,cosine_72000.csv,Cosine,wsdld_20000_24000.csv|wsdcon_18.csv,WSD linear + WSD-con 18e-5,2,1
0.0037480705220761528,train_size_rho0p75,0.0033624920581507853,-10.287385513541125,0.012448076571288345,0.75,100,0.7272727272727273,wsd_20000_24000.csv,WSD sharp,wsdld_20000_24000.csv|wsdcon_18.csv,WSD linear + WSD-con 18e-5,2,1
0.0056693997340904675,train_size_rho0p75,0.004604594400977584,-18.781623858874163,0.012448076571288345,0.75,100,0.7272727272727273,wsdcon_3.csv,WSD-con 3e-5,wsdld_20000_24000.csv|wsdcon_18.csv,WSD linear + WSD-con 18e-5,2,1
0.004934623402238123,train_size_rho0p75,0.004661552504262567,-5.533773820545318,0.012448076571288345,0.75,100,0.7272727272727273,wsdcon_9.csv,WSD-con 9e-5,wsdld_20000_24000.csv|wsdcon_18.csv,WSD linear + WSD-con 18e-5,2,1
0.007265129575917493,train_size_rho1p0,0.0071355307511411755,-1.7838473962792478,0.011410736857014315,1.0,100,0.6666666666666666,cosine_72000.csv,Cosine,wsdld_20000_24000.csv|wsdcon_18.csv,WSD linear + WSD-con 18e-5,2,1
0.0037480705220761528,train_size_rho1p0,0.0033946235968112283,-9.430103387412814,0.011410736857014315,1.0,100,0.6666666666666666,wsd_20000_24000.csv,WSD sharp,wsdld_20000_24000.csv|wsdcon_18.csv,WSD linear + WSD-con 18e-5,2,1
0.0056693997340904675,train_size_rho1p0,0.004657780937011833,-17.843490396270802,0.011410736857014315,1.0,100,0.6666666666666666,wsdcon_3.csv,WSD-con 3e-5,wsdld_20000_24000.csv|wsdcon_18.csv,WSD linear + WSD-con 18e-5,2,1
0.004934623402238123,train_size_rho1p0,0.004666077226625494,-5.442080453208009,0.011410736857014315,1.0,100,0.6666666666666666,wsdcon_9.csv,WSD-con 9e-5,wsdld_20000_24000.csv|wsdcon_18.csv,WSD linear + WSD-con 18e-5,2,1
0.007265129575917493,train_selected_rho,0.00710961098618591,-2.1406168755351174,0.01369288422841718,0.5,100,0.8,cosine_72000.csv,Cosine,wsdld_20000_24000.csv|wsdcon_18.csv,WSD linear + WSD-con 18e-5,2,1
0.0037480705220761528,train_selected_rho,0.0033239342117582383,-11.316124064895517,0.01369288422841718,0.5,100,0.8,wsd_20000_24000.csv,WSD sharp,wsdld_20000_24000.csv|wsdcon_18.csv,WSD linear + WSD-con 18e-5,2,1
0.0056693997340904675,train_selected_rho,0.004548517384482432,-19.77074121036302,0.01369288422841718,0.5,100,0.8,wsdcon_3.csv,WSD-con 3e-5,wsdld_20000_24000.csv|wsdcon_18.csv,WSD linear + WSD-con 18e-5,2,1
0.004934623402238123,train_selected_rho,0.004656301595475778,-5.640183334681847,0.01369288422841718,0.5,100,0.8,wsdcon_9.csv,WSD-con 9e-5,wsdld_20000_24000.csv|wsdcon_18.csv,WSD linear + WSD-con 18e-5,2,1
0.005612615040270773,none,0.005393435628327718,-3.9051210597989106,0.029636107355111962,0.0,400,1.0,cosine_72000.csv,Cosine,wsdld_20000_24000.csv|wsdcon_18.csv,WSD linear + WSD-con 18e-5,2,1
0.004701998914275349,none,0.00377622090455026,-19.689030699569297,0.029636107355111962,0.0,400,1.0,wsd_20000_24000.csv,WSD sharp,wsdld_20000_24000.csv|wsdcon_18.csv,WSD linear + WSD-con 18e-5,2,1
0.008173606778800102,none,0.00520472756675459,-36.32275557647206,0.029636107355111962,0.0,400,1.0,wsdcon_3.csv,WSD-con 3e-5,wsdld_20000_24000.csv|wsdcon_18.csv,WSD linear + WSD-con 18e-5,2,1
0.006687305974578527,none,0.006139143898441059,-8.197053914106522,0.029636107355111962,0.0,400,1.0,wsdcon_9.csv,WSD-con 9e-5,wsdld_20000_24000.csv|wsdcon_18.csv,WSD linear + WSD-con 18e-5,2,1
0.005612615040270773,constant_0p85,0.005425005837638035,-3.342634427742386,0.025190691251845167,0.0,400,0.85,cosine_72000.csv,Cosine,wsdld_20000_24000.csv|wsdcon_18.csv,WSD linear + WSD-con 18e-5,2,1
0.004701998914275349,constant_0p85,0.003915087606009031,-16.73567609463373,0.025190691251845167,0.0,400,0.85,wsd_20000_24000.csv,WSD sharp,wsdld_20000_24000.csv|wsdcon_18.csv,WSD linear + WSD-con 18e-5,2,1
0.008173606778800102,constant_0p85,0.005465288609087459,-33.13492125333474,0.025190691251845167,0.0,400,0.85,wsdcon_3.csv,WSD-con 3e-5,wsdld_20000_24000.csv|wsdcon_18.csv,WSD linear + WSD-con 18e-5,2,1
0.006687305974578527,constant_0p85,0.006162152478254246,-7.8529904018244,0.025190691251845167,0.0,400,0.85,wsdcon_9.csv,WSD-con 9e-5,wsdld_20000_24000.csv|wsdcon_18.csv,WSD linear + WSD-con 18e-5,2,1
0.005612615040270773,train_size_rho0p25,0.005416820968557592,-3.4884642953124323,0.0263432065378773,0.25,400,0.8888888888888888,cosine_72000.csv,Cosine,wsdld_20000_24000.csv|wsdcon_18.csv,WSD linear + WSD-con 18e-5,2,1
0.004701998914275349,train_size_rho0p25,0.0038790851278530524,-17.50136062183928,0.0263432065378773,0.25,400,0.8888888888888888,wsd_20000_24000.csv,WSD sharp,wsdld_20000_24000.csv|wsdcon_18.csv,WSD linear + WSD-con 18e-5,2,1
0.008173606778800102,train_size_rho0p25,0.005388376835593781,-34.07589842014882,0.0263432065378773,0.25,400,0.8888888888888888,wsdcon_3.csv,WSD-con 3e-5,wsdld_20000_24000.csv|wsdcon_18.csv,WSD linear + WSD-con 18e-5,2,1
0.006687305974578527,train_size_rho0p25,0.0061521338441360585,-8.002806099749282,0.0263432065378773,0.25,400,0.8888888888888888,wsdcon_9.csv,WSD-con 9e-5,wsdld_20000_24000.csv|wsdcon_18.csv,WSD linear + WSD-con 18e-5,2,1
0.005612615040270773,train_size_rho0p35,0.005424781935444336,-3.3466236946365746,0.025222219025627202,0.35,400,0.851063829787234,cosine_72000.csv,Cosine,wsdld_20000_24000.csv|wsdcon_18.csv,WSD linear + WSD-con 18e-5,2,1
0.004701998914275349,train_size_rho0p35,0.003914102735785912,-16.756621871973863,0.025222219025627202,0.35,400,0.851063829787234,wsd_20000_24000.csv,WSD sharp,wsdld_20000_24000.csv|wsdcon_18.csv,WSD linear + WSD-con 18e-5,2,1
0.008173606778800102,train_size_rho0p35,0.0054631846395997745,-33.160662270056285,0.025222219025627202,0.35,400,0.851063829787234,wsdcon_3.csv,WSD-con 3e-5,wsdld_20000_24000.csv|wsdcon_18.csv,WSD linear + WSD-con 18e-5,2,1
0.006687305974578527,train_size_rho0p35,0.0061618713707105,-7.857194001073708,0.025222219025627202,0.35,400,0.851063829787234,wsdcon_9.csv,WSD-con 9e-5,wsdld_20000_24000.csv|wsdcon_18.csv,WSD linear + WSD-con 18e-5,2,1
0.005612615040270773,train_size_rho0p5,0.0054355723618017245,-3.1543705955024426,0.02370888588408957,0.5,400,0.8,cosine_72000.csv,Cosine,wsdld_20000_24000.csv|wsdcon_18.csv,WSD linear + WSD-con 18e-5,2,1
0.004701998914275349,train_size_rho0p5,0.003961376506495276,-15.751224559655475,0.02370888588408957,0.5,400,0.8,wsd_20000_24000.csv,WSD sharp,wsdld_20000_24000.csv|wsdcon_18.csv,WSD linear + WSD-con 18e-5,2,1
0.008173606778800102,train_size_rho0p5,0.005572713626605148,-31.820629773148557,0.02370888588408957,0.5,400,0.8,wsdcon_3.csv,WSD-con 3e-5,wsdld_20000_24000.csv|wsdcon_18.csv,WSD linear + WSD-con 18e-5,2,1
0.006687305974578527,train_size_rho0p5,0.006175364532810416,-7.65542123710553,0.02370888588408957,0.5,400,0.8,wsdcon_9.csv,WSD-con 9e-5,wsdld_20000_24000.csv|wsdcon_18.csv,WSD linear + WSD-con 18e-5,2,1
0.005612615040270773,train_size_rho0p75,0.005451194265799649,-2.876035026684043,0.02155353262189961,0.75,400,0.7272727272727273,cosine_72000.csv,Cosine,wsdld_20000_24000.csv|wsdcon_18.csv,WSD linear + WSD-con 18e-5,2,1
0.004701998914275349,train_size_rho0p75,0.004028705816293465,-14.319295054232251,0.02155353262189961,0.75,400,0.7272727272727273,wsd_20000_24000.csv,WSD sharp,wsdld_20000_24000.csv|wsdcon_18.csv,WSD linear + WSD-con 18e-5,2,1
0.008173606778800102,train_size_rho0p75,0.005745037744927984,-29.712330181714908,0.02155353262189961,0.75,400,0.7272727272727273,wsdcon_3.csv,WSD-con 3e-5,wsdld_20000_24000.csv|wsdcon_18.csv,WSD linear + WSD-con 18e-5,2,1
0.006687305974578527,train_size_rho0p75,0.006201918654164673,-7.258338742971104,0.02155353262189961,0.75,400,0.7272727272727273,wsdcon_9.csv,WSD-con 9e-5,wsdld_20000_24000.csv|wsdcon_18.csv,WSD linear + WSD-con 18e-5,2,1
0.005612615040270773,train_size_rho1p0,0.005464336775324918,-2.641874845895398,0.019757404903407973,1.0,400,0.6666666666666666,cosine_72000.csv,Cosine,wsdld_20000_24000.csv|wsdcon_18.csv,WSD linear + WSD-con 18e-5,2,1
0.004701998914275349,train_size_rho1p0,0.004084813574458626,-13.126020466379462,0.019757404903407973,1.0,400,0.6666666666666666,wsd_20000_24000.csv,WSD sharp,wsdld_20000_24000.csv|wsdcon_18.csv,WSD linear + WSD-con 18e-5,2,1
0.008173606778800102,train_size_rho1p0,0.005902358580917459,-27.787588262425146,0.019757404903407973,1.0,400,0.6666666666666666,wsdcon_3.csv,WSD-con 3e-5,wsdld_20000_24000.csv|wsdcon_18.csv,WSD linear + WSD-con 18e-5,2,1
0.006687305974578527,train_size_rho1p0,0.006227713953086358,-6.872603455551252,0.019757404903407973,1.0,400,0.6666666666666666,wsdcon_9.csv,WSD-con 9e-5,wsdld_20000_24000.csv|wsdcon_18.csv,WSD linear + WSD-con 18e-5,2,1
0.005612615040270773,train_selected_rho,0.0054355723618017245,-3.1543705955024426,0.02370888588408957,0.5,400,0.8,cosine_72000.csv,Cosine,wsdld_20000_24000.csv|wsdcon_18.csv,WSD linear + WSD-con 18e-5,2,1
0.004701998914275349,train_selected_rho,0.003961376506495276,-15.751224559655475,0.02370888588408957,0.5,400,0.8,wsd_20000_24000.csv,WSD sharp,wsdld_20000_24000.csv|wsdcon_18.csv,WSD linear + WSD-con 18e-5,2,1
0.008173606778800102,train_selected_rho,0.005572713626605148,-31.820629773148557,0.02370888588408957,0.5,400,0.8,wsdcon_3.csv,WSD-con 3e-5,wsdld_20000_24000.csv|wsdcon_18.csv,WSD linear + WSD-con 18e-5,2,1
0.006687305974578527,train_selected_rho,0.006175364532810416,-7.65542123710553,0.02370888588408957,0.5,400,0.8,wsdcon_9.csv,WSD-con 9e-5,wsdld_20000_24000.csv|wsdcon_18.csv,WSD linear + WSD-con 18e-5,2,1
0.00744534704076948,none,0.007325928507315487,-1.6039350859009982,0.010510887238672042,0.0,25,1.0,cosine_72000.csv,Cosine,wsdcon_3.csv|wsdcon_9.csv,WSD-con 3e-5 + WSD-con 9e-5,2,1
0.003408385839825258,none,0.0030808965633500975,-9.608339309728798,0.010510887238672042,0.0,25,1.0,wsd_20000_24000.csv,WSD sharp,wsdcon_3.csv|wsdcon_9.csv,WSD-con 3e-5 + WSD-con 9e-5,2,1
0.002504818961791151,none,0.002289759567866982,-8.585825850279571,0.010510887238672042,0.0,25,1.0,wsdcon_18.csv,WSD-con 18e-5,wsdcon_3.csv|wsdcon_9.csv,WSD-con 3e-5 + WSD-con 9e-5,2,1
0.0031360955249893426,none,0.002900435255076589,-7.51444807834909,0.010510887238672042,0.0,25,1.0,wsdld_20000_24000.csv,WSD linear,wsdcon_3.csv|wsdcon_9.csv,WSD-con 3e-5 + WSD-con 9e-5,2,1
0.00744534704076948,constant_0p85,0.007343841287333583,-1.3633448230158884,0.008934254152871236,0.0,25,0.85,cosine_72000.csv,Cosine,wsdcon_3.csv|wsdcon_9.csv,WSD-con 3e-5 + WSD-con 9e-5,2,1
0.003408385839825258,constant_0p85,0.0031300199548213677,-8.167088413269596,0.008934254152871236,0.0,25,0.85,wsd_20000_24000.csv,WSD sharp,wsdcon_3.csv|wsdcon_9.csv,WSD-con 3e-5 + WSD-con 9e-5,2,1
0.002504818961791151,constant_0p85,0.0023220184769556012,-7.29795197273787,0.008934254152871236,0.0,25,0.85,wsdcon_18.csv,WSD-con 18e-5,wsdcon_3.csv|wsdcon_9.csv,WSD-con 3e-5 + WSD-con 9e-5,2,1
0.0031360955249893426,constant_0p85,0.0029357842955635097,-6.387280866596479,0.008934254152871236,0.0,25,0.85,wsdld_20000_24000.csv,WSD linear,wsdcon_3.csv|wsdcon_9.csv,WSD-con 3e-5 + WSD-con 9e-5,2,1
0.00744534704076948,train_size_rho0p25,0.0073391972332548135,-1.4257200763565292,0.009343010878819592,0.25,25,0.8888888888888888,cosine_72000.csv,Cosine,wsdcon_3.csv|wsdcon_9.csv,WSD-con 3e-5 + WSD-con 9e-5,2,1
0.003408385839825258,train_size_rho0p25,0.0031172842607362305,-8.540746053092152,0.009343010878819592,0.25,25,0.8888888888888888,wsd_20000_24000.csv,WSD sharp,wsdcon_3.csv|wsdcon_9.csv,WSD-con 3e-5 + WSD-con 9e-5,2,1
0.002504818961791151,train_size_rho0p25,0.0023136550560807516,-7.631845200249576,0.009343010878819592,0.25,25,0.8888888888888888,wsdcon_18.csv,WSD-con 18e-5,wsdcon_3.csv|wsdcon_9.csv,WSD-con 3e-5 + WSD-con 9e-5,2,1
0.0031360955249893426,train_size_rho0p25,0.0029266197295113373,-6.679509402977035,0.009343010878819592,0.25,25,0.8888888888888888,wsdld_20000_24000.csv,WSD linear,wsdcon_3.csv|wsdcon_9.csv,WSD-con 3e-5 + WSD-con 9e-5,2,1
0.00744534704076948,train_size_rho0p35,0.007343714246340558,-1.3650511369369123,0.008945435947805993,0.35,25,0.851063829787234,cosine_72000.csv,Cosine,wsdcon_3.csv|wsdcon_9.csv,WSD-con 3e-5 + WSD-con 9e-5,2,1
0.003408385839825258,train_size_rho0p35,0.003129671561974054,-8.17731005083312,0.008945435947805993,0.35,25,0.851063829787234,wsd_20000_24000.csv,WSD sharp,wsdcon_3.csv|wsdcon_9.csv,WSD-con 3e-5 + WSD-con 9e-5,2,1
0.002504818961791151,train_size_rho0p35,0.002321789690366316,-7.3070858300255725,0.008945435947805993,0.35,25,0.851063829787234,wsdcon_18.csv,WSD-con 18e-5,wsdcon_3.csv|wsdcon_9.csv,WSD-con 3e-5 + WSD-con 9e-5,2,1
0.0031360955249893426,train_size_rho0p35,0.002935533593148695,-6.395274960297304,0.008945435947805993,0.35,25,0.851063829787234,wsdld_20000_24000.csv,WSD linear,wsdcon_3.csv|wsdcon_9.csv,WSD-con 3e-5 + WSD-con 9e-5,2,1
0.00744534704076948,train_size_rho0p5,0.00734981221400629,-1.2831480687207408,0.008408709790937633,0.5,25,0.8,cosine_72000.csv,Cosine,wsdcon_3.csv|wsdcon_9.csv,WSD-con 3e-5 + WSD-con 9e-5,2,1
0.003408385839825258,train_size_rho0p5,0.003146394418645132,-7.686671447782977,0.008408709790937633,0.5,25,0.8,wsd_20000_24000.csv,WSD sharp,wsdcon_3.csv|wsdcon_9.csv,WSD-con 3e-5 + WSD-con 9e-5,2,1
0.002504818961791151,train_size_rho0p5,0.0023327714466517997,-6.868660680224292,0.008408709790937633,0.5,25,0.8,wsdcon_18.csv,WSD-con 18e-5,wsdcon_3.csv|wsdcon_9.csv,WSD-con 3e-5 + WSD-con 9e-5,2,1
0.0031360955249893426,train_size_rho0p5,0.00294756730905914,-6.011558462679256,0.008408709790937633,0.5,25,0.8,wsdld_20000_24000.csv,WSD linear,wsdcon_3.csv|wsdcon_9.csv,WSD-con 3e-5 + WSD-con 9e-5,2,1
0.00744534704076948,train_size_rho0p75,0.007358497198257492,-1.1664982442915361,0.0076442816281251215,0.75,25,0.7272727272727273,cosine_72000.csv,Cosine,wsdcon_3.csv|wsdcon_9.csv,WSD-con 3e-5 + WSD-con 9e-5,2,1
0.003408385839825258,train_size_rho0p75,0.0031702118205705863,-6.987883134348493,0.0076442816281251215,0.75,25,0.7272727272727273,wsd_20000_24000.csv,WSD sharp,wsdcon_3.csv|wsdcon_9.csv,WSD-con 3e-5 + WSD-con 9e-5,2,1
0.002504818961791151,train_size_rho0p75,0.00234841212984629,-6.244236982021922,0.0076442816281251215,0.75,25,0.7272727272727273,wsdcon_18.csv,WSD-con 18e-5,wsdcon_3.csv|wsdcon_9.csv,WSD-con 3e-5 + WSD-con 9e-5,2,1
0.0031360955249893426,train_size_rho0p75,0.0029647062377800644,-5.465053147890342,0.0076442816281251215,0.75,25,0.7272727272727273,wsdld_20000_24000.csv,WSD linear,wsdcon_3.csv|wsdcon_9.csv,WSD-con 3e-5 + WSD-con 9e-5,2,1
0.00744534704076948,train_size_rho1p0,0.0073657346851334895,-1.0692900572672692,0.007007258159114694,1.0,25,0.6666666666666666,cosine_72000.csv,Cosine,wsdcon_3.csv|wsdcon_9.csv,WSD-con 3e-5 + WSD-con 9e-5,2,1
0.003408385839825258,train_size_rho1p0,0.003190059655508486,-6.40555953981915,0.007007258159114694,1.0,25,0.6666666666666666,wsd_20000_24000.csv,WSD sharp,wsdcon_3.csv|wsdcon_9.csv,WSD-con 3e-5 + WSD-con 9e-5,2,1
0.002504818961791151,train_size_rho1p0,0.0023614460325083746,-5.723883900186255,0.007007258159114694,1.0,25,0.6666666666666666,wsdcon_18.csv,WSD-con 18e-5,wsdcon_3.csv|wsdcon_9.csv,WSD-con 3e-5 + WSD-con 9e-5,2,1
0.0031360955249893426,train_size_rho1p0,0.002978988678380844,-5.009632052232615,0.007007258159114694,1.0,25,0.6666666666666666,wsdld_20000_24000.csv,WSD linear,wsdcon_3.csv|wsdcon_9.csv,WSD-con 3e-5 + WSD-con 9e-5,2,1
0.00744534704076948,train_selected_rho,0.007331615104146631,-1.5275572246675972,0.010010368798735278,0.1,25,0.9523809523809523,cosine_72000.csv,Cosine,wsdcon_3.csv|wsdcon_9.csv,WSD-con 3e-5 + WSD-con 9e-5,2,1
0.003408385839825258,train_selected_rho,0.003096491290801294,-9.150799342598903,0.010010368798735278,0.1,25,0.9523809523809523,wsd_20000_24000.csv,WSD sharp,wsdcon_3.csv|wsdcon_9.csv,WSD-con 3e-5 + WSD-con 9e-5,2,1
0.002504818961791151,train_selected_rho,0.0023000004913871805,-8.17697700026625,0.010010368798735278,0.1,25,0.9523809523809523,wsdcon_18.csv,WSD-con 18e-5,wsdcon_3.csv|wsdcon_9.csv,WSD-con 3e-5 + WSD-con 9e-5,2,1
0.0031360955249893426,train_selected_rho,0.0029116571726914816,-7.156617217475347,0.010010368798735278,0.1,25,0.9523809523809523,wsdld_20000_24000.csv,WSD linear,wsdcon_3.csv|wsdcon_9.csv,WSD-con 3e-5 + WSD-con 9e-5,2,1
0.007265129575917493,none,0.007091996174251178,-2.3830738303721177,0.015243808660948904,0.0,100,1.0,cosine_72000.csv,Cosine,wsdcon_3.csv|wsdcon_9.csv,WSD-con 3e-5 + WSD-con 9e-5,2,1
0.0037480705220761528,none,0.0032758944156551896,-12.597844774793954,0.015243808660948904,0.0,100,1.0,wsd_20000_24000.csv,WSD sharp,wsdcon_3.csv|wsdcon_9.csv,WSD-con 3e-5 + WSD-con 9e-5,2,1
0.0013816404339982303,none,0.0012207738603241993,-11.643157634617761,0.015243808660948904,0.0,100,1.0,wsdcon_18.csv,WSD-con 18e-5,wsdcon_3.csv|wsdcon_9.csv,WSD-con 3e-5 + WSD-con 9e-5,2,1
0.003248313740665229,none,0.00290853727566713,-10.460087667779138,0.015243808660948904,0.0,100,1.0,wsdld_20000_24000.csv,WSD linear,wsdcon_3.csv|wsdcon_9.csv,WSD-con 3e-5 + WSD-con 9e-5,2,1
0.007265129575917493,constant_0p85,0.007117966184501132,-2.0256127558162085,0.012957237361806569,0.0,100,0.85,cosine_72000.csv,Cosine,wsdcon_3.csv|wsdcon_9.csv,WSD-con 3e-5 + WSD-con 9e-5,2,1
0.0037480705220761528,constant_0p85,0.003346720831618339,-10.70816805857473,0.012957237361806569,0.0,100,0.85,wsd_20000_24000.csv,WSD sharp,wsdcon_3.csv|wsdcon_9.csv,WSD-con 3e-5 + WSD-con 9e-5,2,1
0.0013816404339982303,constant_0p85,0.0012227915955361718,-11.497118537735407,0.012957237361806569,0.0,100,0.85,wsdcon_18.csv,WSD-con 18e-5,wsdcon_3.csv|wsdcon_9.csv,WSD-con 3e-5 + WSD-con 9e-5,2,1
0.003248313740665229,constant_0p85,0.0029595037454168394,-8.891074517612441,0.012957237361806569,0.0,100,0.85,wsdld_20000_24000.csv,WSD linear,wsdcon_3.csv|wsdcon_9.csv,WSD-con 3e-5 + WSD-con 9e-5,2,1
0.007265129575917493,train_size_rho0p25,0.007111233218880765,-2.1182878492197132,0.013550052143065691,0.25,100,0.8888888888888888,cosine_72000.csv,Cosine,wsdcon_3.csv|wsdcon_9.csv,WSD-con 3e-5 + WSD-con 9e-5,2,1
0.0037480705220761528,train_size_rho0p25,0.0033283584274797448,-11.198084244261198,0.013550052143065691,0.25,100,0.8888888888888888,wsd_20000_24000.csv,WSD sharp,wsdcon_3.csv|wsdcon_9.csv,WSD-con 3e-5 + WSD-con 9e-5,2,1
0.0013816404339982303,train_size_rho0p25,0.001221597044723919,-11.583577415375224,0.013550052143065691,0.25,100,0.8888888888888888,wsdcon_18.csv,WSD-con 18e-5,wsdcon_3.csv|wsdcon_9.csv,WSD-con 3e-5 + WSD-con 9e-5,2,1
0.003248313740665229,train_size_rho0p25,0.0029462902162224647,-9.29785570469287,0.013550052143065691,0.25,100,0.8888888888888888,wsdld_20000_24000.csv,WSD linear,wsdcon_3.csv|wsdcon_9.csv,WSD-con 3e-5 + WSD-con 9e-5,2,1
0.007265129575917493,train_size_rho0p35,0.007117782000031263,-2.0281479407422975,0.012973454179530983,0.35,100,0.851063829787234,cosine_72000.csv,Cosine,wsdcon_3.csv|wsdcon_9.csv,WSD-con 3e-5 + WSD-con 9e-5,2,1
0.0037480705220761528,train_size_rho0p35,0.003346218516611504,-10.721570021101211,0.012973454179530983,0.35,100,0.851063829787234,wsd_20000_24000.csv,WSD sharp,wsdcon_3.csv|wsdcon_9.csv,WSD-con 3e-5 + WSD-con 9e-5,2,1
0.0013816404339982303,train_size_rho0p35,0.0012226551776984688,-11.506992151328799,0.012973454179530983,0.35,100,0.851063829787234,wsdcon_18.csv,WSD-con 18e-5,wsdcon_3.csv|wsdcon_9.csv,WSD-con 3e-5 + WSD-con 9e-5,2,1
0.003248313740665229,train_size_rho0p35,0.0029591422810923687,-8.902202270450644,0.012973454179530983,0.35,100,0.851063829787234,wsdld_20000_24000.csv,WSD linear,wsdcon_3.csv|wsdcon_9.csv,WSD-con 3e-5 + WSD-con 9e-5,2,1
0.007265129575917493,train_size_rho0p5,0.007126622854584438,-1.9064590642977386,0.012195046928759124,0.5,100,0.8,cosine_72000.csv,Cosine,wsdcon_3.csv|wsdcon_9.csv,WSD-con 3e-5 + WSD-con 9e-5,2,1
0.0037480705220761528,train_size_rho0p5,0.0033703296369393797,-10.078275819835236,0.012195046928759124,0.5,100,0.8,wsd_20000_24000.csv,WSD sharp,wsdcon_3.csv|wsdcon_9.csv,WSD-con 3e-5 + WSD-con 9e-5,2,1
0.0013816404339982303,train_size_rho0p5,0.0012292032339085626,-11.033058698820842,0.012195046928759124,0.5,100,0.8,wsdcon_18.csv,WSD-con 18e-5,wsdcon_3.csv|wsdcon_9.csv,WSD-con 3e-5 + WSD-con 9e-5,2,1
0.003248313740665229,train_size_rho0p5,0.0029764925686667433,-8.368070134223515,0.012195046928759124,0.5,100,0.8,wsdld_20000_24000.csv,WSD linear,wsdcon_3.csv|wsdcon_9.csv,WSD-con 3e-5 + WSD-con 9e-5,2,1
0.007265129575917493,train_size_rho0p75,0.007139214374705627,-1.7331446039069998,0.01108640629887193,0.75,100,0.7272727272727273,cosine_72000.csv,Cosine,wsdcon_3.csv|wsdcon_9.csv,WSD-con 3e-5 + WSD-con 9e-5,2,1
0.0037480705220761528,train_size_rho0p75,0.0034046697174063612,-9.16206892712288,0.01108640629887193,0.75,100,0.7272727272727273,wsd_20000_24000.csv,WSD sharp,wsdcon_3.csv|wsdcon_9.csv,WSD-con 3e-5 + WSD-con 9e-5,2,1
0.0013816404339982303,train_size_rho0p75,0.0012399104844291987,-10.258092198336255,0.01108640629887193,0.75,100,0.7272727272727273,wsdcon_18.csv,WSD-con 18e-5,wsdcon_3.csv|wsdcon_9.csv,WSD-con 3e-5 + WSD-con 9e-5,2,1
0.003248313740665229,train_size_rho0p75,0.0030012035843029715,-7.607336485657667,0.01108640629887193,0.75,100,0.7272727272727273,wsdld_20000_24000.csv,WSD linear,wsdcon_3.csv|wsdcon_9.csv,WSD-con 3e-5 + WSD-con 9e-5,2,1
0.007265129575917493,train_size_rho1p0,0.007149707308139947,-1.5887158869147933,0.010162539107299268,1.0,100,0.6666666666666666,cosine_72000.csv,Cosine,wsdcon_3.csv|wsdcon_9.csv,WSD-con 3e-5 + WSD-con 9e-5,2,1
0.0037480705220761528,train_size_rho1p0,0.003433286451128844,-8.39856318319596,0.010162539107299268,1.0,100,0.6666666666666666,wsd_20000_24000.csv,WSD sharp,wsdcon_3.csv|wsdcon_9.csv,WSD-con 3e-5 + WSD-con 9e-5,2,1
0.0013816404339982303,train_size_rho1p0,0.0012498248891168809,-9.540510080462672,0.010162539107299268,1.0,100,0.6666666666666666,wsdcon_18.csv,WSD-con 18e-5,wsdcon_3.csv|wsdcon_9.csv,WSD-con 3e-5 + WSD-con 9e-5,2,1
0.003248313740665229,train_size_rho1p0,0.003021796097333158,-6.973391778519589,0.010162539107299268,1.0,100,0.6666666666666666,wsdld_20000_24000.csv,WSD linear,wsdcon_3.csv|wsdcon_9.csv,WSD-con 3e-5 + WSD-con 9e-5,2,1
0.007265129575917493,train_selected_rho,0.0071002406219495716,-2.269594124163954,0.014517913010427527,0.1,100,0.9523809523809523,cosine_72000.csv,Cosine,wsdcon_3.csv|wsdcon_9.csv,WSD-con 3e-5 + WSD-con 9e-5,2,1
0.0037480705220761528,train_selected_rho,0.003298378992151421,-11.997947404565801,0.014517913010427527,0.1,100,0.9523809523809523,wsd_20000_24000.csv,WSD sharp,wsdcon_3.csv|wsdcon_9.csv,WSD-con 3e-5 + WSD-con 9e-5,2,1
0.0013816404339982303,train_selected_rho,0.001220558847710386,-11.6587197597932,0.014517913010427527,0.1,100,0.9523809523809523,wsdcon_18.csv,WSD-con 18e-5,wsdcon_3.csv|wsdcon_9.csv,WSD-con 3e-5 + WSD-con 9e-5,2,1
0.003248313740665229,train_selected_rho,0.0029247171073336995,-9.961988255027954,0.014517913010427527,0.1,100,0.9523809523809523,wsdld_20000_24000.csv,WSD linear,wsdcon_3.csv|wsdcon_9.csv,WSD-con 3e-5 + WSD-con 9e-5,2,1
0.005612615040270773,none,0.005433113762555077,-3.198175474850251,0.024051601075025394,0.0,400,1.0,cosine_72000.csv,Cosine,wsdcon_3.csv|wsdcon_9.csv,WSD-con 3e-5 + WSD-con 9e-5,2,1
0.004701998914275349,none,0.003950670708207898,-15.978910666831636,0.024051601075025394,0.0,400,1.0,wsd_20000_24000.csv,WSD sharp,wsdcon_3.csv|wsdcon_9.csv,WSD-con 3e-5 + WSD-con 9e-5,2,1
0.0025579541942073844,none,0.002395102911360215,-6.3664659522033045,0.024051601075025394,0.0,400,1.0,wsdcon_18.csv,WSD-con 18e-5,wsdcon_3.csv|wsdcon_9.csv,WSD-con 3e-5 + WSD-con 9e-5,2,1
0.0038535563963712593,none,0.003313752137917612,-14.007950135671033,0.024051601075025394,0.0,400,1.0,wsdld_20000_24000.csv,WSD linear,wsdcon_3.csv|wsdcon_9.csv,WSD-con 3e-5 + WSD-con 9e-5,2,1
0.005612615040270773,constant_0p85,0.005459313883822277,-2.7313677376508694,0.020443860913771584,0.0,400,0.85,cosine_72000.csv,Cosine,wsdcon_3.csv|wsdcon_9.csv,WSD-con 3e-5 + WSD-con 9e-5,2,1
0.004701998914275349,constant_0p85,0.0040633699391180115,-13.582074066806971,0.020443860913771584,0.0,400,0.85,wsd_20000_24000.csv,WSD sharp,wsdcon_3.csv|wsdcon_9.csv,WSD-con 3e-5 + WSD-con 9e-5,2,1
0.0025579541942073844,constant_0p85,0.0024125903299274808,-5.682817331486523,0.020443860913771584,0.0,400,0.85,wsdcon_18.csv,WSD-con 18e-5,wsdcon_3.csv|wsdcon_9.csv,WSD-con 3e-5 + WSD-con 9e-5,2,1
0.0038535563963712593,constant_0p85,0.003394722776685657,-11.90675761532043,0.020443860913771584,0.0,400,0.85,wsdld_20000_24000.csv,WSD linear,wsdcon_3.csv|wsdcon_9.csv,WSD-con 3e-5 + WSD-con 9e-5,2,1
0.005612615040270773,train_size_rho0p25,0.005452469874188509,-2.8533075034224864,0.021379200955578128,0.25,400,0.8888888888888888,cosine_72000.csv,Cosine,wsdcon_3.csv|wsdcon_9.csv,WSD-con 3e-5 + WSD-con 9e-5,2,1
0.004701998914275349,train_size_rho0p25,0.0040341516199931746,-14.20347614829468,0.021379200955578128,0.25,400,0.8888888888888888,wsd_20000_24000.csv,WSD sharp,wsdcon_3.csv|wsdcon_9.csv,WSD-con 3e-5 + WSD-con 9e-5,2,1
0.0025579541942073844,train_size_rho0p25,0.002408056554743386,-5.860059566486719,0.021379200955578128,0.25,400,0.8888888888888888,wsdcon_18.csv,WSD-con 18e-5,wsdcon_3.csv|wsdcon_9.csv,WSD-con 3e-5 + WSD-con 9e-5,2,1
0.0038535563963712593,train_size_rho0p25,0.003373730388856901,-12.451511231707713,0.021379200955578128,0.25,400,0.8888888888888888,wsdld_20000_24000.csv,WSD linear,wsdcon_3.csv|wsdcon_9.csv,WSD-con 3e-5 + WSD-con 9e-5,2,1
0.005612615040270773,train_size_rho0p35,0.005459126661674235,-2.7347034759243605,0.020469447723425866,0.35,400,0.851063829787234,cosine_72000.csv,Cosine,wsdcon_3.csv|wsdcon_9.csv,WSD-con 3e-5 + WSD-con 9e-5,2,1
0.004701998914275349,train_size_rho0p35,0.004062570653792405,-13.599072907941945,0.020469447723425866,0.35,400,0.851063829787234,wsd_20000_24000.csv,WSD sharp,wsdcon_3.csv|wsdcon_9.csv,WSD-con 3e-5 + WSD-con 9e-5,2,1
0.0025579541942073844,train_size_rho0p35,0.0024124663056823235,-5.687665903264627,0.020469447723425866,0.35,400,0.851063829787234,wsdcon_18.csv,WSD-con 18e-5,wsdcon_3.csv|wsdcon_9.csv,WSD-con 3e-5 + WSD-con 9e-5,2,1
0.0038535563963712593,train_size_rho0p35,0.0033941485168362245,-11.921659689933195,0.020469447723425866,0.35,400,0.851063829787234,wsdld_20000_24000.csv,WSD linear,wsdcon_3.csv|wsdcon_9.csv,WSD-con 3e-5 + WSD-con 9e-5,2,1
0.005612615040270773,train_size_rho0p5,0.005468113324779951,-2.5745880388021503,0.01924128086002032,0.5,400,0.8,cosine_72000.csv,Cosine,wsdcon_3.csv|wsdcon_9.csv,WSD-con 3e-5 + WSD-con 9e-5,2,1
0.004701998914275349,train_size_rho0p5,0.00410093634942139,-12.78312853346526,0.01924128086002032,0.5,400,0.8,wsd_20000_24000.csv,WSD sharp,wsdcon_3.csv|wsdcon_9.csv,WSD-con 3e-5 + WSD-con 9e-5,2,1
0.0025579541942073844,train_size_rho0p5,0.0024184194694499015,-5.454934457914307,0.01924128086002032,0.5,400,0.8,wsdcon_18.csv,WSD-con 18e-5,wsdcon_3.csv|wsdcon_9.csv,WSD-con 3e-5 + WSD-con 9e-5,2,1
0.0038535563963712593,train_size_rho0p5,0.0034217129896083414,-11.206360108536828,0.01924128086002032,0.5,400,0.8,wsdld_20000_24000.csv,WSD linear,wsdcon_3.csv|wsdcon_9.csv,WSD-con 3e-5 + WSD-con 9e-5,2,1
0.005612615040270773,train_size_rho0p75,0.005480921625696675,-2.346382455044438,0.01749207350910938,0.75,400,0.7272727272727273,cosine_72000.csv,Cosine,wsdcon_3.csv|wsdcon_9.csv,WSD-con 3e-5 + WSD-con 9e-5,2,1
0.004701998914275349,train_size_rho0p75,0.004155578400771743,-11.621025939514018,0.01749207350910938,0.75,400,0.7272727272727273,wsd_20000_24000.csv,WSD sharp,wsdcon_3.csv|wsdcon_9.csv,WSD-con 3e-5 + WSD-con 9e-5,2,1
0.0025579541942073844,train_size_rho0p75,0.0024268982178461693,-5.123468459990333,0.01749207350910938,0.75,400,0.7272727272727273,wsdcon_18.csv,WSD-con 18e-5,wsdcon_3.csv|wsdcon_9.csv,WSD-con 3e-5 + WSD-con 9e-5,2,1
0.0038535563963712593,train_size_rho0p75,0.003460971481132231,-10.187600098670146,0.01749207350910938,0.75,400,0.7272727272727273,wsdld_20000_24000.csv,WSD linear,wsdcon_3.csv|wsdcon_9.csv,WSD-con 3e-5 + WSD-con 9e-5,2,1
0.005612615040270773,train_size_rho1p0,0.005491613301236734,-2.155888799888228,0.016034400716683595,1.0,400,0.6666666666666666,cosine_72000.csv,Cosine,wsdcon_3.csv|wsdcon_9.csv,WSD-con 3e-5 + WSD-con 9e-5,2,1
0.004701998914275349,train_size_rho1p0,0.004201113443563717,-10.652607111221036,0.016034400716683595,1.0,400,0.6666666666666666,wsd_20000_24000.csv,WSD sharp,wsdcon_3.csv|wsdcon_9.csv,WSD-con 3e-5 + WSD-con 9e-5,2,1
0.0025579541942073844,train_size_rho1p0,0.002435544900396783,-4.7854372876497635,0.016034400716683595,1.0,400,0.6666666666666666,wsdcon_18.csv,WSD-con 18e-5,wsdcon_3.csv|wsdcon_9.csv,WSD-con 3e-5 + WSD-con 9e-5,2,1
0.0038535563963712593,train_size_rho1p0,0.0034936868907354934,-9.338633423780706,0.016034400716683595,1.0,400,0.6666666666666666,wsdld_20000_24000.csv,WSD linear,wsdcon_3.csv|wsdcon_9.csv,WSD-con 3e-5 + WSD-con 9e-5,2,1
0.005612615040270773,train_selected_rho,0.0054413552676469325,-3.051336523083159,0.02290628673811942,0.1,400,0.9523809523809523,cosine_72000.csv,Cosine,wsdcon_3.csv|wsdcon_9.csv,WSD-con 3e-5 + WSD-con 9e-5,2,1
0.004701998914275349,train_selected_rho,0.003986448241830161,-15.218010158887186,0.02290628673811942,0.1,400,0.9523809523809523,wsd_20000_24000.csv,WSD sharp,wsdcon_3.csv|wsdcon_9.csv,WSD-con 3e-5 + WSD-con 9e-5,2,1
0.0025579541942073844,train_selected_rho,0.0024006544728101204,-6.1494346440400305,0.02290628673811942,0.1,400,0.9523809523809523,wsdcon_18.csv,WSD-con 18e-5,wsdcon_3.csv|wsdcon_9.csv,WSD-con 3e-5 + WSD-con 9e-5,2,1
0.0038535563963712593,train_selected_rho,0.003339457102605886,-13.340904891115123,0.02290628673811942,0.1,400,0.9523809523809523,wsdld_20000_24000.csv,WSD linear,wsdcon_3.csv|wsdcon_9.csv,WSD-con 3e-5 + WSD-con 9e-5,2,1
0.00744534704076948,none,0.0073216031026636106,-1.662030492712674,0.01089159732815749,0.0,25,1.0,cosine_72000.csv,Cosine,wsdcon_3.csv|wsdcon_18.csv,WSD-con 3e-5 + WSD-con 18e-5,2,1
0.003408385839825258,none,0.0030690347224872527,-9.956358619169803,0.01089159732815749,0.0,25,1.0,wsd_20000_24000.csv,WSD sharp,wsdcon_3.csv|wsdcon_18.csv,WSD-con 3e-5 + WSD-con 18e-5,2,1
0.002926482771138891,none,0.0023637369456394742,-19.229425542813438,0.01089159732815749,0.0,25,1.0,wsdcon_9.csv,WSD-con 9e-5,wsdcon_3.csv|wsdcon_18.csv,WSD-con 3e-5 + WSD-con 18e-5,2,1
0.0031360955249893426,none,0.002891899511098987,-7.786625501185429,0.01089159732815749,0.0,25,1.0,wsdld_20000_24000.csv,WSD linear,wsdcon_3.csv|wsdcon_18.csv,WSD-con 3e-5 + WSD-con 18e-5,2,1
0.00744534704076948,constant_0p85,0.007340164693379486,-1.412725918805835,0.009257857728933866,0.0,25,0.85,cosine_72000.csv,Cosine,wsdcon_3.csv|wsdcon_18.csv,WSD-con 3e-5 + WSD-con 18e-5,2,1
0.003408385839825258,constant_0p85,0.0031199373900879595,-8.46290482629416,0.009257857728933866,0.0,25,0.85,wsd_20000_24000.csv,WSD sharp,wsdcon_3.csv|wsdcon_18.csv,WSD-con 3e-5 + WSD-con 18e-5,2,1
0.002926482771138891,constant_0p85,0.0024422172545056804,-16.547697509415038,0.009257857728933866,0.0,25,0.85,wsdcon_9.csv,WSD-con 9e-5,wsdcon_3.csv|wsdcon_18.csv,WSD-con 3e-5 + WSD-con 18e-5,2,1
0.0031360955249893426,constant_0p85,0.002928528913182553,-6.6186316760072135,0.009257857728933866,0.0,25,0.85,wsdld_20000_24000.csv,WSD linear,wsdcon_3.csv|wsdcon_18.csv,WSD-con 3e-5 + WSD-con 18e-5,2,1
0.00744534704076948,train_size_rho0p25,0.007335352429119803,-1.4773604379670346,0.009681419847251101,0.25,25,0.8888888888888888,cosine_72000.csv,Cosine,wsdcon_3.csv|wsdcon_18.csv,WSD-con 3e-5 + WSD-con 18e-5,2,1
0.003408385839825258,train_size_rho0p25,0.0031067404021914717,-8.850096550373266,0.009681419847251101,0.25,25,0.8888888888888888,wsd_20000_24000.csv,WSD sharp,wsdcon_3.csv|wsdcon_18.csv,WSD-con 3e-5 + WSD-con 18e-5,2,1
0.002926482771138891,train_size_rho0p25,0.0024206461062150396,-17.284799005565176,0.009681419847251101,0.25,25,0.8888888888888888,wsdcon_9.csv,WSD-con 9e-5,wsdcon_3.csv|wsdcon_18.csv,WSD-con 3e-5 + WSD-con 18e-5,2,1
0.0031360955249893426,train_size_rho0p25,0.0029190324015312577,-6.92144488994233,0.009681419847251101,0.25,25,0.8888888888888888,wsdld_20000_24000.csv,WSD linear,wsdcon_3.csv|wsdcon_18.csv,WSD-con 3e-5 + WSD-con 18e-5,2,1
0.00744534704076948,train_size_rho0p35,0.0073400330508921465,-1.4144940363511882,0.00926944453460212,0.35,25,0.851063829787234,cosine_72000.csv,Cosine,wsdcon_3.csv|wsdcon_18.csv,WSD-con 3e-5 + WSD-con 18e-5,2,1
0.003408385839825258,train_size_rho0p35,0.0031195763782609987,-8.473496697165771,0.00926944453460212,0.35,25,0.851063829787234,wsd_20000_24000.csv,WSD sharp,wsdcon_3.csv|wsdcon_18.csv,WSD-con 3e-5 + WSD-con 18e-5,2,1
0.002926482771138891,train_size_rho0p35,0.002441627162303173,-16.567861380131344,0.00926944453460212,0.35,25,0.851063829787234,wsdcon_9.csv,WSD-con 9e-5,wsdcon_3.csv|wsdcon_18.csv,WSD-con 3e-5 + WSD-con 18e-5,2,1
0.0031360955249893426,train_size_rho0p35,0.0029282691301890417,-6.626915320157767,0.00926944453460212,0.35,25,0.851063829787234,wsdld_20000_24000.csv,WSD linear,wsdcon_3.csv|wsdcon_18.csv,WSD-con 3e-5 + WSD-con 18e-5,2,1
0.00744534704076948,train_size_rho0p5,0.007346351890284779,-1.3296243941702146,0.008713277862525992,0.5,25,0.8,cosine_72000.csv,Cosine,wsdcon_3.csv|wsdcon_18.csv,WSD-con 3e-5 + WSD-con 18e-5,2,1
0.003408385839825258,train_size_rho0p5,0.003136904945954853,-7.965086895335871,0.008713277862525992,0.5,25,0.8,wsd_20000_24000.csv,WSD sharp,wsdcon_3.csv|wsdcon_18.csv,WSD-con 3e-5 + WSD-con 18e-5,2,1
0.002926482771138891,train_size_rho0p5,0.0024699515880222075,-15.599995585793813,0.008713277862525992,0.5,25,0.8,wsdcon_9.csv,WSD-con 9e-5,wsdcon_3.csv|wsdcon_18.csv,WSD-con 3e-5 + WSD-con 18e-5,2,1
0.0031360955249893426,train_size_rho0p5,0.0029407387138770703,-6.229300400947968,0.008713277862525992,0.5,25,0.8,wsdld_20000_24000.csv,WSD linear,wsdcon_3.csv|wsdcon_18.csv,WSD-con 3e-5 + WSD-con 18e-5,2,1
0.00744534704076948,train_size_rho0p75,0.007355351449419758,-1.208749449245572,0.007921161693205447,0.75,25,0.7272727272727273,cosine_72000.csv,Cosine,wsdcon_3.csv|wsdcon_18.csv,WSD-con 3e-5 + WSD-con 18e-5,2,1
0.003408385839825258,train_size_rho0p75,0.003161585027215791,-7.240988086669198,0.007921161693205447,0.75,25,0.7272727272727273,wsd_20000_24000.csv,WSD sharp,wsdcon_3.csv|wsdcon_18.csv,WSD-con 3e-5 + WSD-con 18e-5,2,1
0.002926482771138891,train_size_rho0p75,0.0025102924367735317,-14.22152006052615,0.007921161693205447,0.75,25,0.7272727272727273,wsdcon_9.csv,WSD-con 9e-5,wsdcon_3.csv|wsdcon_18.csv,WSD-con 3e-5 + WSD-con 18e-5,2,1
0.0031360955249893426,train_size_rho0p75,0.0029584984239781876,-5.663000364498094,0.007921161693205447,0.75,25,0.7272727272727273,wsdld_20000_24000.csv,WSD linear,wsdcon_3.csv|wsdcon_18.csv,WSD-con 3e-5 + WSD-con 18e-5,2,1
0.00744534704076948,train_size_rho1p0,0.00736285108203223,-1.1080203284751677,0.007261064885438326,1.0,25,0.6666666666666666,cosine_72000.csv,Cosine,wsdcon_3.csv|wsdcon_18.csv,WSD-con 3e-5 + WSD-con 18e-5,2,1
0.003408385839825258,train_size_rho1p0,0.003182151761599917,-6.63757241277999,0.007261064885438326,1.0,25,0.6666666666666666,wsd_20000_24000.csv,WSD sharp,wsdcon_3.csv|wsdcon_18.csv,WSD-con 3e-5 + WSD-con 18e-5,2,1
0.002926482771138891,train_size_rho1p0,0.002543909810732976,-13.072790456136186,0.007261064885438326,1.0,25,0.6666666666666666,wsdcon_9.csv,WSD-con 9e-5,wsdcon_3.csv|wsdcon_18.csv,WSD-con 3e-5 + WSD-con 18e-5,2,1
0.0031360955249893426,train_size_rho1p0,0.0029732981823957835,-5.191083667456597,0.007261064885438326,1.0,25,0.6666666666666666,wsdld_20000_24000.csv,WSD linear,wsdcon_3.csv|wsdcon_18.csv,WSD-con 3e-5 + WSD-con 18e-5,2,1
0.00744534704076948,train_selected_rho,0.0073216031026636106,-1.662030492712674,0.01089159732815749,0.0,25,1.0,cosine_72000.csv,Cosine,wsdcon_3.csv|wsdcon_18.csv,WSD-con 3e-5 + WSD-con 18e-5,2,1
0.003408385839825258,train_selected_rho,0.0030690347224872527,-9.956358619169803,0.01089159732815749,0.0,25,1.0,wsd_20000_24000.csv,WSD sharp,wsdcon_3.csv|wsdcon_18.csv,WSD-con 3e-5 + WSD-con 18e-5,2,1
0.002926482771138891,train_selected_rho,0.0023637369456394742,-19.229425542813438,0.01089159732815749,0.0,25,1.0,wsdcon_9.csv,WSD-con 9e-5,wsdcon_3.csv|wsdcon_18.csv,WSD-con 3e-5 + WSD-con 18e-5,2,1
0.0031360955249893426,train_selected_rho,0.002891899511098987,-7.786625501185429,0.01089159732815749,0.0,25,1.0,wsdld_20000_24000.csv,WSD linear,wsdcon_3.csv|wsdcon_18.csv,WSD-con 3e-5 + WSD-con 18e-5,2,1
0.007265129575917493,none,0.007092288617290537,-2.3790485334203915,0.015218060043447295,0.0,100,1.0,cosine_72000.csv,Cosine,wsdcon_3.csv|wsdcon_18.csv,WSD-con 3e-5 + WSD-con 18e-5,2,1
0.0037480705220761528,none,0.0032766919776180876,-12.576565507016035,0.015218060043447295,0.0,100,1.0,wsd_20000_24000.csv,WSD sharp,wsdcon_3.csv|wsdcon_18.csv,WSD-con 3e-5 + WSD-con 18e-5,2,1
0.004934623402238123,none,0.0046574432779327175,-5.6170471728336775,0.015218060043447295,0.0,100,1.0,wsdcon_9.csv,WSD-con 9e-5,wsdcon_3.csv|wsdcon_18.csv,WSD-con 3e-5 + WSD-con 18e-5,2,1
0.003248313740665229,none,0.0029091111987875084,-10.442419327643348,0.015218060043447295,0.0,100,1.0,wsdld_20000_24000.csv,WSD linear,wsdcon_3.csv|wsdcon_18.csv,WSD-con 3e-5 + WSD-con 18e-5,2,1
0.007265129575917493,constant_0p85,0.007118214761084597,-2.022191253407102,0.0129353510369302,0.0,100,0.85,cosine_72000.csv,Cosine,wsdcon_3.csv|wsdcon_18.csv,WSD-con 3e-5 + WSD-con 18e-5,2,1
0.0037480705220761528,constant_0p85,0.0033473987592868,-10.690080680963565,0.0129353510369302,0.0,100,0.85,wsd_20000_24000.csv,WSD sharp,wsdcon_3.csv|wsdcon_18.csv,WSD-con 3e-5 + WSD-con 18e-5,2,1
0.004934623402238123,constant_0p85,0.004659427085133961,-5.576845377488082,0.0129353510369302,0.0,100,0.85,wsdcon_9.csv,WSD-con 9e-5,wsdcon_3.csv|wsdcon_18.csv,WSD-con 3e-5 + WSD-con 18e-5,2,1
0.003248313740665229,constant_0p85,0.0029599915800691784,-8.876056428496481,0.0129353510369302,0.0,100,0.85,wsdld_20000_24000.csv,WSD linear,wsdcon_3.csv|wsdcon_18.csv,WSD-con 3e-5 + WSD-con 18e-5,2,1
0.007265129575917493,train_size_rho0p25,0.007111493168249093,-2.114709807484716,0.013527164483064262,0.25,100,0.8888888888888888,cosine_72000.csv,Cosine,wsdcon_3.csv|wsdcon_18.csv,WSD-con 3e-5 + WSD-con 18e-5,2,1
0.0037480705220761528,train_size_rho0p25,0.0033290673714467564,-11.179169339569938,0.013527164483064262,0.25,100,0.8888888888888888,wsd_20000_24000.csv,WSD sharp,wsdcon_3.csv|wsdcon_18.csv,WSD-con 3e-5 + WSD-con 18e-5,2,1
0.004934623402238123,train_size_rho0p25,0.004656845682438633,-5.629157428173793,0.013527164483064262,0.25,100,0.8888888888888888,wsdcon_9.csv,WSD-con 9e-5,wsdcon_3.csv|wsdcon_18.csv,WSD-con 3e-5 + WSD-con 18e-5,2,1
0.003248313740665229,train_size_rho0p25,0.0029468003701072568,-9.282150513460707,0.013527164483064262,0.25,100,0.8888888888888888,wsdld_20000_24000.csv,WSD linear,wsdcon_3.csv|wsdcon_18.csv,WSD-con 3e-5 + WSD-con 18e-5,2,1
0.007265129575917493,train_size_rho0p35,0.0071180308877243316,-2.024722156102554,0.012951540462508336,0.35,100,0.851063829787234,cosine_72000.csv,Cosine,wsdcon_3.csv|wsdcon_18.csv,WSD-con 3e-5 + WSD-con 18e-5,2,1
0.0037480705220761528,train_size_rho0p35,0.003346897292750135,-10.703460005971221,0.012951540462508336,0.35,100,0.851063829787234,wsd_20000_24000.csv,WSD sharp,wsdcon_3.csv|wsdcon_18.csv,WSD-con 3e-5 + WSD-con 18e-5,2,1
0.004934623402238123,train_size_rho0p35,0.004659356469254778,-5.578276406229832,0.012951540462508336,0.35,100,0.851063829787234,wsdcon_9.csv,WSD-con 9e-5,wsdcon_3.csv|wsdcon_18.csv,WSD-con 3e-5 + WSD-con 18e-5,2,1
0.003248313740665229,train_size_rho0p35,0.0029596307263012097,-8.887165385228435,0.012951540462508336,0.35,100,0.851063829787234,wsdld_20000_24000.csv,WSD linear,wsdcon_3.csv|wsdcon_18.csv,WSD-con 3e-5 + WSD-con 18e-5,2,1
0.007265129575917493,train_size_rho0p5,0.0071268568090159315,-1.9032388267362643,0.012174448034757836,0.5,100,0.8,cosine_72000.csv,Cosine,wsdcon_3.csv|wsdcon_18.csv,WSD-con 3e-5 + WSD-con 18e-5,2,1
0.0037480705220761528,train_size_rho0p5,0.0033709676865096966,-10.06125240561293,0.012174448034757836,0.5,100,0.8,wsd_20000_24000.csv,WSD sharp,wsdcon_3.csv|wsdcon_18.csv,WSD-con 3e-5 + WSD-con 18e-5,2,1
0.004934623402238123,train_size_rho0p5,0.004662746031456541,-5.509587026606133,0.012174448034757836,0.5,100,0.8,wsdcon_9.csv,WSD-con 9e-5,wsdcon_3.csv|wsdcon_18.csv,WSD-con 3e-5 + WSD-con 18e-5,2,1
0.003248313740665229,train_size_rho0p5,0.0029769517071630575,-8.353935462114526,0.012174448034757836,0.5,100,0.8,wsdld_20000_24000.csv,WSD linear,wsdcon_3.csv|wsdcon_18.csv,WSD-con 3e-5 + WSD-con 18e-5,2,1
0.007265129575917493,train_size_rho0p75,0.007139427060552442,-1.730217115214716,0.011067680031598033,0.75,100,0.7272727272727273,cosine_72000.csv,Cosine,wsdcon_3.csv|wsdcon_18.csv,WSD-con 3e-5 + WSD-con 18e-5,2,1
0.0037480705220761528,train_size_rho0p75,0.0034052497624702765,-9.146593096011946,0.011067680031598033,0.75,100,0.7272727272727273,wsd_20000_24000.csv,WSD sharp,wsdcon_3.csv|wsdcon_18.csv,WSD-con 3e-5 + WSD-con 18e-5,2,1
0.004934623402238123,train_size_rho0p75,0.0046675735897439025,-5.41175669805114,0.011067680031598033,0.75,100,0.7272727272727273,wsdcon_9.csv,WSD-con 9e-5,wsdcon_3.csv|wsdcon_18.csv,WSD-con 3e-5 + WSD-con 18e-5,2,1
0.003248313740665229,train_size_rho0p75,0.0030016209829359774,-7.594486783740628,0.011067680031598033,0.75,100,0.7272727272727273,wsdld_20000_24000.csv,WSD linear,wsdcon_3.csv|wsdcon_18.csv,WSD-con 3e-5 + WSD-con 18e-5,2,1
0.007265129575917493,train_size_rho1p0,0.007149902270166186,-1.5860323556136313,0.010145373362298196,1.0,100,0.6666666666666666,cosine_72000.csv,Cosine,wsdcon_3.csv|wsdcon_18.csv,WSD-con 3e-5 + WSD-con 18e-5,2,1
0.0037480705220761528,train_size_rho1p0,0.003433818159104112,-8.38437700467728,0.010145373362298196,1.0,100,0.6666666666666666,wsd_20000_24000.csv,WSD sharp,wsdcon_3.csv|wsdcon_18.csv,WSD-con 3e-5 + WSD-con 18e-5,2,1
0.004934623402238123,train_size_rho1p0,0.0046715965549833875,-5.330231424254961,0.010145373362298196,1.0,100,0.6666666666666666,wsdcon_9.csv,WSD-con 9e-5,wsdcon_3.csv|wsdcon_18.csv,WSD-con 3e-5 + WSD-con 18e-5,2,1
0.003248313740665229,train_size_rho1p0,0.003022178712746748,-6.961612885095592,0.010145373362298196,1.0,100,0.6666666666666666,wsdld_20000_24000.csv,WSD linear,wsdcon_3.csv|wsdcon_18.csv,WSD-con 3e-5 + WSD-con 18e-5,2,1
0.007265129575917493,train_selected_rho,0.007092288617290537,-2.3790485334203915,0.015218060043447295,0.0,100,1.0,cosine_72000.csv,Cosine,wsdcon_3.csv|wsdcon_18.csv,WSD-con 3e-5 + WSD-con 18e-5,2,1
0.0037480705220761528,train_selected_rho,0.0032766919776180876,-12.576565507016035,0.015218060043447295,0.0,100,1.0,wsd_20000_24000.csv,WSD sharp,wsdcon_3.csv|wsdcon_18.csv,WSD-con 3e-5 + WSD-con 18e-5,2,1
0.004934623402238123,train_selected_rho,0.0046574432779327175,-5.6170471728336775,0.015218060043447295,0.0,100,1.0,wsdcon_9.csv,WSD-con 9e-5,wsdcon_3.csv|wsdcon_18.csv,WSD-con 3e-5 + WSD-con 18e-5,2,1
0.003248313740665229,train_selected_rho,0.0029091111987875084,-10.442419327643348,0.015218060043447295,0.0,100,1.0,wsdld_20000_24000.csv,WSD linear,wsdcon_3.csv|wsdcon_18.csv,WSD-con 3e-5 + WSD-con 18e-5,2,1
0.005612615040270773,none,0.005437181393962674,-3.125702458646362,0.023484595664765587,0.0,400,1.0,cosine_72000.csv,Cosine,wsdcon_3.csv|wsdcon_18.csv,WSD-con 3e-5 + WSD-con 18e-5,2,1
0.004701998914275349,none,0.003968382924388112,-15.602215212342262,0.023484595664765587,0.0,400,1.0,wsd_20000_24000.csv,WSD sharp,wsdcon_3.csv|wsdcon_18.csv,WSD-con 3e-5 + WSD-con 18e-5,2,1
0.006687305974578527,none,0.0061773643464692,-7.625516613832928,0.023484595664765587,0.0,400,1.0,wsdcon_9.csv,WSD-con 9e-5,wsdcon_3.csv|wsdcon_18.csv,WSD-con 3e-5 + WSD-con 18e-5,2,1
0.0038535563963712593,none,0.003326477774521588,-13.677719167312574,0.023484595664765587,0.0,400,1.0,wsdld_20000_24000.csv,WSD linear,wsdcon_3.csv|wsdcon_18.csv,WSD-con 3e-5 + WSD-con 18e-5,2,1
0.005612615040270773,constant_0p85,0.005462840410827685,-2.6685355822276824,0.019961906315050747,0.0,400,0.85,cosine_72000.csv,Cosine,wsdcon_3.csv|wsdcon_18.csv,WSD-con 3e-5 + WSD-con 18e-5,2,1
0.004701998914275349,constant_0p85,0.004078425322871203,-13.26188293049081,0.019961906315050747,0.0,400,0.85,wsd_20000_24000.csv,WSD sharp,wsdcon_3.csv|wsdcon_18.csv,WSD-con 3e-5 + WSD-con 18e-5,2,1
0.006687305974578527,constant_0p85,0.006224320848975799,-6.923342933054721,0.019961906315050747,0.0,400,0.85,wsdcon_9.csv,WSD-con 9e-5,wsdcon_3.csv|wsdcon_18.csv,WSD-con 3e-5 + WSD-con 18e-5,2,1
0.0038535563963712593,constant_0p85,0.0034055395677990304,-11.626061292215905,0.019961906315050747,0.0,400,0.85,wsdld_20000_24000.csv,WSD linear,wsdcon_3.csv|wsdcon_18.csv,WSD-con 3e-5 + WSD-con 18e-5,2,1
0.005612615040270773,train_size_rho0p25,0.00545615774556672,-2.7876006742216464,0.0208751961464583,0.25,400,0.8888888888888888,cosine_72000.csv,Cosine,wsdcon_3.csv|wsdcon_18.csv,WSD-con 3e-5 + WSD-con 18e-5,2,1
0.004701998914275349,train_size_rho0p25,0.0040498958121533545,-13.86863574430437,0.0208751961464583,0.25,400,0.8888888888888888,wsd_20000_24000.csv,WSD sharp,wsdcon_3.csv|wsdcon_18.csv,WSD-con 3e-5 + WSD-con 18e-5,2,1
0.006687305974578527,train_size_rho0p25,0.0062107200401986555,-7.126725413665691,0.0208751961464583,0.25,400,0.8888888888888888,wsdcon_9.csv,WSD-con 9e-5,wsdcon_3.csv|wsdcon_18.csv,WSD-con 3e-5 + WSD-con 18e-5,2,1
0.0038535563963712593,train_size_rho0p25,0.003385042065838206,-12.157972593167043,0.0208751961464583,0.25,400,0.8888888888888888,wsdld_20000_24000.csv,WSD linear,wsdcon_3.csv|wsdcon_18.csv,WSD-con 3e-5 + WSD-con 18e-5,2,1
0.005612615040270773,train_size_rho0p35,0.005462657602355499,-2.6717926820087,0.019986889927460075,0.35,400,0.851063829787234,cosine_72000.csv,Cosine,wsdcon_3.csv|wsdcon_18.csv,WSD-con 3e-5 + WSD-con 18e-5,2,1
0.004701998914275349,train_size_rho0p35,0.004077644880328767,-13.278481031780586,0.019986889927460075,0.35,400,0.851063829787234,wsd_20000_24000.csv,WSD sharp,wsdcon_3.csv|wsdcon_18.csv,WSD-con 3e-5 + WSD-con 18e-5,2,1
0.006687305974578527,train_size_rho0p35,0.006223906318839865,-6.92954169437221,0.019986889927460075,0.35,400,0.851063829787234,wsdcon_9.csv,WSD-con 9e-5,wsdcon_3.csv|wsdcon_18.csv,WSD-con 3e-5 + WSD-con 18e-5,2,1
0.0038535563963712593,train_size_rho0p35,0.0034049788458608886,-11.640612057287614,0.019986889927460075,0.35,400,0.851063829787234,wsdld_20000_24000.csv,WSD linear,wsdcon_3.csv|wsdcon_18.csv,WSD-con 3e-5 + WSD-con 18e-5,2,1
0.005612615040270773,train_size_rho0p5,0.005471432409020348,-2.515451892521281,0.018787676531812472,0.5,400,0.8,cosine_72000.csv,Cosine,wsdcon_3.csv|wsdcon_18.csv,WSD-con 3e-5 + WSD-con 18e-5,2,1
0.004701998914275349,train_size_rho0p5,0.004115106122365554,-12.481772169873928,0.018787676531812472,0.5,400,0.8,wsd_20000_24000.csv,WSD sharp,wsdcon_3.csv|wsdcon_18.csv,WSD-con 3e-5 + WSD-con 18e-5,2,1
0.006687305974578527,train_size_rho0p5,0.006243803765363745,-6.632001151147193,0.018787676531812472,0.5,400,0.8,wsdcon_9.csv,WSD-con 9e-5,wsdcon_3.csv|wsdcon_18.csv,WSD-con 3e-5 + WSD-con 18e-5,2,1
0.0038535563963712593,train_size_rho0p5,0.003431893498891512,-10.942175333850324,0.018787676531812472,0.5,400,0.8,wsdld_20000_24000.csv,WSD linear,wsdcon_3.csv|wsdcon_18.csv,WSD-con 3e-5 + WSD-con 18e-5,2,1
0.005612615040270773,train_size_rho0p75,0.00548394624157503,-2.292492853554695,0.017079705938011336,0.75,400,0.7272727272727273,cosine_72000.csv,Cosine,wsdcon_3.csv|wsdcon_18.csv,WSD-con 3e-5 + WSD-con 18e-5,2,1
0.004701998914275349,train_size_rho0p75,0.004168460012539168,-11.34706560897637,0.017079705938011336,0.75,400,0.7272727272727273,wsd_20000_24000.csv,WSD sharp,wsdcon_3.csv|wsdcon_18.csv,WSD-con 3e-5 + WSD-con 18e-5,2,1
0.006687305974578527,train_size_rho0p75,0.0062721425528371655,-6.208231286553745,0.017079705938011336,0.75,400,0.7272727272727273,wsdcon_9.csv,WSD-con 9e-5,wsdcon_3.csv|wsdcon_18.csv,WSD-con 3e-5 + WSD-con 18e-5,2,1
0.0038535563963712593,train_size_rho0p75,0.003470226489571494,-9.947432121681988,0.017079705938011336,0.75,400,0.7272727272727273,wsdld_20000_24000.csv,WSD linear,wsdcon_3.csv|wsdcon_18.csv,WSD-con 3e-5 + WSD-con 18e-5,2,1
0.005612615040270773,train_size_rho1p0,0.005494385865791901,-2.106489998522487,0.015656397109843723,1.0,400,0.6666666666666666,cosine_72000.csv,Cosine,wsdcon_3.csv|wsdcon_18.csv,WSD-con 3e-5 + WSD-con 18e-5,2,1
0.004701998914275349,train_size_rho1p0,0.0042129215876838474,-10.401476808228393,0.015656397109843723,1.0,400,0.6666666666666666,wsd_20000_24000.csv,WSD sharp,wsdcon_3.csv|wsdcon_18.csv,WSD-con 3e-5 + WSD-con 18e-5,2,1
0.006687305974578527,train_size_rho1p0,0.006297207337038728,-5.833419900670633,0.015656397109843723,1.0,400,0.6666666666666666,wsdcon_9.csv,WSD-con 9e-5,wsdcon_3.csv|wsdcon_18.csv,WSD-con 3e-5 + WSD-con 18e-5,2,1
0.0038535563963712593,train_size_rho1p0,0.0035021706484714803,-9.118479444875005,0.015656397109843723,1.0,400,0.6666666666666666,wsdld_20000_24000.csv,WSD linear,wsdcon_3.csv|wsdcon_18.csv,WSD-con 3e-5 + WSD-con 18e-5,2,1
0.005612615040270773,train_selected_rho,0.005437181393962674,-3.125702458646362,0.023484595664765587,0.0,400,1.0,cosine_72000.csv,Cosine,wsdcon_3.csv|wsdcon_18.csv,WSD-con 3e-5 + WSD-con 18e-5,2,1
0.004701998914275349,train_selected_rho,0.003968382924388112,-15.602215212342262,0.023484595664765587,0.0,400,1.0,wsd_20000_24000.csv,WSD sharp,wsdcon_3.csv|wsdcon_18.csv,WSD-con 3e-5 + WSD-con 18e-5,2,1
0.006687305974578527,train_selected_rho,0.0061773643464692,-7.625516613832928,0.023484595664765587,0.0,400,1.0,wsdcon_9.csv,WSD-con 9e-5,wsdcon_3.csv|wsdcon_18.csv,WSD-con 3e-5 + WSD-con 18e-5,2,1
0.0038535563963712593,train_selected_rho,0.003326477774521588,-13.677719167312574,0.023484595664765587,0.0,400,1.0,wsdld_20000_24000.csv,WSD linear,wsdcon_3.csv|wsdcon_18.csv,WSD-con 3e-5 + WSD-con 18e-5,2,1
0.00744534704076948,none,0.007307540764840911,-1.8509046680291186,0.012129325199128784,0.0,25,1.0,cosine_72000.csv,Cosine,wsdcon_9.csv|wsdcon_18.csv,WSD-con 9e-5 + WSD-con 18e-5,2,1
0.003408385839825258,none,0.003030470651183534,-11.087805383591743,0.012129325199128784,0.0,25,1.0,wsd_20000_24000.csv,WSD sharp,wsdcon_9.csv|wsdcon_18.csv,WSD-con 9e-5 + WSD-con 18e-5,2,1
0.004487187642230267,none,0.0029337350616041175,-34.61973744993729,0.012129325199128784,0.0,25,1.0,wsdcon_3.csv,WSD-con 3e-5,wsdcon_9.csv|wsdcon_18.csv,WSD-con 9e-5 + WSD-con 18e-5,2,1
0.0031360955249893426,none,0.0028641489247280853,-8.671502449281466,0.012129325199128784,0.0,25,1.0,wsdld_20000_24000.csv,WSD linear,wsdcon_9.csv|wsdcon_18.csv,WSD-con 9e-5 + WSD-con 18e-5,2,1
0.00744534704076948,constant_0p85,0.007328211706230198,-1.5732689678247258,0.010309926419259466,0.0,25,0.85,cosine_72000.csv,Cosine,wsdcon_9.csv|wsdcon_18.csv,WSD-con 9e-5 + WSD-con 18e-5,2,1
0.003408385839825258,constant_0p85,0.0030871579294797858,-9.424634576053192,0.010309926419259466,0.0,25,0.85,wsd_20000_24000.csv,WSD sharp,wsdcon_9.csv|wsdcon_18.csv,WSD-con 9e-5 + WSD-con 18e-5,2,1
0.004487187642230267,constant_0p85,0.003076300979897547,-31.44255990220787,0.010309926419259466,0.0,25,0.85,wsdcon_3.csv,WSD-con 3e-5,wsdcon_9.csv|wsdcon_18.csv,WSD-con 9e-5 + WSD-con 18e-5,2,1
0.0031360955249893426,constant_0p85,0.0029049409147672654,-7.370777081889512,0.010309926419259466,0.0,25,0.85,wsdld_20000_24000.csv,WSD linear,wsdcon_9.csv|wsdcon_18.csv,WSD-con 9e-5 + WSD-con 18e-5,2,1
0.00744534704076948,train_size_rho0p25,0.007322852573277416,-1.6452485938036832,0.010781622399225586,0.25,25,0.8888888888888888,cosine_72000.csv,Cosine,wsdcon_9.csv|wsdcon_18.csv,WSD-con 9e-5 + WSD-con 18e-5,2,1
0.003408385839825258,train_size_rho0p25,0.0030724612276992833,-9.855827007637041,0.010781622399225586,0.25,25,0.8888888888888888,wsd_20000_24000.csv,WSD sharp,wsdcon_9.csv|wsdcon_18.csv,WSD-con 9e-5 + WSD-con 18e-5,2,1
0.004487187642230267,train_size_rho0p25,0.0030359621273030202,-32.341538411929314,0.010781622399225586,0.25,25,0.8888888888888888,wsdcon_3.csv,WSD-con 3e-5,wsdcon_9.csv|wsdcon_18.csv,WSD-con 9e-5 + WSD-con 18e-5,2,1
0.0031360955249893426,train_size_rho0p25,0.002894365213646002,-7.708002177139106,0.010781622399225586,0.25,25,0.8888888888888888,wsdld_20000_24000.csv,WSD linear,wsdcon_9.csv|wsdcon_18.csv,WSD-con 9e-5 + WSD-con 18e-5,2,1
0.00744534704076948,train_size_rho0p35,0.007328065103808998,-1.5752380153438938,0.010322829956705349,0.35,25,0.851063829787234,cosine_72000.csv,Cosine,wsdcon_9.csv|wsdcon_18.csv,WSD-con 9e-5 + WSD-con 18e-5,2,1
0.003408385839825258,train_size_rho0p35,0.0030867558920450724,-9.43643011369496,0.010322829956705349,0.35,25,0.851063829787234,wsd_20000_24000.csv,WSD sharp,wsdcon_9.csv|wsdcon_18.csv,WSD-con 9e-5 + WSD-con 18e-5,2,1
0.004487187642230267,train_size_rho0p35,0.0030751974854496913,-31.467152019494648,0.010322829956705349,0.35,25,0.851063829787234,wsdcon_3.csv,WSD-con 3e-5,wsdcon_9.csv|wsdcon_18.csv,WSD-con 9e-5 + WSD-con 18e-5,2,1
0.0031360955249893426,train_size_rho0p35,0.002904651609873384,-7.380002084494707,0.010322829956705349,0.35,25,0.851063829787234,wsdld_20000_24000.csv,WSD linear,wsdcon_9.csv|wsdcon_18.csv,WSD-con 9e-5 + WSD-con 18e-5,2,1
0.00744534704076948,train_size_rho0p5,0.007335102020026629,-1.4807237344232282,0.009703460159303028,0.5,25,0.8,cosine_72000.csv,Cosine,wsdcon_9.csv|wsdcon_18.csv,WSD-con 9e-5 + WSD-con 18e-5,2,1
0.003408385839825258,train_size_rho0p5,0.0031060536889118717,-8.870244306873609,0.009703460159303028,0.5,25,0.8,wsd_20000_24000.csv,WSD sharp,wsdcon_9.csv|wsdcon_18.csv,WSD-con 9e-5 + WSD-con 18e-5,2,1
0.004487187642230267,train_size_rho0p5,0.0031338360580417507,-30.16035191957919,0.009703460159303028,0.5,25,0.8,wsdcon_3.csv,WSD-con 3e-5,wsdcon_9.csv|wsdcon_18.csv,WSD-con 9e-5 + WSD-con 18e-5,2,1
0.0031360955249893426,train_size_rho0p5,0.0029185382447803458,-6.937201959424888,0.009703460159303028,0.5,25,0.8,wsdld_20000_24000.csv,WSD linear,wsdcon_9.csv|wsdcon_18.csv,WSD-con 9e-5 + WSD-con 18e-5,2,1
0.00744534704076948,train_size_rho0p75,0.0073451242946396145,-1.3461124858393125,0.008821327417548206,0.75,25,0.7272727272727273,cosine_72000.csv,Cosine,wsdcon_9.csv|wsdcon_18.csv,WSD-con 9e-5 + WSD-con 18e-5,2,1
0.003408385839825258,train_size_rho0p75,0.003133538429903996,-8.063858460794238,0.008821327417548206,0.75,25,0.7272727272727273,wsd_20000_24000.csv,WSD sharp,wsdcon_9.csv|wsdcon_18.csv,WSD-con 9e-5 + WSD-con 18e-5,2,1
0.004487187642230267,train_size_rho0p75,0.0032355114043782,-27.894448319302878,0.008821327417548206,0.75,25,0.7272727272727273,wsdcon_3.csv,WSD-con 3e-5,wsdcon_9.csv|wsdcon_18.csv,WSD-con 9e-5 + WSD-con 18e-5,2,1
0.0031360955249893426,train_size_rho0p75,0.0029383161793447923,-6.3065472358410535,0.008821327417548206,0.75,25,0.7272727272727273,wsdld_20000_24000.csv,WSD linear,wsdcon_9.csv|wsdcon_18.csv,WSD-con 9e-5 + WSD-con 18e-5,2,1
0.00744534704076948,train_size_rho1p0,0.007353476190150435,-1.2339364453527346,0.008086216799419189,1.0,25,0.6666666666666666,cosine_72000.csv,Cosine,wsdcon_9.csv|wsdcon_18.csv,WSD-con 9e-5 + WSD-con 18e-5,2,1
0.003408385839825258,train_size_rho1p0,0.003156442380730771,-7.391870255727961,0.008086216799419189,1.0,25,0.6666666666666666,wsd_20000_24000.csv,WSD sharp,wsdcon_9.csv|wsdcon_18.csv,WSD-con 9e-5 + WSD-con 18e-5,2,1
0.004487187642230267,train_size_rho1p0,0.0033267446321770754,-25.86125436636335,0.008086216799419189,1.0,25,0.6666666666666666,wsdcon_3.csv,WSD-con 3e-5,wsdcon_9.csv|wsdcon_18.csv,WSD-con 9e-5 + WSD-con 18e-5,2,1
0.0031360955249893426,train_size_rho1p0,0.002954797791481842,-5.781001632854165,0.008086216799419189,1.0,25,0.6666666666666666,wsdld_20000_24000.csv,WSD linear,wsdcon_9.csv|wsdcon_18.csv,WSD-con 9e-5 + WSD-con 18e-5,2,1
0.00744534704076948,train_selected_rho,0.007314102968456554,-1.7627663505039526,0.011551738284884556,0.1,25,0.9523809523809523,cosine_72000.csv,Cosine,wsdcon_9.csv|wsdcon_18.csv,WSD-con 9e-5 + WSD-con 18e-5,2,1
0.003408385839825258,train_selected_rho,0.0030484666125474187,-10.559814651039968,0.011551738284884556,0.1,25,0.9523809523809523,wsd_20000_24000.csv,WSD sharp,wsdcon_9.csv|wsdcon_18.csv,WSD-con 9e-5 + WSD-con 18e-5,2,1
0.004487187642230267,train_selected_rho,0.0029755587153169815,-33.68766914685922,0.011551738284884556,0.1,25,0.9523809523809523,wsdcon_3.csv,WSD-con 3e-5,wsdcon_9.csv|wsdcon_18.csv,WSD-con 9e-5 + WSD-con 18e-5,2,1
0.0031360955249893426,train_selected_rho,0.002877098762835766,-8.258573761220378,0.011551738284884556,0.1,25,0.9523809523809523,wsdld_20000_24000.csv,WSD linear,wsdcon_9.csv|wsdcon_18.csv,WSD-con 9e-5 + WSD-con 18e-5,2,1
0.007265129575917493,none,0.007089266691258719,-2.4206434698938573,0.015484130378653182,0.0,100,1.0,cosine_72000.csv,Cosine,wsdcon_9.csv|wsdcon_18.csv,WSD-con 9e-5 + WSD-con 18e-5,2,1
0.0037480705220761528,none,0.0032684504641153924,-12.79645233823099,0.015484130378653182,0.0,100,1.0,wsd_20000_24000.csv,WSD sharp,wsdcon_9.csv|wsdcon_18.csv,WSD-con 9e-5 + WSD-con 18e-5,2,1
0.0056693997340904675,none,0.004485278398081886,-20.886185337900653,0.015484130378653182,0.0,100,1.0,wsdcon_3.csv,WSD-con 3e-5,wsdcon_9.csv|wsdcon_18.csv,WSD-con 9e-5 + WSD-con 18e-5,2,1
0.003248313740665229,none,0.002903180631174922,-10.624993059310416,0.015484130378653182,0.0,100,1.0,wsdld_20000_24000.csv,WSD linear,wsdcon_9.csv|wsdcon_18.csv,WSD-con 9e-5 + WSD-con 18e-5,2,1
0.007265129575917493,constant_0p85,0.007115646123957528,-2.057546949409872,0.013161510821855205,0.0,100,0.85,cosine_72000.csv,Cosine,wsdcon_9.csv|wsdcon_18.csv,WSD-con 9e-5 + WSD-con 18e-5,2,1
0.0037480705220761528,constant_0p85,0.0033403934728095065,-10.876984487496344,0.013161510821855205,0.0,100,0.85,wsd_20000_24000.csv,WSD sharp,wsdcon_9.csv|wsdcon_18.csv,WSD-con 9e-5 + WSD-con 18e-5,2,1
0.0056693997340904675,constant_0p85,0.004570523982866329,-19.382576688260798,0.013161510821855205,0.0,100,0.85,wsdcon_3.csv,WSD-con 3e-5,wsdcon_9.csv|wsdcon_18.csv,WSD-con 9e-5 + WSD-con 18e-5,2,1
0.003248313740665229,constant_0p85,0.002954950597598469,-9.031244100413815,0.013161510821855205,0.0,100,0.85,wsdld_20000_24000.csv,WSD linear,wsdcon_9.csv|wsdcon_18.csv,WSD-con 9e-5 + WSD-con 18e-5,2,1
0.007265129575917493,train_size_rho0p25,0.007108807011776366,-2.151683084350009,0.013763671447691717,0.25,100,0.8888888888888888,cosine_72000.csv,Cosine,wsdcon_9.csv|wsdcon_18.csv,WSD-con 9e-5 + WSD-con 18e-5,2,1
0.0037480705220761528,train_size_rho0p25,0.0033217415816665873,-11.374624300649783,0.013763671447691717,0.25,100,0.8888888888888888,wsd_20000_24000.csv,WSD sharp,wsdcon_9.csv|wsdcon_18.csv,WSD-con 9e-5 + WSD-con 18e-5,2,1
0.0056693997340904675,train_size_rho0p25,0.004545620221454255,-19.82184297005648,0.013763671447691717,0.25,100,0.8888888888888888,wsdcon_3.csv,WSD-con 3e-5,wsdcon_9.csv|wsdcon_18.csv,WSD-con 9e-5 + WSD-con 18e-5,2,1
0.003248313740665229,train_size_rho0p25,0.0029415287544516232,-9.444438274942568,0.013763671447691717,0.25,100,0.8888888888888888,wsdld_20000_24000.csv,WSD linear,wsdcon_9.csv|wsdcon_18.csv,WSD-con 9e-5 + WSD-con 18e-5,2,1
0.007265129575917493,train_size_rho0p35,0.007115459035782371,-2.060122102037254,0.013177983300981432,0.35,100,0.851063829787234,cosine_72000.csv,Cosine,wsdcon_9.csv|wsdcon_18.csv,WSD-con 9e-5 + WSD-con 18e-5,2,1
0.0037480705220761528,train_size_rho0p35,0.003339883238705297,-10.890597734664563,0.013177983300981432,0.35,100,0.851063829787234,wsd_20000_24000.csv,WSD sharp,wsdcon_9.csv|wsdcon_18.csv,WSD-con 9e-5 + WSD-con 18e-5,2,1
0.0056693997340904675,train_size_rho0p35,0.004569737331187197,-19.39645208452897,0.013177983300981432,0.35,100,0.851063829787234,wsdcon_3.csv,WSD-con 3e-5,wsdcon_9.csv|wsdcon_18.csv,WSD-con 9e-5 + WSD-con 18e-5,2,1
0.003248313740665229,train_size_rho0p35,0.0029545834347160325,-9.042547284519465,0.013177983300981432,0.35,100,0.851063829787234,wsdld_20000_24000.csv,WSD linear,wsdcon_9.csv|wsdcon_18.csv,WSD-con 9e-5 + WSD-con 18e-5,2,1
0.007265129575917493,train_size_rho0p5,0.007124439268190469,-1.9365147759151546,0.012387304302922546,0.5,100,0.8,cosine_72000.csv,Cosine,wsdcon_9.csv|wsdcon_18.csv,WSD-con 9e-5 + WSD-con 18e-5,2,1
0.0037480705220761528,train_size_rho0p5,0.0033643744757075405,-10.237161870584899,0.012387304302922546,0.5,100,0.8,wsd_20000_24000.csv,WSD sharp,wsdcon_9.csv|wsdcon_18.csv,WSD-con 9e-5 + WSD-con 18e-5,2,1
0.0056693997340904675,train_size_rho0p5,0.004607496611785577,-18.730433063655727,0.012387304302922546,0.5,100,0.8,wsdcon_3.csv,WSD-con 3e-5,wsdcon_9.csv|wsdcon_18.csv,WSD-con 9e-5 + WSD-con 18e-5,2,1
0.003248313740665229,train_size_rho0p5,0.00297220725307298,-8.499994447448433,0.012387304302922546,0.5,100,0.8,wsdld_20000_24000.csv,WSD linear,wsdcon_9.csv|wsdcon_18.csv,WSD-con 9e-5 + WSD-con 18e-5,2,1
0.007265129575917493,train_size_rho0p75,0.007137229296165657,-1.7604679781046184,0.011261185729929587,0.75,100,0.7272727272727273,cosine_72000.csv,Cosine,wsdcon_9.csv|wsdcon_18.csv,WSD-con 9e-5 + WSD-con 18e-5,2,1
0.0037480705220761528,train_size_rho0p75,0.003399255934468334,-9.306510791440525,0.011261185729929587,0.75,100,0.7272727272727273,wsd_20000_24000.csv,WSD sharp,wsdcon_9.csv|wsdcon_18.csv,WSD-con 9e-5 + WSD-con 18e-5,2,1
0.0056693997340904675,train_size_rho0p75,0.004665905457434591,-17.700185623211585,0.011261185729929587,0.75,100,0.7272727272727273,wsdcon_3.csv,WSD-con 3e-5,wsdcon_9.csv|wsdcon_18.csv,WSD-con 9e-5 + WSD-con 18e-5,2,1
0.003248313740665229,train_size_rho0p75,0.0029973078428541045,-7.72726767949824,0.011261185729929587,0.75,100,0.7272727272727273,wsdld_20000_24000.csv,WSD linear,wsdcon_9.csv|wsdcon_18.csv,WSD-con 9e-5 + WSD-con 18e-5,2,1
0.007265129575917493,train_size_rho1p0,0.007147887652811646,-1.6137623132625345,0.010322753585768788,1.0,100,0.6666666666666666,cosine_72000.csv,Cosine,wsdcon_9.csv|wsdcon_18.csv,WSD-con 9e-5 + WSD-con 18e-5,2,1
0.0037480705220761528,train_size_rho1p0,0.003428323816768975,-8.530968225487435,0.010322753585768788,1.0,100,0.6666666666666666,wsd_20000_24000.csv,WSD sharp,wsdcon_9.csv|wsdcon_18.csv,WSD-con 9e-5 + WSD-con 18e-5,2,1
0.0056693997340904675,train_size_rho1p0,0.004720398867054658,-16.73900080337264,0.010322753585768788,1.0,100,0.6666666666666666,wsdcon_3.csv,WSD-con 3e-5,wsdcon_9.csv|wsdcon_18.csv,WSD-con 9e-5 + WSD-con 18e-5,2,1
0.003248313740665229,train_size_rho1p0,0.0030182250010050205,-7.083328706207059,0.010322753585768788,1.0,100,0.6666666666666666,wsdld_20000_24000.csv,WSD linear,wsdcon_9.csv|wsdcon_18.csv,WSD-con 9e-5 + WSD-con 18e-5,2,1
0.007265129575917493,train_selected_rho,0.007097641114337702,-2.305374733232335,0.014746790836812554,0.1,100,0.9523809523809523,cosine_72000.csv,Cosine,wsdcon_9.csv|wsdcon_18.csv,WSD-con 9e-5 + WSD-con 18e-5,2,1
0.0037480705220761528,train_selected_rho,0.0032912895144944785,-12.187097464981832,0.014746790836812554,0.1,100,0.9523809523809523,wsd_20000_24000.csv,WSD sharp,wsdcon_9.csv|wsdcon_18.csv,WSD-con 9e-5 + WSD-con 18e-5,2,1
0.0056693997340904675,train_selected_rho,0.0045085836960431945,-20.475113636232265,0.014746790836812554,0.1,100,0.9523809523809523,wsdcon_3.csv,WSD-con 3e-5,wsdcon_9.csv|wsdcon_18.csv,WSD-con 9e-5 + WSD-con 18e-5,2,1
0.003248313740665229,train_selected_rho,0.0029196155411506564,-10.11904100886689,0.014746790836812554,0.1,100,0.9523809523809523,wsdld_20000_24000.csv,WSD linear,wsdcon_9.csv|wsdcon_18.csv,WSD-con 9e-5 + WSD-con 18e-5,2,1
0.005612615040270773,none,0.005415729795627387,-3.507905730764105,0.026496855114218922,0.0,400,1.0,cosine_72000.csv,Cosine,wsdcon_9.csv|wsdcon_18.csv,WSD-con 9e-5 + WSD-con 18e-5,2,1
0.004701998914275349,none,0.0038742854262087648,-17.60343851959709,0.026496855114218922,0.0,400,1.0,wsd_20000_24000.csv,WSD sharp,wsdcon_9.csv|wsdcon_18.csv,WSD-con 9e-5 + WSD-con 18e-5,2,1
0.008173606778800102,none,0.005378123275710949,-34.20134560840147,0.026496855114218922,0.0,400,1.0,wsdcon_3.csv,WSD-con 3e-5,wsdcon_9.csv|wsdcon_18.csv,WSD-con 9e-5 + WSD-con 18e-5,2,1
0.0038535563963712593,none,0.003258871860332743,-15.432096351269365,0.026496855114218922,0.0,400,1.0,wsdld_20000_24000.csv,WSD linear,wsdcon_9.csv|wsdcon_18.csv,WSD-con 9e-5 + WSD-con 18e-5,2,1
0.005612615040270773,constant_0p85,0.005444137320291061,-3.0017686723724513,0.022522326847086084,0.0,400,0.85,cosine_72000.csv,Cosine,wsdcon_9.csv|wsdcon_18.csv,WSD-con 9e-5 + WSD-con 18e-5,2,1
0.004701998914275349,constant_0p85,0.0039984424494187475,-14.962922741657636,0.022522326847086084,0.0,400,0.85,wsd_20000_24000.csv,WSD sharp,wsdcon_9.csv|wsdcon_18.csv,WSD-con 9e-5 + WSD-con 18e-5,2,1
0.008173606778800102,constant_0p85,0.005664620654399444,-30.6961931531649,0.022522326847086084,0.0,400,0.85,wsdcon_3.csv,WSD-con 3e-5,wsdcon_9.csv|wsdcon_18.csv,WSD-con 9e-5 + WSD-con 18e-5,2,1
0.0038535563963712593,constant_0p85,0.0033480745407385277,-13.11728189857877,0.022522326847086084,0.0,400,0.85,wsdld_20000_24000.csv,WSD linear,wsdcon_9.csv|wsdcon_18.csv,WSD-con 9e-5 + WSD-con 18e-5,2,1
0.005612615040270773,train_size_rho0p25,0.005436692390156302,-3.1344150427602413,0.02355276010152793,0.25,400,0.8888888888888888,cosine_72000.csv,Cosine,wsdcon_9.csv|wsdcon_18.csv,WSD-con 9e-5 + WSD-con 18e-5,2,1
0.004701998914275349,train_size_rho0p25,0.003966253591549496,-15.647500906308531,0.02355276010152793,0.25,400,0.8888888888888888,wsd_20000_24000.csv,WSD sharp,wsdcon_9.csv|wsdcon_18.csv,WSD-con 9e-5 + WSD-con 18e-5,2,1
0.008173606778800102,train_size_rho0p25,0.005584046706081305,-31.681975201392653,0.02355276010152793,0.25,400,0.8888888888888888,wsdcon_3.csv,WSD-con 3e-5,wsdcon_9.csv|wsdcon_18.csv,WSD-con 9e-5 + WSD-con 18e-5,2,1
0.0038535563963712593,train_size_rho0p25,0.003324947919892592,-13.717418978905737,0.02355276010152793,0.25,400,0.8888888888888888,wsdld_20000_24000.csv,WSD linear,wsdcon_9.csv|wsdcon_18.csv,WSD-con 9e-5 + WSD-con 18e-5,2,1
0.005612615040270773,train_size_rho0p35,0.005443933077864583,-3.0054076610615543,0.022550514990824614,0.35,400,0.851063829787234,cosine_72000.csv,Cosine,wsdcon_9.csv|wsdcon_18.csv,WSD-con 9e-5 + WSD-con 18e-5,2,1
0.004701998914275349,train_size_rho0p35,0.003997561903154854,-14.981649803912378,0.022550514990824614,0.35,400,0.851063829787234,wsd_20000_24000.csv,WSD sharp,wsdcon_9.csv|wsdcon_18.csv,WSD-con 9e-5 + WSD-con 18e-5,2,1
0.008173606778800102,train_size_rho0p35,0.005662415653789922,-30.723170235243767,0.022550514990824614,0.35,400,0.851063829787234,wsdcon_3.csv,WSD-con 3e-5,wsdcon_9.csv|wsdcon_18.csv,WSD-con 9e-5 + WSD-con 18e-5,2,1
0.0038535563963712593,train_size_rho0p35,0.00334744189761508,-13.133699022356781,0.022550514990824614,0.35,400,0.851063829787234,wsdld_20000_24000.csv,WSD linear,wsdcon_9.csv|wsdcon_18.csv,WSD-con 9e-5 + WSD-con 18e-5,2,1
0.005612615040270773,train_size_rho0p5,0.0054537995210694684,-2.829617175982957,0.02119748409137514,0.5,400,0.8,cosine_72000.csv,Cosine,wsdcon_9.csv|wsdcon_18.csv,WSD-con 9e-5 + WSD-con 18e-5,2,1
0.004701998914275349,train_size_rho0p5,0.004039828123822087,-14.082750815677569,0.02119748409137514,0.5,400,0.8,wsd_20000_24000.csv,WSD sharp,wsdcon_9.csv|wsdcon_18.csv,WSD-con 9e-5 + WSD-con 18e-5,2,1
0.008173606778800102,train_size_rho0p5,0.00577482017210903,-29.347957047711294,0.02119748409137514,0.5,400,0.8,wsdcon_3.csv,WSD-con 3e-5,wsdcon_9.csv|wsdcon_18.csv,WSD-con 9e-5 + WSD-con 18e-5,2,1
0.0038535563963712593,train_size_rho0p5,0.0033778087675404526,-12.345677081015328,0.02119748409137514,0.5,400,0.8,wsdld_20000_24000.csv,WSD linear,wsdcon_9.csv|wsdcon_18.csv,WSD-con 9e-5 + WSD-con 18e-5,2,1
0.005612615040270773,train_size_rho0p75,0.005467899962799789,-2.5783895106407106,0.01927044008306831,0.75,400,0.7272727272727273,cosine_72000.csv,Cosine,wsdcon_9.csv|wsdcon_18.csv,WSD-con 9e-5 + WSD-con 18e-5,2,1
0.004701998914275349,train_size_rho0p75,0.00410002546840874,-12.802500741525213,0.01927044008306831,0.75,400,0.7272727272727273,wsd_20000_24000.csv,WSD sharp,wsdcon_9.csv|wsdcon_18.csv,WSD-con 9e-5 + WSD-con 18e-5,2,1
0.008173606778800102,train_size_rho0p75,0.005945632961538522,-27.25814781107748,0.01927044008306831,0.75,400,0.7272727272727273,wsdcon_3.csv,WSD-con 3e-5,wsdcon_9.csv|wsdcon_18.csv,WSD-con 9e-5 + WSD-con 18e-5,2,1
0.0038535563963712593,train_size_rho0p75,0.003421058551979616,-11.223342800923053,0.01927044008306831,0.75,400,0.7272727272727273,wsdld_20000_24000.csv,WSD linear,wsdcon_9.csv|wsdcon_18.csv,WSD-con 9e-5 + WSD-con 18e-5,2,1
0.005612615040270773,train_size_rho1p0,0.0054796564053151775,-2.368924895108815,0.017664570076145948,1.0,400,0.6666666666666666,cosine_72000.csv,Cosine,wsdcon_9.csv|wsdcon_18.csv,WSD-con 9e-5 + WSD-con 18e-5,2,1
0.004701998914275349,train_size_rho1p0,0.004150189922230963,-11.73562567973132,0.017664570076145948,1.0,400,0.6666666666666666,wsd_20000_24000.csv,WSD sharp,wsdcon_9.csv|wsdcon_18.csv,WSD-con 9e-5 + WSD-con 18e-5,2,1
0.008173606778800102,train_size_rho1p0,0.006096412343764264,-25.413437314154397,0.017664570076145948,1.0,400,0.6666666666666666,wsdcon_3.csv,WSD-con 3e-5,wsdcon_9.csv|wsdcon_18.csv,WSD-con 9e-5 + WSD-con 18e-5,2,1
0.0038535563963712593,train_size_rho1p0,0.0034571000390122442,-10.288064234179684,0.017664570076145948,1.0,400,0.6666666666666666,wsdld_20000_24000.csv,WSD linear,wsdcon_9.csv|wsdcon_18.csv,WSD-con 9e-5 + WSD-con 18e-5,2,1
0.005612615040270773,train_selected_rho,0.005424690457283065,-3.34825356165247,0.025235100108779926,0.1,400,0.9523809523809523,cosine_72000.csv,Cosine,wsdcon_9.csv|wsdcon_18.csv,WSD-con 9e-5 + WSD-con 18e-5,2,1
0.004701998914275349,train_selected_rho,0.003913700354211934,-16.76517954247345,0.025235100108779926,0.1,400,0.9523809523809523,wsd_20000_24000.csv,WSD sharp,wsdcon_9.csv|wsdcon_18.csv,WSD-con 9e-5 + WSD-con 18e-5,2,1
0.008173606778800102,train_selected_rho,0.00546232503542635,-33.17117909814316,0.025235100108779926,0.1,400,0.9523809523809523,wsdcon_3.csv,WSD-con 3e-5,wsdcon_9.csv|wsdcon_18.csv,WSD-con 9e-5 + WSD-con 18e-5,2,1
0.0038535563963712593,train_selected_rho,0.00328719017157268,-14.697234620256339,0.025235100108779926,0.1,400,0.9523809523809523,wsdld_20000_24000.csv,WSD linear,wsdcon_9.csv|wsdcon_18.csv,WSD-con 9e-5 + WSD-con 18e-5,2,1
0.002504818961791151,none,0.0021381473654923998,-14.638646620454788,0.017920834482027203,0.0,25,1.0,wsdcon_18.csv,WSD-con 18e-5,cosine_72000.csv|wsd_20000_24000.csv|wsdld_20000_24000.csv,Cosine + WSD sharp + WSD linear,3,1
0.004487187642230267,none,0.0027748144442467366,-38.16139048583289,0.017920834482027203,0.0,25,1.0,wsdcon_3.csv,WSD-con 3e-5,cosine_72000.csv|wsd_20000_24000.csv|wsdld_20000_24000.csv,Cosine + WSD sharp + WSD linear,3,1
0.002926482771138891,none,0.002203605677259055,-24.70122499981492,0.017920834482027203,0.0,25,1.0,wsdcon_9.csv,WSD-con 9e-5,cosine_72000.csv|wsd_20000_24000.csv|wsdld_20000_24000.csv,Cosine + WSD sharp + WSD linear,3,1
0.002504818961791151,constant_0p85,0.002193148104937198,-12.442849627387142,0.015232709309723123,0.0,25,0.85,wsdcon_18.csv,WSD-con 18e-5,cosine_72000.csv|wsd_20000_24000.csv|wsdld_20000_24000.csv,Cosine + WSD sharp + WSD linear,3,1
0.004487187642230267,constant_0p85,0.0027852591237272823,-37.92862376615646,0.015232709309723123,0.0,25,0.85,wsdcon_3.csv,WSD-con 3e-5,cosine_72000.csv|wsd_20000_24000.csv|wsdld_20000_24000.csv,Cosine + WSD sharp + WSD linear,3,1
0.002926482771138891,constant_0p85,0.002215012941329536,-24.311430664342303,0.015232709309723123,0.0,25,0.85,wsdcon_9.csv,WSD-con 9e-5,cosine_72000.csv|wsd_20000_24000.csv|wsdld_20000_24000.csv,Cosine + WSD sharp + WSD linear,3,1
0.002504818961791151,train_size_rho0p25,0.002166352872899974,-13.512596880420691,0.016542308752640497,0.25,25,0.9230769230769231,wsdcon_18.csv,WSD-con 18e-5,cosine_72000.csv|wsd_20000_24000.csv|wsdld_20000_24000.csv,Cosine + WSD sharp + WSD linear,3,1
0.004487187642230267,train_size_rho0p25,0.0027650042212884673,-38.38001791442408,0.016542308752640497,0.25,25,0.9230769230769231,wsdcon_3.csv,WSD-con 3e-5,cosine_72000.csv|wsd_20000_24000.csv|wsdld_20000_24000.csv,Cosine + WSD sharp + WSD linear,3,1
0.002926482771138891,train_size_rho0p25,0.0021938845013062505,-25.03340450378039,0.016542308752640497,0.25,25,0.9230769230769231,wsdcon_9.csv,WSD-con 9e-5,cosine_72000.csv|wsd_20000_24000.csv|wsdld_20000_24000.csv,Cosine + WSD sharp + WSD linear,3,1
0.002504818961791151,train_size_rho0p35,0.0021764563382400217,-13.109235779512108,0.016048508491367644,0.35,25,0.8955223880597015,wsdcon_18.csv,WSD-con 18e-5,cosine_72000.csv|wsd_20000_24000.csv|wsdld_20000_24000.csv,Cosine + WSD sharp + WSD linear,3,1
0.004487187642230267,train_size_rho0p35,0.002769453561220993,-38.280861376136,0.016048508491367644,0.35,25,0.8955223880597015,wsdcon_3.csv,WSD-con 3e-5,cosine_72000.csv|wsd_20000_24000.csv|wsdld_20000_24000.csv,Cosine + WSD sharp + WSD linear,3,1
0.002926482771138891,train_size_rho0p35,0.0022006639647684533,-24.801745410172792,0.016048508491367644,0.35,25,0.8955223880597015,wsdcon_9.csv,WSD-con 9e-5,cosine_72000.csv|wsd_20000_24000.csv|wsdld_20000_24000.csv,Cosine + WSD sharp + WSD linear,3,1
0.002504818961791151,train_size_rho0p5,0.0021905290221064916,-12.547411388961871,0.01536071527030903,0.5,25,0.8571428571428571,wsdcon_18.csv,WSD-con 18e-5,cosine_72000.csv|wsd_20000_24000.csv|wsdld_20000_24000.csv,Cosine + WSD sharp + WSD linear,3,1
0.004487187642230267,train_size_rho0p5,0.002781785154333404,-38.00604351480222,0.01536071527030903,0.5,25,0.8571428571428571,wsdcon_3.csv,WSD-con 3e-5,cosine_72000.csv|wsd_20000_24000.csv|wsdld_20000_24000.csv,Cosine + WSD sharp + WSD linear,3,1
0.002926482771138891,train_size_rho0p5,0.0022126093283954267,-24.393563829717955,0.01536071527030903,0.5,25,0.8571428571428571,wsdcon_9.csv,WSD-con 9e-5,cosine_72000.csv|wsd_20000_24000.csv|wsdld_20000_24000.csv,Cosine + WSD sharp + WSD linear,3,1
0.002504818961791151,train_size_rho0p75,0.002211481684752137,-11.710917296364354,0.014336667585621764,0.75,25,0.8,wsdcon_18.csv,WSD-con 18e-5,cosine_72000.csv|wsd_20000_24000.csv|wsdld_20000_24000.csv,Cosine + WSD sharp + WSD linear,3,1
0.004487187642230267,train_size_rho0p75,0.002817194257418887,-37.216927794473584,0.014336667585621764,0.75,25,0.8,wsdcon_3.csv,WSD-con 3e-5,cosine_72000.csv|wsd_20000_24000.csv|wsdld_20000_24000.csv,Cosine + WSD sharp + WSD linear,3,1
0.002926482771138891,train_size_rho0p75,0.0022338812275117244,-23.6666878909261,0.014336667585621764,0.75,25,0.8,wsdcon_9.csv,WSD-con 9e-5,cosine_72000.csv|wsd_20000_24000.csv|wsdld_20000_24000.csv,Cosine + WSD sharp + WSD linear,3,1
0.002504818961791151,train_size_rho1p0,0.0022298152645670666,-10.978984965341931,0.013440625861520401,1.0,25,0.75,wsdcon_18.csv,WSD-con 18e-5,cosine_72000.csv|wsd_20000_24000.csv|wsdld_20000_24000.csv,Cosine + WSD sharp + WSD linear,3,1
0.004487187642230267,train_size_rho1p0,0.0028553003070578534,-36.36770880304254,0.013440625861520401,1.0,25,0.75,wsdcon_3.csv,WSD-con 3e-5,cosine_72000.csv|wsd_20000_24000.csv|wsdld_20000_24000.csv,Cosine + WSD sharp + WSD linear,3,1
0.002926482771138891,train_size_rho1p0,0.0022587214814508887,-22.81787872710186,0.013440625861520401,1.0,25,0.75,wsdcon_9.csv,WSD-con 9e-5,cosine_72000.csv|wsd_20000_24000.csv|wsdld_20000_24000.csv,Cosine + WSD sharp + WSD linear,3,1
0.002504818961791151,train_selected_rho,0.0021381473654923998,-14.638646620454788,0.017920834482027203,0.0,25,1.0,wsdcon_18.csv,WSD-con 18e-5,cosine_72000.csv|wsd_20000_24000.csv|wsdld_20000_24000.csv,Cosine + WSD sharp + WSD linear,3,1
0.004487187642230267,train_selected_rho,0.0027748144442467366,-38.16139048583289,0.017920834482027203,0.0,25,1.0,wsdcon_3.csv,WSD-con 3e-5,cosine_72000.csv|wsd_20000_24000.csv|wsdld_20000_24000.csv,Cosine + WSD sharp + WSD linear,3,1
0.002926482771138891,train_selected_rho,0.002203605677259055,-24.70122499981492,0.017920834482027203,0.0,25,1.0,wsdcon_9.csv,WSD-con 9e-5,cosine_72000.csv|wsd_20000_24000.csv|wsdld_20000_24000.csv,Cosine + WSD sharp + WSD linear,3,1
0.0013816404339982303,none,0.001333978381456787,-3.4496712291140486,0.02996257544129155,0.0,100,1.0,wsdcon_18.csv,WSD-con 18e-5,cosine_72000.csv|wsd_20000_24000.csv|wsdld_20000_24000.csv,Cosine + WSD sharp + WSD linear,3,1
0.0056693997340904675,none,0.00495796073194785,-12.54875358081894,0.02996257544129155,0.0,100,1.0,wsdcon_3.csv,WSD-con 3e-5,cosine_72000.csv|wsd_20000_24000.csv|wsdld_20000_24000.csv,Cosine + WSD sharp + WSD linear,3,1
0.004934623402238123,none,0.005096982027553288,3.290192828930505,0.02996257544129155,0.0,100,1.0,wsdcon_9.csv,WSD-con 9e-5,cosine_72000.csv|wsd_20000_24000.csv|wsdld_20000_24000.csv,Cosine + WSD sharp + WSD linear,3,0
0.0013816404339982303,constant_0p85,0.0012538653237598796,-9.248072587785483,0.025468189125097816,0.0,100,0.85,wsdcon_18.csv,WSD-con 18e-5,cosine_72000.csv|wsd_20000_24000.csv|wsdld_20000_24000.csv,Cosine + WSD sharp + WSD linear,3,1
0.0056693997340904675,constant_0p85,0.004589137353022062,-19.05426379750078,0.025468189125097816,0.0,100,0.85,wsdcon_3.csv,WSD-con 3e-5,cosine_72000.csv|wsd_20000_24000.csv|wsdld_20000_24000.csv,Cosine + WSD sharp + WSD linear,3,1
0.004934623402238123,constant_0p85,0.004859301752637981,-1.5263910426473348,0.025468189125097816,0.0,100,0.85,wsdcon_9.csv,WSD-con 9e-5,cosine_72000.csv|wsd_20000_24000.csv|wsdld_20000_24000.csv,Cosine + WSD sharp + WSD linear,3,1
0.0013816404339982303,train_size_rho0p25,0.0012928947621250605,-6.423210387405575,0.027657761945807588,0.25,100,0.9230769230769231,wsdcon_18.csv,WSD-con 18e-5,cosine_72000.csv|wsd_20000_24000.csv|wsdld_20000_24000.csv,Cosine + WSD sharp + WSD linear,3,1
0.0056693997340904675,train_size_rho0p25,0.004740474466245077,-16.384896310269013,0.027657761945807588,0.25,100,0.9230769230769231,wsdcon_3.csv,WSD-con 3e-5,cosine_72000.csv|wsd_20000_24000.csv|wsdld_20000_24000.csv,Cosine + WSD sharp + WSD linear,3,1
0.004934623402238123,train_size_rho0p25,0.0049611718694837735,0.5380039180621132,0.027657761945807588,0.25,100,0.9230769230769231,wsdcon_9.csv,WSD-con 9e-5,cosine_72000.csv|wsd_20000_24000.csv|wsdld_20000_24000.csv,Cosine + WSD sharp + WSD linear,3,0
0.0013816404339982303,train_size_rho0p35,0.0012781782417673991,-7.488358742616508,0.026832157111604374,0.35,100,0.8955223880597015,wsdcon_18.csv,WSD-con 18e-5,cosine_72000.csv|wsd_20000_24000.csv|wsdld_20000_24000.csv,Cosine + WSD sharp + WSD linear,3,1
0.0056693997340904675,train_size_rho0p35,0.004677391244399489,-17.497592976659725,0.026832157111604374,0.35,100,0.8955223880597015,wsdcon_3.csv,WSD-con 3e-5,cosine_72000.csv|wsd_20000_24000.csv|wsdld_20000_24000.csv,Cosine + WSD sharp + WSD linear,3,1
0.004934623402238123,train_size_rho0p35,0.004921929808873306,-0.2572353010578121,0.026832157111604374,0.35,100,0.8955223880597015,wsdcon_9.csv,WSD-con 9e-5,cosine_72000.csv|wsd_20000_24000.csv|wsdld_20000_24000.csv,Cosine + WSD sharp + WSD linear,3,1
0.0013816404339982303,train_size_rho0p5,0.0012576802312692372,-8.971958237373922,0.02568220752110704,0.5,100,0.8571428571428571,wsdcon_18.csv,WSD-con 18e-5,cosine_72000.csv|wsd_20000_24000.csv|wsdld_20000_24000.csv,Cosine + WSD sharp + WSD linear,3,1
0.0056693997340904675,train_size_rho0p5,0.004601319532985559,-18.839387787078643,0.02568220752110704,0.5,100,0.8571428571428571,wsdcon_3.csv,WSD-con 3e-5,cosine_72000.csv|wsd_20000_24000.csv|wsdld_20000_24000.csv,Cosine + WSD sharp + WSD linear,3,1
0.004934623402238123,train_size_rho0p5,0.004867291134222829,-1.3644864567528114,0.02568220752110704,0.5,100,0.8571428571428571,wsdcon_9.csv,WSD-con 9e-5,cosine_72000.csv|wsd_20000_24000.csv|wsdld_20000_24000.csv,Cosine + WSD sharp + WSD linear,3,1
0.0013816404339982303,train_size_rho0p75,0.0012353088965729945,-10.591144687462384,0.023970060353033243,0.75,100,0.8,wsdcon_18.csv,WSD-con 18e-5,cosine_72000.csv|wsd_20000_24000.csv|wsdld_20000_24000.csv,Cosine + WSD sharp + WSD linear,3,1
0.0056693997340904675,train_size_rho0p75,0.004514722142424807,-20.366840332716528,0.023970060353033243,0.75,100,0.8,wsdcon_3.csv,WSD-con 3e-5,cosine_72000.csv|wsd_20000_24000.csv|wsdld_20000_24000.csv,Cosine + WSD sharp + WSD linear,3,1
0.004934623402238123,train_size_rho0p75,0.0048086453829547056,-2.5529409037836515,0.023970060353033243,0.75,100,0.8,wsdcon_9.csv,WSD-con 9e-5,cosine_72000.csv|wsd_20000_24000.csv|wsdld_20000_24000.csv,Cosine + WSD sharp + WSD linear,3,1
0.0013816404339982303,train_size_rho1p0,0.0012267562246734119,-11.210167675580408,0.022471931580968663,1.0,100,0.75,wsdcon_18.csv,WSD-con 18e-5,cosine_72000.csv|wsd_20000_24000.csv|wsdld_20000_24000.csv,Cosine + WSD sharp + WSD linear,3,1
0.0056693997340904675,train_size_rho1p0,0.004460436791797808,-21.32435529326124,0.022471931580968663,1.0,100,0.75,wsdcon_3.csv,WSD-con 3e-5,cosine_72000.csv|wsd_20000_24000.csv|wsdld_20000_24000.csv,Cosine + WSD sharp + WSD linear,3,1
0.004934623402238123,train_size_rho1p0,0.004766339128620068,-3.4102759197739085,0.022471931580968663,1.0,100,0.75,wsdcon_9.csv,WSD-con 9e-5,cosine_72000.csv|wsd_20000_24000.csv|wsdld_20000_24000.csv,Cosine + WSD sharp + WSD linear,3,1
0.0013816404339982303,train_selected_rho,0.001333978381456787,-3.4496712291140486,0.02996257544129155,0.0,100,1.0,wsdcon_18.csv,WSD-con 18e-5,cosine_72000.csv|wsd_20000_24000.csv|wsdld_20000_24000.csv,Cosine + WSD sharp + WSD linear,3,1
0.0056693997340904675,train_selected_rho,0.00495796073194785,-12.54875358081894,0.02996257544129155,0.0,100,1.0,wsdcon_3.csv,WSD-con 3e-5,cosine_72000.csv|wsd_20000_24000.csv|wsdld_20000_24000.csv,Cosine + WSD sharp + WSD linear,3,1
0.004934623402238123,train_selected_rho,0.005096982027553288,3.290192828930505,0.02996257544129155,0.0,100,1.0,wsdcon_9.csv,WSD-con 9e-5,cosine_72000.csv|wsd_20000_24000.csv|wsdld_20000_24000.csv,Cosine + WSD sharp + WSD linear,3,0
0.0025579541942073844,none,0.0025972959677455156,1.538017124279345,0.05242463859527074,0.0,400,1.0,wsdcon_18.csv,WSD-con 18e-5,cosine_72000.csv|wsd_20000_24000.csv|wsdld_20000_24000.csv,Cosine + WSD sharp + WSD linear,3,0
0.008173606778800102,none,0.00651874890336374,-20.24636026935587,0.05242463859527074,0.0,400,1.0,wsdcon_3.csv,WSD-con 3e-5,cosine_72000.csv|wsd_20000_24000.csv|wsdld_20000_24000.csv,Cosine + WSD sharp + WSD linear,3,1
0.006687305974578527,none,0.006835402795475436,2.2145961536662373,0.05242463859527074,0.0,400,1.0,wsdcon_9.csv,WSD-con 9e-5,cosine_72000.csv|wsd_20000_24000.csv|wsdld_20000_24000.csv,Cosine + WSD sharp + WSD linear,3,0
0.0025579541942073844,constant_0p85,0.00248083674618678,-3.0148095769361616,0.04456094280598013,0.0,400,0.85,wsdcon_18.csv,WSD-con 18e-5,cosine_72000.csv|wsd_20000_24000.csv|wsdld_20000_24000.csv,Cosine + WSD sharp + WSD linear,3,1
0.008173606778800102,constant_0p85,0.00548226306692997,-32.92724723252745,0.04456094280598013,0.0,400,0.85,wsdcon_3.csv,WSD-con 3e-5,cosine_72000.csv|wsd_20000_24000.csv|wsdld_20000_24000.csv,Cosine + WSD sharp + WSD linear,3,1
0.006687305974578527,constant_0p85,0.006461631211296588,-3.37467380945079,0.04456094280598013,0.0,400,0.85,wsdcon_9.csv,WSD-con 9e-5,cosine_72000.csv|wsd_20000_24000.csv|wsdld_20000_24000.csv,Cosine + WSD sharp + WSD linear,3,1
0.0025579541942073844,train_size_rho0p25,0.0025268235556754675,-1.2170131350441649,0.04839197408794222,0.25,400,0.9230769230769231,wsdcon_18.csv,WSD-con 18e-5,cosine_72000.csv|wsd_20000_24000.csv|wsdld_20000_24000.csv,Cosine + WSD sharp + WSD linear,3,1
0.008173606778800102,train_size_rho0p25,0.005919475928011601,-27.578166062931288,0.04839197408794222,0.25,400,0.9230769230769231,wsdcon_3.csv,WSD-con 3e-5,cosine_72000.csv|wsd_20000_24000.csv|wsdld_20000_24000.csv,Cosine + WSD sharp + WSD linear,3,1
0.006687305974578527,train_size_rho0p25,0.006643725059999106,-0.6516961351116901,0.04839197408794222,0.25,400,0.9230769230769231,wsdcon_9.csv,WSD-con 9e-5,cosine_72000.csv|wsd_20000_24000.csv|wsdld_20000_24000.csv,Cosine + WSD sharp + WSD linear,3,1
0.0025579541942073844,train_size_rho0p35,0.0025094836746427825,-1.8948939615246352,0.04694743754800365,0.35,400,0.8955223880597015,wsdcon_18.csv,WSD-con 18e-5,cosine_72000.csv|wsd_20000_24000.csv|wsdld_20000_24000.csv,Cosine + WSD sharp + WSD linear,3,1
0.008173606778800102,train_size_rho0p35,0.005736855748823837,-29.812432820923938,0.04694743754800365,0.35,400,0.8955223880597015,wsdcon_3.csv,WSD-con 3e-5,cosine_72000.csv|wsd_20000_24000.csv|wsdld_20000_24000.csv,Cosine + WSD sharp + WSD linear,3,1
0.006687305974578527,train_size_rho0p35,0.006575064378634427,-1.6784277012414472,0.04694743754800365,0.35,400,0.8955223880597015,wsdcon_9.csv,WSD-con 9e-5,cosine_72000.csv|wsd_20000_24000.csv|wsdld_20000_24000.csv,Cosine + WSD sharp + WSD linear,3,1
0.0025579541942073844,train_size_rho0p5,0.0024853316974901936,-2.8390851126907646,0.044935404510232056,0.5,400,0.8571428571428571,wsdcon_18.csv,WSD-con 18e-5,cosine_72000.csv|wsd_20000_24000.csv|wsdld_20000_24000.csv,Cosine + WSD sharp + WSD linear,3,1
0.008173606778800102,train_size_rho0p5,0.005519800152824641,-32.467999719030324,0.044935404510232056,0.5,400,0.8571428571428571,wsdcon_3.csv,WSD-con 3e-5,cosine_72000.csv|wsd_20000_24000.csv|wsdld_20000_24000.csv,Cosine + WSD sharp + WSD linear,3,1
0.006687305974578527,train_size_rho0p5,0.006479429858162241,-3.1085180969214976,0.044935404510232056,0.5,400,0.8571428571428571,wsdcon_9.csv,WSD-con 9e-5,cosine_72000.csv|wsd_20000_24000.csv|wsdld_20000_24000.csv,Cosine + WSD sharp + WSD linear,3,1
0.0025579541942073844,train_size_rho0p75,0.0024493720870629476,-4.244880826651487,0.04193971087621659,0.75,400,0.8,wsdcon_18.csv,WSD-con 18e-5,cosine_72000.csv|wsd_20000_24000.csv|wsdld_20000_24000.csv,Cosine + WSD sharp + WSD linear,3,1
0.008173606778800102,train_size_rho0p75,0.005273957905946209,-35.4757569250177,0.04193971087621659,0.75,400,0.8,wsdcon_3.csv,WSD-con 3e-5,cosine_72000.csv|wsd_20000_24000.csv|wsdld_20000_24000.csv,Cosine + WSD sharp + WSD linear,3,1
0.006687305974578527,train_size_rho0p75,0.006353571723765205,-4.990563495703615,0.04193971087621659,0.75,400,0.8,wsdcon_9.csv,WSD-con 9e-5,cosine_72000.csv|wsd_20000_24000.csv|wsdld_20000_24000.csv,Cosine + WSD sharp + WSD linear,3,1
0.0025579541942073844,train_size_rho1p0,0.0024179074279391316,-5.474952076366179,0.03931847894645305,1.0,400,0.75,wsdcon_18.csv,WSD-con 18e-5,cosine_72000.csv|wsd_20000_24000.csv|wsdld_20000_24000.csv,Cosine + WSD sharp + WSD linear,3,1
0.008173606778800102,train_size_rho1p0,0.0051356189613332515,-37.16826487599679,0.03931847894645305,1.0,400,0.75,wsdcon_3.csv,WSD-con 3e-5,cosine_72000.csv|wsd_20000_24000.csv|wsdld_20000_24000.csv,Cosine + WSD sharp + WSD linear,3,1
0.006687305974578527,train_size_rho1p0,0.006262135365668764,-6.357875810169733,0.03931847894645305,1.0,400,0.75,wsdcon_9.csv,WSD-con 9e-5,cosine_72000.csv|wsd_20000_24000.csv|wsdld_20000_24000.csv,Cosine + WSD sharp + WSD linear,3,1
0.0025579541942073844,train_selected_rho,0.0025972959677455156,1.538017124279345,0.05242463859527074,0.0,400,1.0,wsdcon_18.csv,WSD-con 18e-5,cosine_72000.csv|wsd_20000_24000.csv|wsdld_20000_24000.csv,Cosine + WSD sharp + WSD linear,3,0
0.008173606778800102,train_selected_rho,0.00651874890336374,-20.24636026935587,0.05242463859527074,0.0,400,1.0,wsdcon_3.csv,WSD-con 3e-5,cosine_72000.csv|wsd_20000_24000.csv|wsdld_20000_24000.csv,Cosine + WSD sharp + WSD linear,3,1
0.006687305974578527,train_selected_rho,0.006835402795475436,2.2145961536662373,0.05242463859527074,0.0,400,1.0,wsdcon_9.csv,WSD-con 9e-5,cosine_72000.csv|wsd_20000_24000.csv|wsdld_20000_24000.csv,Cosine + WSD sharp + WSD linear,3,0
0.002504818961791151,none,0.0023083615483663776,-7.84317814666694,0.009601727606639555,0.0,25,1.0,wsdcon_18.csv,WSD-con 18e-5,cosine_72000.csv|wsd_20000_24000.csv|wsdcon_3.csv,Cosine + WSD sharp + WSD-con 3e-5,3,1
0.002926482771138891,none,0.002424704668266508,-17.146115050494814,0.009601727606639555,0.0,25,1.0,wsdcon_9.csv,WSD-con 9e-5,cosine_72000.csv|wsd_20000_24000.csv|wsdcon_3.csv,Cosine + WSD sharp + WSD-con 3e-5,3,1
0.0031360955249893426,none,0.002920819148406763,-6.864471278607221,0.009601727606639555,0.0,25,1.0,wsdld_20000_24000.csv,WSD linear,cosine_72000.csv|wsd_20000_24000.csv|wsdcon_3.csv,Cosine + WSD sharp + WSD-con 3e-5,3,1
0.002504818961791151,constant_0p85,0.0023378301603800816,-6.666701424667377,0.008161468465643622,0.0,25,0.85,wsdcon_18.csv,WSD-con 18e-5,cosine_72000.csv|wsd_20000_24000.csv|wsdcon_3.csv,Cosine + WSD sharp + WSD-con 3e-5,3,1
0.002926482771138891,constant_0p85,0.002498054106669539,-14.639712514098324,0.008161468465643622,0.0,25,0.85,wsdcon_9.csv,WSD-con 9e-5,cosine_72000.csv|wsd_20000_24000.csv|wsdcon_3.csv,Cosine + WSD sharp + WSD-con 3e-5,3,1
0.0031360955249893426,constant_0p85,0.0029531106048941496,-5.834800586816147,0.008161468465643622,0.0,25,0.85,wsdld_20000_24000.csv,WSD linear,cosine_72000.csv|wsd_20000_24000.csv|wsdcon_3.csv,Cosine + WSD sharp + WSD-con 3e-5,3,1
0.002504818961791151,train_size_rho0p25,0.0023234736570913643,-7.239856750769313,0.00886313317535959,0.25,25,0.9230769230769231,wsdcon_18.csv,WSD-con 18e-5,cosine_72000.csv|wsd_20000_24000.csv|wsdcon_3.csv,Cosine + WSD sharp + WSD-con 3e-5,3,1
0.002926482771138891,train_size_rho0p25,0.002462319764883453,-15.86078041644512,0.00886313317535959,0.25,25,0.9230769230769231,wsdcon_9.csv,WSD-con 9e-5,cosine_72000.csv|wsd_20000_24000.csv|wsdcon_3.csv,Cosine + WSD sharp + WSD-con 3e-5,3,1
0.0031360955249893426,train_size_rho0p25,0.0029373788696823422,-6.336435026406784,0.00886313317535959,0.25,25,0.9230769230769231,wsdld_20000_24000.csv,WSD linear,cosine_72000.csv|wsd_20000_24000.csv|wsdcon_3.csv,Cosine + WSD sharp + WSD-con 3e-5,3,1
0.002504818961791151,train_size_rho0p35,0.0023288869497689684,-7.023741623880742,0.008598562035796618,0.35,25,0.8955223880597015,wsdcon_18.csv,WSD-con 18e-5,cosine_72000.csv|wsd_20000_24000.csv|wsdcon_3.csv,Cosine + WSD sharp + WSD-con 3e-5,3,1
0.002926482771138891,train_size_rho0p35,0.0024757938293432564,-15.400362040069048,0.008598562035796618,0.35,25,0.8955223880597015,wsdcon_9.csv,WSD-con 9e-5,cosine_72000.csv|wsd_20000_24000.csv|wsdcon_3.csv,Cosine + WSD sharp + WSD-con 3e-5,3,1
0.0031360955249893426,train_size_rho0p35,0.0029433107101392714,-6.147287712185568,0.008598562035796618,0.35,25,0.8955223880597015,wsdld_20000_24000.csv,WSD linear,cosine_72000.csv|wsd_20000_24000.csv|wsdcon_3.csv,Cosine + WSD sharp + WSD-con 3e-5,3,1
0.002504818961791151,train_size_rho0p5,0.0023364268931413312,-6.722724125715073,0.008230052234262476,0.5,25,0.8571428571428571,wsdcon_18.csv,WSD-con 18e-5,cosine_72000.csv|wsd_20000_24000.csv|wsdcon_3.csv,Cosine + WSD sharp + WSD-con 3e-5,3,1
0.002926482771138891,train_size_rho0p5,0.002494561276269411,-14.759065015830931,0.008230052234262476,0.5,25,0.8571428571428571,wsdcon_9.csv,WSD-con 9e-5,cosine_72000.csv|wsd_20000_24000.csv|wsdcon_3.csv,Cosine + WSD sharp + WSD-con 3e-5,3,1
0.0031360955249893426,train_size_rho0p5,0.0029515729164899867,-5.8838325245205265,0.008230052234262476,0.5,25,0.8571428571428571,wsdld_20000_24000.csv,WSD linear,cosine_72000.csv|wsd_20000_24000.csv|wsdcon_3.csv,Cosine + WSD sharp + WSD-con 3e-5,3,1
0.002504818961791151,train_size_rho0p75,0.002347653031051338,-6.274542517333326,0.0076813820853116445,0.75,25,0.8,wsdcon_18.csv,WSD-con 18e-5,cosine_72000.csv|wsd_20000_24000.csv|wsdcon_3.csv,Cosine + WSD sharp + WSD-con 3e-5,3,1
0.002926482771138891,train_size_rho0p75,0.0025225039194705697,-13.804245001965477,0.0076813820853116445,0.75,25,0.8,wsdcon_9.csv,WSD-con 9e-5,cosine_72000.csv|wsd_20000_24000.csv|wsdcon_3.csv,Cosine + WSD sharp + WSD-con 3e-5,3,1
0.0031360955249893426,train_size_rho0p75,0.0029638744237232744,-5.491577022885918,0.0076813820853116445,0.75,25,0.8,wsdld_20000_24000.csv,WSD linear,cosine_72000.csv|wsd_20000_24000.csv|wsdcon_3.csv,Cosine + WSD sharp + WSD-con 3e-5,3,1
0.002504818961791151,train_size_rho1p0,0.0023574759017225802,-5.882383609999831,0.007201295704979667,1.0,25,0.75,wsdcon_18.csv,WSD-con 18e-5,cosine_72000.csv|wsd_20000_24000.csv|wsdcon_3.csv,Cosine + WSD sharp + WSD-con 3e-5,3,1
0.002926482771138891,train_size_rho1p0,0.002546953732271572,-12.968777489833583,0.007201295704979667,1.0,25,0.75,wsdcon_9.csv,WSD-con 9e-5,cosine_72000.csv|wsd_20000_24000.csv|wsdcon_3.csv,Cosine + WSD sharp + WSD-con 3e-5,3,1
0.0031360955249893426,train_size_rho1p0,0.0029746382425524017,-5.148353458955612,0.007201295704979667,1.0,25,0.75,wsdld_20000_24000.csv,WSD linear,cosine_72000.csv|wsd_20000_24000.csv|wsdcon_3.csv,Cosine + WSD sharp + WSD-con 3e-5,3,1
0.002504818961791151,train_selected_rho,0.0023083615483663776,-7.84317814666694,0.009601727606639555,0.0,25,1.0,wsdcon_18.csv,WSD-con 18e-5,cosine_72000.csv|wsd_20000_24000.csv|wsdcon_3.csv,Cosine + WSD sharp + WSD-con 3e-5,3,1
0.002926482771138891,train_selected_rho,0.002424704668266508,-17.146115050494814,0.009601727606639555,0.0,25,1.0,wsdcon_9.csv,WSD-con 9e-5,cosine_72000.csv|wsd_20000_24000.csv|wsdcon_3.csv,Cosine + WSD sharp + WSD-con 3e-5,3,1
0.0031360955249893426,train_selected_rho,0.002920819148406763,-6.864471278607221,0.009601727606639555,0.0,25,1.0,wsdld_20000_24000.csv,WSD linear,cosine_72000.csv|wsd_20000_24000.csv|wsdcon_3.csv,Cosine + WSD sharp + WSD-con 3e-5,3,1
0.0013816404339982303,none,0.0012204790486666992,-11.664495433530252,0.014592305799683418,0.0,100,1.0,wsdcon_18.csv,WSD-con 18e-5,cosine_72000.csv|wsd_20000_24000.csv|wsdcon_3.csv,Cosine + WSD sharp + WSD-con 3e-5,3,1
0.004934623402238123,none,0.004656974864628871,-5.626539554838638,0.014592305799683418,0.0,100,1.0,wsdcon_9.csv,WSD-con 9e-5,cosine_72000.csv|wsd_20000_24000.csv|wsdcon_3.csv,Cosine + WSD sharp + WSD-con 3e-5,3,1
0.003248313740665229,none,0.0029230589312494305,-10.013035543456738,0.014592305799683418,0.0,100,1.0,wsdld_20000_24000.csv,WSD linear,cosine_72000.csv|wsd_20000_24000.csv|wsdcon_3.csv,Cosine + WSD sharp + WSD-con 3e-5,3,1
0.0013816404339982303,constant_0p85,0.0012274500384650013,-11.159951007443269,0.012403459929730905,0.0,100,0.85,wsdcon_18.csv,WSD-con 18e-5,cosine_72000.csv|wsd_20000_24000.csv|wsdcon_3.csv,Cosine + WSD sharp + WSD-con 3e-5,3,1
0.004934623402238123,constant_0p85,0.004661747115452161,-5.529830030437532,0.012403459929730905,0.0,100,0.85,wsdcon_9.csv,WSD-con 9e-5,cosine_72000.csv|wsd_20000_24000.csv|wsdcon_3.csv,Cosine + WSD sharp + WSD-con 3e-5,3,1
0.003248313740665229,constant_0p85,0.0029718471526618056,-8.51108021193806,0.012403459929730905,0.0,100,0.85,wsdld_20000_24000.csv,WSD linear,cosine_72000.csv|wsd_20000_24000.csv|wsdcon_3.csv,Cosine + WSD sharp + WSD-con 3e-5,3,1
0.0013816404339982303,train_size_rho0p25,0.0012216831066856801,-11.577348445837032,0.01346982073816931,0.25,100,0.9230769230769231,wsdcon_18.csv,WSD-con 18e-5,cosine_72000.csv|wsd_20000_24000.csv|wsdcon_3.csv,Cosine + WSD sharp + WSD-con 3e-5,3,1
0.004934623402238123,train_size_rho0p25,0.004657095807370063,-5.6240886536992,0.01346982073816931,0.25,100,0.9230769230769231,wsdcon_9.csv,WSD-con 9e-5,cosine_72000.csv|wsd_20000_24000.csv|wsdcon_3.csv,Cosine + WSD sharp + WSD-con 3e-5,3,1
0.003248313740665229,train_size_rho0p25,0.002948078531973727,-9.242802040113773,0.01346982073816931,0.25,100,0.9230769230769231,wsdld_20000_24000.csv,WSD linear,cosine_72000.csv|wsd_20000_24000.csv|wsdcon_3.csv,Cosine + WSD sharp + WSD-con 3e-5,3,1
0.0013816404339982303,train_size_rho0p35,0.001222114411050702,-11.546131614423539,0.013067736537029927,0.35,100,0.8955223880597015,wsdcon_18.csv,WSD-con 18e-5,cosine_72000.csv|wsd_20000_24000.csv|wsdcon_3.csv,Cosine + WSD sharp + WSD-con 3e-5,3,1
0.004934623402238123,train_size_rho0p35,0.004658849639168503,-5.588547303215496,0.013067736537029927,0.35,100,0.8955223880597015,wsdcon_9.csv,WSD-con 9e-5,cosine_72000.csv|wsd_20000_24000.csv|wsdcon_3.csv,Cosine + WSD sharp + WSD-con 3e-5,3,1
0.003248313740665229,train_size_rho0p35,0.0029570407770092974,-8.966897501602823,0.013067736537029927,0.35,100,0.8955223880597015,wsdld_20000_24000.csv,WSD linear,cosine_72000.csv|wsd_20000_24000.csv|wsdcon_3.csv,Cosine + WSD sharp + WSD-con 3e-5,3,1
0.0013816404339982303,train_size_rho0p5,0.001226573236705323,-11.223411929554594,0.01250769068544293,0.5,100,0.8571428571428571,wsdcon_18.csv,WSD-con 18e-5,cosine_72000.csv|wsd_20000_24000.csv|wsdcon_3.csv,Cosine + WSD sharp + WSD-con 3e-5,3,1
0.004934623402238123,train_size_rho0p5,0.004661292476316334,-5.5390432793274265,0.01250769068544293,0.5,100,0.8571428571428571,wsdcon_9.csv,WSD-con 9e-5,cosine_72000.csv|wsd_20000_24000.csv|wsdcon_3.csv,Cosine + WSD sharp + WSD-con 3e-5,3,1
0.003248313740665229,train_size_rho0p5,0.0029695239040231254,-8.582601894391196,0.01250769068544293,0.5,100,0.8571428571428571,wsdld_20000_24000.csv,WSD linear,cosine_72000.csv|wsd_20000_24000.csv|wsdcon_3.csv,Cosine + WSD sharp + WSD-con 3e-5,3,1
0.0013816404339982303,train_size_rho0p75,0.0012336064382484939,-10.714364758517636,0.011673844639746736,0.75,100,0.8,wsdcon_18.csv,WSD-con 18e-5,cosine_72000.csv|wsd_20000_24000.csv|wsdcon_3.csv,Cosine + WSD sharp + WSD-con 3e-5,3,1
0.004934623402238123,train_size_rho0p75,0.004664929589403078,-5.465337288205696,0.011673844639746736,0.75,100,0.8,wsdcon_9.csv,WSD-con 9e-5,cosine_72000.csv|wsd_20000_24000.csv|wsdcon_3.csv,Cosine + WSD sharp + WSD-con 3e-5,3,1
0.003248313740665229,train_size_rho0p75,0.0029881098931325897,-8.010428434765405,0.011673844639746736,0.75,100,0.8,wsdld_20000_24000.csv,WSD linear,cosine_72000.csv|wsd_20000_24000.csv|wsdcon_3.csv,Cosine + WSD sharp + WSD-con 3e-5,3,1
0.0013816404339982303,train_size_rho1p0,0.0012414362446505612,-10.147661135100272,0.010944229349762564,1.0,100,0.75,wsdcon_18.csv,WSD-con 18e-5,cosine_72000.csv|wsd_20000_24000.csv|wsdcon_3.csv,Cosine + WSD sharp + WSD-con 3e-5,3,1
0.004934623402238123,train_size_rho1p0,0.004668112063354004,-5.400844545973693,0.010944229349762564,1.0,100,0.75,wsdcon_9.csv,WSD-con 9e-5,cosine_72000.csv|wsd_20000_24000.csv|wsdcon_3.csv,Cosine + WSD sharp + WSD-con 3e-5,3,1
0.003248313740665229,train_size_rho1p0,0.0030043726336033763,-7.5097766575926705,0.010944229349762564,1.0,100,0.75,wsdld_20000_24000.csv,WSD linear,cosine_72000.csv|wsd_20000_24000.csv|wsdcon_3.csv,Cosine + WSD sharp + WSD-con 3e-5,3,1
0.0013816404339982303,train_selected_rho,0.0012204790486666992,-11.664495433530252,0.014592305799683418,0.0,100,1.0,wsdcon_18.csv,WSD-con 18e-5,cosine_72000.csv|wsd_20000_24000.csv|wsdcon_3.csv,Cosine + WSD sharp + WSD-con 3e-5,3,1
0.004934623402238123,train_selected_rho,0.004656974864628871,-5.626539554838638,0.014592305799683418,0.0,100,1.0,wsdcon_9.csv,WSD-con 9e-5,cosine_72000.csv|wsd_20000_24000.csv|wsdcon_3.csv,Cosine + WSD sharp + WSD-con 3e-5,3,1
0.003248313740665229,train_selected_rho,0.0029230589312494305,-10.013035543456738,0.014592305799683418,0.0,100,1.0,wsdld_20000_24000.csv,WSD linear,cosine_72000.csv|wsd_20000_24000.csv|wsdcon_3.csv,Cosine + WSD sharp + WSD-con 3e-5,3,1
0.0025579541942073844,none,0.002400874878063243,-6.14081817805242,0.022860816054129342,0.0,400,1.0,wsdcon_18.csv,WSD-con 18e-5,cosine_72000.csv|wsd_20000_24000.csv|wsdcon_3.csv,Cosine + WSD sharp + WSD-con 3e-5,3,1
0.006687305974578527,none,0.006184956708936193,-7.511982666143757,0.022860816054129342,0.0,400,1.0,wsdcon_9.csv,WSD-con 9e-5,cosine_72000.csv|wsd_20000_24000.csv|wsdcon_3.csv,Cosine + WSD sharp + WSD-con 3e-5,3,1
0.0038535563963712593,none,0.0033404776279661666,-13.314422202001207,0.022860816054129342,0.0,400,1.0,wsdld_20000_24000.csv,WSD linear,cosine_72000.csv|wsd_20000_24000.csv|wsdcon_3.csv,Cosine + WSD sharp + WSD-con 3e-5,3,1
0.0025579541942073844,constant_0p85,0.002417496501625091,-5.491016723456843,0.01943169364600994,0.0,400,0.85,wsdcon_18.csv,WSD-con 18e-5,cosine_72000.csv|wsd_20000_24000.csv|wsdcon_3.csv,Cosine + WSD sharp + WSD-con 3e-5,3,1
0.006687305974578527,constant_0p85,0.006233118180849182,-6.791790228470451,0.01943169364600994,0.0,400,0.85,wsdcon_9.csv,WSD-con 9e-5,cosine_72000.csv|wsd_20000_24000.csv|wsdcon_3.csv,Cosine + WSD sharp + WSD-con 3e-5,3,1
0.0038535563963712593,constant_0p85,0.0034174394432269295,-11.317258871701053,0.01943169364600994,0.0,400,0.85,wsdld_20000_24000.csv,WSD linear,cosine_72000.csv|wsd_20000_24000.csv|wsdcon_3.csv,Cosine + WSD sharp + WSD-con 3e-5,3,1
0.0025579541942073844,train_size_rho0p25,0.0024093987875821567,-5.807586662874531,0.02110229174227324,0.25,400,0.9230769230769231,wsdcon_18.csv,WSD-con 18e-5,cosine_72000.csv|wsd_20000_24000.csv|wsdcon_3.csv,Cosine + WSD sharp + WSD-con 3e-5,3,1
0.006687305974578527,train_size_rho0p25,0.006207773484797698,-7.170787333550299,0.02110229174227324,0.25,400,0.9230769230769231,wsdcon_9.csv,WSD-con 9e-5,cosine_72000.csv|wsd_20000_24000.csv|wsdcon_3.csv,Cosine + WSD sharp + WSD-con 3e-5,3,1
0.0038535563963712593,train_size_rho0p25,0.003379945225535793,-12.29023587877025,0.02110229174227324,0.25,400,0.9230769230769231,wsdld_20000_24000.csv,WSD linear,cosine_72000.csv|wsd_20000_24000.csv|wsdcon_3.csv,Cosine + WSD sharp + WSD-con 3e-5,3,1
0.0025579541942073844,train_size_rho0p35,0.0024124521283053224,-5.688220149976053,0.020472372585787473,0.35,400,0.8955223880597015,wsdcon_18.csv,WSD-con 18e-5,cosine_72000.csv|wsd_20000_24000.csv|wsdcon_3.csv,Cosine + WSD sharp + WSD-con 3e-5,3,1
0.006687305974578527,train_size_rho0p35,0.006215946658240613,-7.048568109934916,0.020472372585787473,0.35,400,0.8955223880597015,wsdcon_9.csv,WSD-con 9e-5,cosine_72000.csv|wsd_20000_24000.csv|wsdcon_3.csv,Cosine + WSD sharp + WSD-con 3e-5,3,1
0.0038535563963712593,train_size_rho0p35,0.0033940828724264,-11.923363165971246,0.020472372585787473,0.35,400,0.8955223880597015,wsdld_20000_24000.csv,WSD linear,cosine_72000.csv|wsd_20000_24000.csv|wsdcon_3.csv,Cosine + WSD sharp + WSD-con 3e-5,3,1
0.0025579541942073844,train_size_rho0p5,0.0024167049957411943,-5.521959649866126,0.019594985189253723,0.5,400,0.8571428571428571,wsdcon_18.csv,WSD-con 18e-5,cosine_72000.csv|wsd_20000_24000.csv|wsdcon_3.csv,Cosine + WSD sharp + WSD-con 3e-5,3,1
0.006687305974578527,train_size_rho0p5,0.006230408834238075,-6.832304998116201,0.019594985189253723,0.5,400,0.8571428571428571,wsdcon_9.csv,WSD-con 9e-5,cosine_72000.csv|wsd_20000_24000.csv|wsdcon_3.csv,Cosine + WSD sharp + WSD-con 3e-5,3,1
0.0038535563963712593,train_size_rho0p5,0.003413774594881184,-11.412361887429501,0.019594985189253723,0.5,400,0.8571428571428571,wsdld_20000_24000.csv,WSD linear,cosine_72000.csv|wsd_20000_24000.csv|wsdcon_3.csv,Cosine + WSD sharp + WSD-con 3e-5,3,1
0.0025579541942073844,train_size_rho0p75,0.002423037042812366,-5.274416238591961,0.018288652843303475,0.75,400,0.8,wsdcon_18.csv,WSD-con 18e-5,cosine_72000.csv|wsd_20000_24000.csv|wsdcon_3.csv,Cosine + WSD sharp + WSD-con 3e-5,3,1
0.006687305974578527,train_size_rho0p75,0.006252083607126952,-6.508186840949881,0.018288652843303475,0.75,400,0.8,wsdcon_9.csv,WSD-con 9e-5,cosine_72000.csv|wsd_20000_24000.csv|wsdcon_3.csv,Cosine + WSD sharp + WSD-con 3e-5,3,1
0.0038535563963712593,train_size_rho0p75,0.003443093381647182,-10.651537761601048,0.018288652843303475,0.75,400,0.8,wsdld_20000_24000.csv,WSD linear,cosine_72000.csv|wsd_20000_24000.csv|wsdcon_3.csv,Cosine + WSD sharp + WSD-con 3e-5,3,1
0.0025579541942073844,train_size_rho1p0,0.0024288675170897962,-5.046481184452456,0.017145612040597006,1.0,400,0.75,wsdcon_18.csv,WSD-con 18e-5,cosine_72000.csv|wsd_20000_24000.csv|wsdcon_3.csv,Cosine + WSD sharp + WSD-con 3e-5,3,1
0.006687305974578527,train_size_rho1p0,0.006271049033404706,-6.224583453429555,0.017145612040597006,1.0,400,0.75,wsdcon_9.csv,WSD-con 9e-5,cosine_72000.csv|wsd_20000_24000.csv|wsdcon_3.csv,Cosine + WSD sharp + WSD-con 3e-5,3,1
0.0038535563963712593,train_size_rho1p0,0.0034687473200674503,-9.985816651500635,0.017145612040597006,1.0,400,0.75,wsdld_20000_24000.csv,WSD linear,cosine_72000.csv|wsd_20000_24000.csv|wsdcon_3.csv,Cosine + WSD sharp + WSD-con 3e-5,3,1
0.0025579541942073844,train_selected_rho,0.002400874878063243,-6.14081817805242,0.022860816054129342,0.0,400,1.0,wsdcon_18.csv,WSD-con 18e-5,cosine_72000.csv|wsd_20000_24000.csv|wsdcon_3.csv,Cosine + WSD sharp + WSD-con 3e-5,3,1
0.006687305974578527,train_selected_rho,0.006184956708936193,-7.511982666143757,0.022860816054129342,0.0,400,1.0,wsdcon_9.csv,WSD-con 9e-5,cosine_72000.csv|wsd_20000_24000.csv|wsdcon_3.csv,Cosine + WSD sharp + WSD-con 3e-5,3,1
0.0038535563963712593,train_selected_rho,0.0033404776279661666,-13.314422202001207,0.022860816054129342,0.0,400,1.0,wsdld_20000_24000.csv,WSD linear,cosine_72000.csv|wsd_20000_24000.csv|wsdcon_3.csv,Cosine + WSD sharp + WSD-con 3e-5,3,1
0.002504818961791151,none,0.0022884601056660557,-8.63770433813631,0.010574397603950824,0.0,25,1.0,wsdcon_18.csv,WSD-con 18e-5,cosine_72000.csv|wsd_20000_24000.csv|wsdcon_9.csv,Cosine + WSD sharp + WSD-con 9e-5,3,1
0.004487187642230267,none,0.0030536837336459914,-31.946600474050634,0.010574397603950824,0.0,25,1.0,wsdcon_3.csv,WSD-con 3e-5,cosine_72000.csv|wsd_20000_24000.csv|wsdcon_9.csv,Cosine + WSD sharp + WSD-con 9e-5,3,1
0.0031360955249893426,none,0.002899011315357321,-7.559852936330036,0.010574397603950824,0.0,25,1.0,wsdld_20000_24000.csv,WSD linear,cosine_72000.csv|wsd_20000_24000.csv|wsdcon_9.csv,Cosine + WSD sharp + WSD-con 9e-5,3,1
0.002504818961791151,constant_0p85,0.002320913934084811,-7.342048687416214,0.0089882379633582,0.0,25,0.85,wsdcon_18.csv,WSD-con 18e-5,cosine_72000.csv|wsd_20000_24000.csv|wsdcon_9.csv,Cosine + WSD sharp + WSD-con 9e-5,3,1
0.004487187642230267,constant_0p85,0.0032157882307253085,-28.33399253330612,0.0089882379633582,0.0,25,0.85,wsdcon_3.csv,WSD-con 3e-5,cosine_72000.csv|wsd_20000_24000.csv|wsdcon_9.csv,Cosine + WSD sharp + WSD-con 9e-5,3,1
0.0031360955249893426,constant_0p85,0.002934573946802124,-6.425874995880543,0.0089882379633582,0.0,25,0.85,wsdld_20000_24000.csv,WSD linear,cosine_72000.csv|wsd_20000_24000.csv|wsdcon_9.csv,Cosine + WSD sharp + WSD-con 9e-5,3,1
0.002504818961791151,train_size_rho0p25,0.0023051030945987704,-7.973265542894459,0.009760982403646916,0.25,25,0.9230769230769231,wsdcon_18.csv,WSD-con 18e-5,cosine_72000.csv|wsd_20000_24000.csv|wsdcon_9.csv,Cosine + WSD sharp + WSD-con 9e-5,3,1
0.004487187642230267,train_size_rho0p25,0.0031274253401529922,-30.303219087165967,0.009760982403646916,0.25,25,0.9230769230769231,wsdcon_3.csv,WSD-con 3e-5,cosine_72000.csv|wsd_20000_24000.csv|wsdcon_9.csv,Cosine + WSD sharp + WSD-con 9e-5,3,1
0.0031360955249893426,train_size_rho0p25,0.0029172485622520968,-6.9783257873814115,0.009760982403646916,0.25,25,0.9230769230769231,wsdld_20000_24000.csv,WSD linear,cosine_72000.csv|wsd_20000_24000.csv|wsdcon_9.csv,Cosine + WSD sharp + WSD-con 9e-5,3,1
0.002504818961791151,train_size_rho0p35,0.0023110647622761465,-7.7352576162412205,0.009469609794582829,0.35,25,0.8955223880597015,wsdcon_18.csv,WSD-con 18e-5,cosine_72000.csv|wsd_20000_24000.csv|wsdcon_9.csv,Cosine + WSD sharp + WSD-con 9e-5,3,1
0.004487187642230267,train_size_rho0p35,0.0031598981273074003,-29.5795411458025,0.009469609794582829,0.35,25,0.8955223880597015,wsdcon_3.csv,WSD-con 3e-5,cosine_72000.csv|wsd_20000_24000.csv|wsdcon_9.csv,Cosine + WSD sharp + WSD-con 9e-5,3,1
0.0031360955249893426,train_size_rho0p35,0.0029237813074084293,-6.77001755492237,0.009469609794582829,0.35,25,0.8955223880597015,wsdld_20000_24000.csv,WSD linear,cosine_72000.csv|wsd_20000_24000.csv|wsdcon_9.csv,Cosine + WSD sharp + WSD-con 9e-5,3,1
0.002504818961791151,train_size_rho0p5,0.0023193685136839353,-7.403746575545056,0.009063769374814993,0.5,25,0.8571428571428571,wsdcon_18.csv,WSD-con 18e-5,cosine_72000.csv|wsd_20000_24000.csv|wsdcon_9.csv,Cosine + WSD sharp + WSD-con 9e-5,3,1
0.004487187642230267,train_size_rho0p5,0.0032068629759597358,-28.532897849446115,0.009063769374814993,0.5,25,0.8571428571428571,wsdcon_3.csv,WSD-con 3e-5,cosine_72000.csv|wsd_20000_24000.csv|wsdcon_9.csv,Cosine + WSD sharp + WSD-con 9e-5,3,1
0.0031360955249893426,train_size_rho0p5,0.0029328804881618995,-6.479873945425618,0.009063769374814993,0.5,25,0.8571428571428571,wsdld_20000_24000.csv,WSD linear,cosine_72000.csv|wsd_20000_24000.csv|wsdcon_9.csv,Cosine + WSD sharp + WSD-con 9e-5,3,1
0.002504818961791151,train_size_rho0p75,0.0023317318768910646,-6.910163470509456,0.00845951808316066,0.75,25,0.8,wsdcon_18.csv,WSD-con 18e-5,cosine_72000.csv|wsd_20000_24000.csv|wsdcon_9.csv,Cosine + WSD sharp + WSD-con 9e-5,3,1
0.004487187642230267,train_size_rho0p75,0.003280219520731313,-26.898097822783594,0.00845951808316066,0.75,25,0.8,wsdcon_3.csv,WSD-con 3e-5,cosine_72000.csv|wsd_20000_24000.csv|wsdcon_9.csv,Cosine + WSD sharp + WSD-con 9e-5,3,1
0.0031360955249893426,train_size_rho0p75,0.0029464281572837295,-6.047882349063894,0.00845951808316066,0.75,25,0.8,wsdld_20000_24000.csv,WSD linear,cosine_72000.csv|wsd_20000_24000.csv|wsdcon_9.csv,Cosine + WSD sharp + WSD-con 9e-5,3,1
0.002504818961791151,train_size_rho1p0,0.0023425498196973133,-6.478278253602888,0.007930798202963118,1.0,25,0.75,wsdcon_18.csv,WSD-con 18e-5,cosine_72000.csv|wsd_20000_24000.csv|wsdcon_9.csv,Cosine + WSD sharp + WSD-con 9e-5,3,1
0.004487187642230267,train_size_rho1p0,0.0033461146901859764,-25.42957957240993,0.007930798202963118,1.0,25,0.75,wsdcon_3.csv,WSD-con 3e-5,cosine_72000.csv|wsd_20000_24000.csv|wsdcon_9.csv,Cosine + WSD sharp + WSD-con 9e-5,3,1
0.0031360955249893426,train_size_rho1p0,0.002958282367765327,-5.66988970224751,0.007930798202963118,1.0,25,0.75,wsdld_20000_24000.csv,WSD linear,cosine_72000.csv|wsd_20000_24000.csv|wsdcon_9.csv,Cosine + WSD sharp + WSD-con 9e-5,3,1
0.002504818961791151,train_selected_rho,0.0023019825341738633,-8.097847817003224,0.009913497753703898,0.2,25,0.9375,wsdcon_18.csv,WSD-con 18e-5,cosine_72000.csv|wsd_20000_24000.csv|wsdcon_9.csv,Cosine + WSD sharp + WSD-con 9e-5,3,1
0.004487187642230267,train_selected_rho,0.0031111746133589083,-30.66537748324336,0.009913497753703898,0.2,25,0.9375,wsdcon_3.csv,WSD-con 3e-5,cosine_72000.csv|wsd_20000_24000.csv|wsdcon_9.csv,Cosine + WSD sharp + WSD-con 9e-5,3,1
0.0031360955249893426,train_selected_rho,0.00291382907845933,-7.08736212780916,0.009913497753703898,0.2,25,0.9375,wsdld_20000_24000.csv,WSD linear,cosine_72000.csv|wsd_20000_24000.csv|wsdcon_9.csv,Cosine + WSD sharp + WSD-con 9e-5,3,1
0.0013816404339982303,none,0.0012212826933163522,-11.6063294570665,0.015905188881491963,0.0,100,1.0,wsdcon_18.csv,WSD-con 18e-5,cosine_72000.csv|wsd_20000_24000.csv|wsdcon_9.csv,Cosine + WSD sharp + WSD-con 9e-5,3,1
0.0056693997340904675,none,0.0044741372031045145,-21.082699880884427,0.015905188881491963,0.0,100,1.0,wsdcon_3.csv,WSD-con 3e-5,cosine_72000.csv|wsd_20000_24000.csv|wsdcon_9.csv,Cosine + WSD sharp + WSD-con 9e-5,3,1
0.003248313740665229,none,0.002893795458949664,-10.913917497481707,0.015905188881491963,0.0,100,1.0,wsdld_20000_24000.csv,WSD linear,cosine_72000.csv|wsd_20000_24000.csv|wsdcon_9.csv,Cosine + WSD sharp + WSD-con 9e-5,3,1
0.0013816404339982303,constant_0p85,0.0012216299130960613,-11.581198477170073,0.013519410549268168,0.0,100,0.85,wsdcon_18.csv,WSD-con 18e-5,cosine_72000.csv|wsd_20000_24000.csv|wsdcon_9.csv,Cosine + WSD sharp + WSD-con 9e-5,3,1
0.0056693997340904675,constant_0p85,0.0045556172753206635,-19.6455094191464,0.013519410549268168,0.0,100,0.85,wsdcon_3.csv,WSD-con 3e-5,cosine_72000.csv|wsd_20000_24000.csv|wsdcon_9.csv,Cosine + WSD sharp + WSD-con 9e-5,3,1
0.003248313740665229,constant_0p85,0.002946973201206999,-9.276829872859448,0.013519410549268168,0.0,100,0.85,wsdld_20000_24000.csv,WSD linear,cosine_72000.csv|wsd_20000_24000.csv|wsdcon_9.csv,Cosine + WSD sharp + WSD-con 9e-5,3,1
0.0013816404339982303,train_size_rho0p25,0.001220383144288226,-11.671436774859977,0.01468171281368489,0.25,100,0.9230769230769231,wsdcon_18.csv,WSD-con 18e-5,cosine_72000.csv|wsd_20000_24000.csv|wsdcon_9.csv,Cosine + WSD sharp + WSD-con 9e-5,3,1
0.0056693997340904675,train_size_rho0p25,0.004510785464098623,-20.436277636678568,0.01468171281368489,0.25,100,0.9230769230769231,wsdcon_3.csv,WSD-con 3e-5,cosine_72000.csv|wsd_20000_24000.csv|wsdcon_9.csv,Cosine + WSD sharp + WSD-con 9e-5,3,1
0.003248313740665229,train_size_rho0p25,0.002921066096004703,-10.074385382290952,0.01468171281368489,0.25,100,0.9230769230769231,wsdld_20000_24000.csv,WSD linear,cosine_72000.csv|wsd_20000_24000.csv|wsdcon_9.csv,Cosine + WSD sharp + WSD-con 9e-5,3,1
0.0013816404339982303,train_size_rho0p35,0.0012208532535009215,-11.637411336610814,0.014243452729694297,0.35,100,0.8955223880597015,wsdcon_18.csv,WSD-con 18e-5,cosine_72000.csv|wsd_20000_24000.csv|wsdcon_9.csv,Cosine + WSD sharp + WSD-con 9e-5,3,1
0.0056693997340904675,train_size_rho0p35,0.004525983843502551,-20.168200236657917,0.014243452729694297,0.35,100,0.8955223880597015,wsdcon_3.csv,WSD-con 3e-5,cosine_72000.csv|wsd_20000_24000.csv|wsdcon_9.csv,Cosine + WSD sharp + WSD-con 9e-5,3,1
0.003248313740665229,train_size_rho0p35,0.002930834682412485,-9.773657460431362,0.014243452729694297,0.35,100,0.8955223880597015,wsdld_20000_24000.csv,WSD linear,cosine_72000.csv|wsd_20000_24000.csv|wsdcon_9.csv,Cosine + WSD sharp + WSD-con 9e-5,3,1
0.0013816404339982303,train_size_rho0p5,0.0012215080484757378,-11.590018761907317,0.013633019041278826,0.5,100,0.8571428571428571,wsdcon_18.csv,WSD-con 18e-5,cosine_72000.csv|wsd_20000_24000.csv|wsdcon_9.csv,Cosine + WSD sharp + WSD-con 9e-5,3,1
0.0056693997340904675,train_size_rho0p5,0.004550967533091587,-19.72752413758507,0.013633019041278826,0.5,100,0.8571428571428571,wsdcon_3.csv,WSD-con 3e-5,cosine_72000.csv|wsd_20000_24000.csv|wsdcon_9.csv,Cosine + WSD sharp + WSD-con 9e-5,3,1
0.003248313740665229,train_size_rho0p5,0.002944440927766163,-9.35478642641321,0.013633019041278826,0.5,100,0.8571428571428571,wsdld_20000_24000.csv,WSD linear,cosine_72000.csv|wsd_20000_24000.csv|wsdcon_9.csv,Cosine + WSD sharp + WSD-con 9e-5,3,1
0.0013816404339982303,train_size_rho0p75,0.0012247523453988933,-11.355203911145672,0.012724151105193572,0.75,100,0.8,wsdcon_18.csv,WSD-con 18e-5,cosine_72000.csv|wsd_20000_24000.csv|wsdcon_9.csv,Cosine + WSD sharp + WSD-con 9e-5,3,1
0.0056693997340904675,train_size_rho0p75,0.004591410320184528,-19.014171948820604,0.012724151105193572,0.75,100,0.8,wsdcon_3.csv,WSD-con 3e-5,cosine_72000.csv|wsd_20000_24000.csv|wsdcon_9.csv,Cosine + WSD sharp + WSD-con 9e-5,3,1
0.003248313740665229,train_size_rho0p75,0.0029646991152927765,-8.731133997985374,0.012724151105193572,0.75,100,0.8,wsdld_20000_24000.csv,WSD linear,cosine_72000.csv|wsd_20000_24000.csv|wsdcon_9.csv,Cosine + WSD sharp + WSD-con 9e-5,3,1
0.0013816404339982303,train_size_rho1p0,0.0012314421643031088,-10.871009996462933,0.011928891661118973,1.0,100,0.75,wsdcon_18.csv,WSD-con 18e-5,cosine_72000.csv|wsd_20000_24000.csv|wsdcon_9.csv,Cosine + WSD sharp + WSD-con 9e-5,3,1
0.0056693997340904675,train_size_rho1p0,0.004629631638707208,-18.34000324815812,0.011928891661118973,1.0,100,0.75,wsdcon_3.csv,WSD-con 3e-5,cosine_72000.csv|wsd_20000_24000.csv|wsdcon_9.csv,Cosine + WSD sharp + WSD-con 9e-5,3,1
0.003248313740665229,train_size_rho1p0,0.0029824250293785564,-8.185438123111243,0.011928891661118973,1.0,100,0.75,wsdld_20000_24000.csv,WSD linear,cosine_72000.csv|wsd_20000_24000.csv|wsdcon_9.csv,Cosine + WSD sharp + WSD-con 9e-5,3,1
0.0013816404339982303,train_selected_rho,0.0012205179020701622,-11.661683312336713,0.014911114576398717,0.2,100,0.9375,wsdcon_18.csv,WSD-con 18e-5,cosine_72000.csv|wsd_20000_24000.csv|wsdcon_9.csv,Cosine + WSD sharp + WSD-con 9e-5,3,1
0.0056693997340904675,train_selected_rho,0.004503024173132363,-20.573175568210733,0.014911114576398717,0.2,100,0.9375,wsdcon_3.csv,WSD-con 3e-5,cosine_72000.csv|wsd_20000_24000.csv|wsdcon_9.csv,Cosine + WSD sharp + WSD-con 9e-5,3,1
0.003248313740665229,train_selected_rho,0.0029159528515568843,-10.231797653889174,0.014911114576398717,0.2,100,0.9375,wsdld_20000_24000.csv,WSD linear,cosine_72000.csv|wsd_20000_24000.csv|wsdcon_9.csv,Cosine + WSD sharp + WSD-con 9e-5,3,1
0.0025579541942073844,none,0.002383761017929183,-6.809863001951733,0.027649394346331315,0.0,400,1.0,wsdcon_18.csv,WSD-con 18e-5,cosine_72000.csv|wsd_20000_24000.csv|wsdcon_9.csv,Cosine + WSD sharp + WSD-con 9e-5,3,1
0.008173606778800102,none,0.005308083086819576,-35.058252366786725,0.027649394346331315,0.0,400,1.0,wsdcon_3.csv,WSD-con 3e-5,cosine_72000.csv|wsd_20000_24000.csv|wsdcon_9.csv,Cosine + WSD sharp + WSD-con 9e-5,3,1
0.0038535563963712593,none,0.003233004743063152,-16.10334946421067,0.027649394346331315,0.0,400,1.0,wsdld_20000_24000.csv,WSD linear,cosine_72000.csv|wsd_20000_24000.csv|wsdcon_9.csv,Cosine + WSD sharp + WSD-con 9e-5,3,1
0.0025579541942073844,constant_0p85,0.002397767006479692,-6.262316506309784,0.023501985194381618,0.0,400,0.85,wsdcon_18.csv,WSD-con 18e-5,cosine_72000.csv|wsd_20000_24000.csv|wsdcon_9.csv,Cosine + WSD sharp + WSD-con 9e-5,3,1
0.008173606778800102,constant_0p85,0.005587987468726204,-31.633761937021777,0.023501985194381618,0.0,400,0.85,wsdcon_3.csv,WSD-con 3e-5,cosine_72000.csv|wsd_20000_24000.csv|wsdcon_9.csv,Cosine + WSD sharp + WSD-con 9e-5,3,1
0.0038535563963712593,constant_0p85,0.0033260874910593717,-13.687847044578982,0.023501985194381618,0.0,400,0.85,wsdld_20000_24000.csv,WSD linear,cosine_72000.csv|wsd_20000_24000.csv|wsdcon_9.csv,Cosine + WSD sharp + WSD-con 9e-5,3,1
0.0025579541942073844,train_size_rho0p25,0.0023901526489798256,-6.559990229987456,0.025522517858151985,0.25,400,0.9230769230769231,wsdcon_18.csv,WSD-con 18e-5,cosine_72000.csv|wsd_20000_24000.csv|wsdcon_9.csv,Cosine + WSD sharp + WSD-con 9e-5,3,1
0.008173606778800102,train_size_rho0p25,0.00544314454462883,-33.40584283126118,0.025522517858151985,0.25,400,0.9230769230769231,wsdcon_3.csv,WSD-con 3e-5,cosine_72000.csv|wsd_20000_24000.csv|wsdcon_9.csv,Cosine + WSD sharp + WSD-con 9e-5,3,1
0.0038535563963712593,train_size_rho0p25,0.003280739485625314,-14.86463027465601,0.025522517858151985,0.25,400,0.9230769230769231,wsdld_20000_24000.csv,WSD linear,cosine_72000.csv|wsd_20000_24000.csv|wsdcon_9.csv,Cosine + WSD sharp + WSD-con 9e-5,3,1
0.0025579541942073844,train_size_rho0p35,0.002392442188460672,-6.470483565402496,0.02476065165343103,0.35,400,0.8955223880597015,wsdcon_18.csv,WSD-con 18e-5,cosine_72000.csv|wsd_20000_24000.csv|wsdcon_9.csv,Cosine + WSD sharp + WSD-con 9e-5,3,1
0.008173606778800102,train_size_rho0p35,0.005496366562983379,-32.75469799649142,0.02476065165343103,0.35,400,0.8955223880597015,wsdcon_3.csv,WSD-con 3e-5,cosine_72000.csv|wsd_20000_24000.csv|wsdcon_9.csv,Cosine + WSD sharp + WSD-con 9e-5,3,1
0.0038535563963712593,train_size_rho0p35,0.0032978384978863914,-14.420909967949747,0.02476065165343103,0.35,400,0.8955223880597015,wsdld_20000_24000.csv,WSD linear,cosine_72000.csv|wsd_20000_24000.csv|wsdcon_9.csv,Cosine + WSD sharp + WSD-con 9e-5,3,1
0.0025579541942073844,train_size_rho0p5,0.0023968097065189507,-6.299740943499044,0.02369948086828398,0.5,400,0.8571428571428571,wsdcon_18.csv,WSD-con 18e-5,cosine_72000.csv|wsd_20000_24000.csv|wsdcon_9.csv,Cosine + WSD sharp + WSD-con 9e-5,3,1
0.008173606778800102,train_size_rho0p5,0.0055733963312158226,-31.81227722293235,0.02369948086828398,0.5,400,0.8571428571428571,wsdcon_3.csv,WSD-con 3e-5,cosine_72000.csv|wsd_20000_24000.csv|wsdcon_9.csv,Cosine + WSD sharp + WSD-con 9e-5,3,1
0.0038535563963712593,train_size_rho0p5,0.003321654979250025,-13.802870969323422,0.02369948086828398,0.5,400,0.8571428571428571,wsdld_20000_24000.csv,WSD linear,cosine_72000.csv|wsd_20000_24000.csv|wsdcon_9.csv,Cosine + WSD sharp + WSD-con 9e-5,3,1
0.0025579541942073844,train_size_rho0p75,0.0024044681062049596,-6.000345445981859,0.022119515477065053,0.75,400,0.8,wsdcon_18.csv,WSD-con 18e-5,cosine_72000.csv|wsd_20000_24000.csv|wsdcon_9.csv,Cosine + WSD sharp + WSD-con 9e-5,3,1
0.008173606778800102,train_size_rho0p75,0.005697694920215698,-30.291546016211367,0.022119515477065053,0.75,400,0.8,wsdcon_3.csv,WSD-con 3e-5,cosine_72000.csv|wsd_20000_24000.csv|wsdcon_9.csv,Cosine + WSD sharp + WSD-con 9e-5,3,1
0.0038535563963712593,train_size_rho0p75,0.0033571150737247723,-12.882679571368572,0.022119515477065053,0.75,400,0.8,wsdld_20000_24000.csv,WSD linear,cosine_72000.csv|wsd_20000_24000.csv|wsdcon_9.csv,Cosine + WSD sharp + WSD-con 9e-5,3,1
0.0025579541942073844,train_size_rho1p0,0.0024111692059301825,-5.738374385655687,0.020737045759748485,1.0,400,0.75,wsdcon_18.csv,WSD-con 18e-5,cosine_72000.csv|wsd_20000_24000.csv|wsdcon_9.csv,Cosine + WSD sharp + WSD-con 9e-5,3,1
0.008173606778800102,train_size_rho1p0,0.005815302289541752,-28.852678543028134,0.020737045759748485,1.0,400,0.75,wsdcon_3.csv,WSD-con 3e-5,cosine_72000.csv|wsd_20000_24000.csv|wsdcon_9.csv,Cosine + WSD sharp + WSD-con 9e-5,3,1
0.0038535563963712593,train_size_rho1p0,0.003388142656390186,-12.077512098157817,0.020737045759748485,1.0,400,0.75,wsdld_20000_24000.csv,WSD linear,cosine_72000.csv|wsd_20000_24000.csv|wsdcon_9.csv,Cosine + WSD sharp + WSD-con 9e-5,3,1
0.0025579541942073844,train_selected_rho,0.0023889542181578407,-6.606841374730344,0.02592130719968561,0.2,400,0.9375,wsdcon_18.csv,WSD-con 18e-5,cosine_72000.csv|wsd_20000_24000.csv|wsdcon_9.csv,Cosine + WSD sharp + WSD-con 9e-5,3,1
0.008173606778800102,train_selected_rho,0.00541653179954905,-33.731436486546954,0.02592130719968561,0.2,400,0.9375,wsdcon_3.csv,WSD-con 3e-5,cosine_72000.csv|wsd_20000_24000.csv|wsdcon_9.csv,Cosine + WSD sharp + WSD-con 9e-5,3,1
0.0038535563963712593,train_selected_rho,0.0032717892213949156,-15.096890122697326,0.02592130719968561,0.2,400,0.9375,wsdld_20000_24000.csv,WSD linear,cosine_72000.csv|wsd_20000_24000.csv|wsdcon_9.csv,Cosine + WSD sharp + WSD-con 9e-5,3,1
0.004487187642230267,none,0.0028148128567887917,-37.26999891206366,0.014400170162865003,0.0,25,1.0,wsdcon_3.csv,WSD-con 3e-5,cosine_72000.csv|wsd_20000_24000.csv|wsdcon_18.csv,Cosine + WSD sharp + WSD-con 18e-5,3,1
0.002926482771138891,none,0.002232425270448017,-23.716438980461497,0.014400170162865003,0.0,25,1.0,wsdcon_9.csv,WSD-con 9e-5,cosine_72000.csv|wsd_20000_24000.csv|wsdcon_18.csv,Cosine + WSD sharp + WSD-con 18e-5,3,1
0.0031360955249893426,none,0.0028132352458984647,-10.294975918884841,0.014400170162865003,0.0,25,1.0,wsdld_20000_24000.csv,WSD linear,cosine_72000.csv|wsd_20000_24000.csv|wsdcon_18.csv,Cosine + WSD sharp + WSD-con 18e-5,3,1
0.004487187642230267,constant_0p85,0.0029263129105210808,-34.78514508774554,0.012240144638435252,0.0,25,0.85,wsdcon_3.csv,WSD-con 3e-5,cosine_72000.csv|wsd_20000_24000.csv|wsdcon_18.csv,Cosine + WSD sharp + WSD-con 18e-5,3,1
0.002926482771138891,constant_0p85,0.002302831040771773,-21.310623678280294,0.012240144638435252,0.0,25,0.85,wsdcon_9.csv,WSD-con 9e-5,cosine_72000.csv|wsd_20000_24000.csv|wsdcon_18.csv,Cosine + WSD sharp + WSD-con 18e-5,3,1
0.0031360955249893426,constant_0p85,0.0028616642877620996,-8.750729531052015,0.012240144638435252,0.0,25,0.85,wsdld_20000_24000.csv,WSD linear,cosine_72000.csv|wsd_20000_24000.csv|wsdcon_18.csv,Cosine + WSD sharp + WSD-con 18e-5,3,1
0.004487187642230267,train_size_rho0p25,0.0028621588756959954,-36.21486097975131,0.013292464765721542,0.25,25,0.9230769230769231,wsdcon_3.csv,WSD-con 3e-5,cosine_72000.csv|wsd_20000_24000.csv|wsdcon_18.csv,Cosine + WSD sharp + WSD-con 18e-5,3,1
0.002926482771138891,train_size_rho0p25,0.002262952466323253,-22.67330296147323,0.013292464765721542,0.25,25,0.9230769230769231,wsdcon_9.csv,WSD-con 9e-5,cosine_72000.csv|wsd_20000_24000.csv|wsdcon_18.csv,Cosine + WSD sharp + WSD-con 18e-5,3,1
0.0031360955249893426,train_size_rho0p25,0.0028380706519823776,-9.503054694355262,0.013292464765721542,0.25,25,0.9230769230769231,wsdld_20000_24000.csv,WSD linear,cosine_72000.csv|wsd_20000_24000.csv|wsdcon_18.csv,Cosine + WSD sharp + WSD-con 18e-5,3,1
0.004487187642230267,train_size_rho0p35,0.002885085840000117,-35.70391813242419,0.012895674772714928,0.35,25,0.8955223880597015,wsdcon_3.csv,WSD-con 3e-5,cosine_72000.csv|wsd_20000_24000.csv|wsdcon_18.csv,Cosine + WSD sharp + WSD-con 18e-5,3,1
0.002926482771138891,train_size_rho0p35,0.0022744508506803906,-22.28039498092622,0.012895674772714928,0.35,25,0.8955223880597015,wsdcon_9.csv,WSD-con 9e-5,cosine_72000.csv|wsd_20000_24000.csv|wsdcon_18.csv,Cosine + WSD sharp + WSD-con 18e-5,3,1
0.0031360955249893426,train_size_rho0p35,0.0028469669168482573,-9.219381419896887,0.012895674772714928,0.35,25,0.8955223880597015,wsdld_20000_24000.csv,WSD linear,cosine_72000.csv|wsd_20000_24000.csv|wsdcon_18.csv,Cosine + WSD sharp + WSD-con 18e-5,3,1
0.004487187642230267,train_size_rho0p5,0.0029198440259194302,-34.929308539720886,0.012343002996741431,0.5,25,0.8571428571428571,wsdcon_3.csv,WSD-con 3e-5,cosine_72000.csv|wsd_20000_24000.csv|wsdcon_18.csv,Cosine + WSD sharp + WSD-con 18e-5,3,1
0.002926482771138891,train_size_rho0p5,0.0022983779430290905,-21.46278919883621,0.012343002996741431,0.5,25,0.8571428571428571,wsdcon_9.csv,WSD-con 9e-5,cosine_72000.csv|wsd_20000_24000.csv|wsdcon_18.csv,Cosine + WSD sharp + WSD-con 18e-5,3,1
0.0031360955249893426,train_size_rho0p5,0.0028593581429114476,-8.824265073329851,0.012343002996741431,0.5,25,0.8571428571428571,wsdld_20000_24000.csv,WSD linear,cosine_72000.csv|wsd_20000_24000.csv|wsdcon_18.csv,Cosine + WSD sharp + WSD-con 18e-5,3,1
0.004487187642230267,train_size_rho0p75,0.0029780320245009857,-33.632549785218835,0.011520136130292003,0.75,25,0.8,wsdcon_3.csv,WSD-con 3e-5,cosine_72000.csv|wsd_20000_24000.csv|wsdcon_18.csv,Cosine + WSD sharp + WSD-con 18e-5,3,1
0.002926482771138891,train_size_rho0p75,0.002335218489330585,-20.203921500559694,0.011520136130292003,0.75,25,0.8,wsdcon_9.csv,WSD-con 9e-5,cosine_72000.csv|wsd_20000_24000.csv|wsdcon_18.csv,Cosine + WSD sharp + WSD-con 18e-5,3,1
0.0031360955249893426,train_size_rho0p75,0.002877807301716645,-8.235980735107717,0.011520136130292003,0.75,25,0.8,wsdld_20000_24000.csv,WSD linear,cosine_72000.csv|wsd_20000_24000.csv|wsdcon_18.csv,Cosine + WSD sharp + WSD-con 18e-5,3,1
0.004487187642230267,train_size_rho1p0,0.0030343827283915614,-32.376736380844065,0.010800127622148752,1.0,25,0.75,wsdcon_3.csv,WSD-con 3e-5,cosine_72000.csv|wsd_20000_24000.csv|wsdcon_18.csv,Cosine + WSD sharp + WSD-con 18e-5,3,1
0.002926482771138891,train_size_rho1p0,0.0023678871664461203,-19.08760954281591,0.010800127622148752,1.0,25,0.75,wsdcon_9.csv,WSD-con 9e-5,cosine_72000.csv|wsd_20000_24000.csv|wsdcon_18.csv,Cosine + WSD sharp + WSD-con 18e-5,3,1
0.0031360955249893426,train_size_rho1p0,0.0028939503156711808,-7.721231939163742,0.010800127622148752,1.0,25,0.75,wsdld_20000_24000.csv,WSD linear,cosine_72000.csv|wsd_20000_24000.csv|wsdcon_18.csv,Cosine + WSD sharp + WSD-con 18e-5,3,1
0.004487187642230267,train_selected_rho,0.0028525444166976176,-36.429125676593785,0.013500159527685941,0.2,25,0.9375,wsdcon_3.csv,WSD-con 3e-5,cosine_72000.csv|wsd_20000_24000.csv|wsdcon_18.csv,Cosine + WSD sharp + WSD-con 18e-5,3,1
0.002926482771138891,train_selected_rho,0.0022570213992560164,-22.875971746190803,0.013500159527685941,0.2,25,0.9375,wsdcon_9.csv,WSD-con 9e-5,cosine_72000.csv|wsd_20000_24000.csv|wsdcon_18.csv,Cosine + WSD sharp + WSD-con 18e-5,3,1
0.0031360955249893426,train_selected_rho,0.002833414013341656,-9.651539923954166,0.013500159527685941,0.2,25,0.9375,wsdld_20000_24000.csv,WSD linear,cosine_72000.csv|wsd_20000_24000.csv|wsdcon_18.csv,Cosine + WSD sharp + WSD-con 18e-5,3,1
0.0056693997340904675,none,0.004439245030491217,-21.698147269493994,0.017583079423315252,0.0,100,1.0,wsdcon_3.csv,WSD-con 3e-5,cosine_72000.csv|wsd_20000_24000.csv|wsdcon_18.csv,Cosine + WSD sharp + WSD-con 18e-5,3,1
0.004934623402238123,none,0.00467065135885518,-5.349385796355155,0.017583079423315252,0.0,100,1.0,wsdcon_9.csv,WSD-con 9e-5,cosine_72000.csv|wsd_20000_24000.csv|wsdcon_18.csv,Cosine + WSD sharp + WSD-con 18e-5,3,1
0.003248313740665229,none,0.0028563961626428967,-12.065262450358949,0.017583079423315252,0.0,100,1.0,wsdld_20000_24000.csv,WSD linear,cosine_72000.csv|wsd_20000_24000.csv|wsdcon_18.csv,Cosine + WSD sharp + WSD-con 18e-5,3,1
0.0056693997340904675,constant_0p85,0.004501856844240523,-20.593765559154942,0.014945617509817963,0.0,100,0.85,wsdcon_3.csv,WSD-con 3e-5,cosine_72000.csv|wsd_20000_24000.csv|wsdcon_18.csv,Cosine + WSD sharp + WSD-con 18e-5,3,1
0.004934623402238123,constant_0p85,0.004657239338912641,-5.621179991155422,0.014945617509817963,0.0,100,0.85,wsdcon_9.csv,WSD-con 9e-5,cosine_72000.csv|wsd_20000_24000.csv|wsdcon_18.csv,Cosine + WSD sharp + WSD-con 18e-5,3,1
0.003248313740665229,constant_0p85,0.0029151837993462403,-10.255473082805299,0.014945617509817963,0.0,100,0.85,wsdld_20000_24000.csv,WSD linear,cosine_72000.csv|wsd_20000_24000.csv|wsdcon_18.csv,Cosine + WSD sharp + WSD-con 18e-5,3,1
0.0056693997340904675,train_size_rho0p25,0.0044655285587680525,-21.23454389859758,0.016230534852291003,0.25,100,0.9230769230769231,wsdcon_3.csv,WSD-con 3e-5,cosine_72000.csv|wsd_20000_24000.csv|wsdcon_18.csv,Cosine + WSD sharp + WSD-con 18e-5,3,1
0.004934623402238123,train_size_rho0p25,0.004661882896373611,-5.527078434005917,0.016230534852291003,0.25,100,0.9230769230769231,wsdcon_9.csv,WSD-con 9e-5,cosine_72000.csv|wsd_20000_24000.csv|wsdcon_18.csv,Cosine + WSD sharp + WSD-con 18e-5,3,1
0.003248313740665229,train_size_rho0p25,0.002886543668644609,-11.137165338793054,0.016230534852291003,0.25,100,0.9230769230769231,wsdld_20000_24000.csv,WSD linear,cosine_72000.csv|wsd_20000_24000.csv|wsdcon_18.csv,Cosine + WSD sharp + WSD-con 18e-5,3,1
0.0056693997340904675,train_size_rho0p35,0.004478348243866046,-21.008423220937335,0.015746041274610673,0.35,100,0.8955223880597015,wsdcon_3.csv,WSD-con 3e-5,cosine_72000.csv|wsd_20000_24000.csv|wsdcon_18.csv,Cosine + WSD sharp + WSD-con 18e-5,3,1
0.004934623402238123,train_size_rho0p35,0.0046587419545891864,-5.590729528089399,0.015746041274610673,0.35,100,0.8955223880597015,wsdcon_9.csv,WSD-con 9e-5,cosine_72000.csv|wsd_20000_24000.csv|wsdcon_18.csv,Cosine + WSD sharp + WSD-con 18e-5,3,1
0.003248313740665229,train_size_rho0p35,0.0028973427752720937,-10.804712642112557,0.015746041274610673,0.35,100,0.8955223880597015,wsdld_20000_24000.csv,WSD linear,cosine_72000.csv|wsd_20000_24000.csv|wsdcon_18.csv,Cosine + WSD sharp + WSD-con 18e-5,3,1
0.0056693997340904675,train_size_rho0p5,0.004497607674142214,-20.668714765377928,0.015071210934270215,0.5,100,0.8571428571428571,wsdcon_3.csv,WSD-con 3e-5,cosine_72000.csv|wsd_20000_24000.csv|wsdcon_18.csv,Cosine + WSD sharp + WSD-con 18e-5,3,1
0.004934623402238123,train_size_rho0p5,0.004657333352866946,-5.619274801100538,0.015071210934270215,0.5,100,0.8571428571428571,wsdcon_9.csv,WSD-con 9e-5,cosine_72000.csv|wsd_20000_24000.csv|wsdcon_18.csv,Cosine + WSD sharp + WSD-con 18e-5,3,1
0.003248313740665229,train_size_rho0p5,0.00291238438807466,-10.341653528879046,0.015071210934270215,0.5,100,0.8571428571428571,wsdld_20000_24000.csv,WSD linear,cosine_72000.csv|wsd_20000_24000.csv|wsdcon_18.csv,Cosine + WSD sharp + WSD-con 18e-5,3,1
0.0056693997340904675,train_size_rho0p75,0.004533227616402912,-20.040430574257783,0.014066463538652202,0.75,100,0.8,wsdcon_3.csv,WSD-con 3e-5,cosine_72000.csv|wsd_20000_24000.csv|wsdcon_18.csv,Cosine + WSD sharp + WSD-con 18e-5,3,1
0.004934623402238123,train_size_rho0p75,0.004656581241232388,-5.634516321541927,0.014066463538652202,0.75,100,0.8,wsdcon_9.csv,WSD-con 9e-5,cosine_72000.csv|wsd_20000_24000.csv|wsdcon_18.csv,Cosine + WSD sharp + WSD-con 18e-5,3,1
0.003248313740665229,train_size_rho0p75,0.0029347796782473643,-9.652209960287127,0.014066463538652202,0.75,100,0.8,wsdld_20000_24000.csv,WSD linear,cosine_72000.csv|wsd_20000_24000.csv|wsdcon_18.csv,Cosine + WSD sharp + WSD-con 18e-5,3,1
0.0056693997340904675,train_size_rho1p0,0.004569291950552631,-19.404307953852985,0.01318730956748644,1.0,100,0.75,wsdcon_3.csv,WSD-con 3e-5,cosine_72000.csv|wsd_20000_24000.csv|wsdcon_18.csv,Cosine + WSD sharp + WSD-con 18e-5,3,1
0.004934623402238123,train_size_rho1p0,0.004658328079300064,-5.5991166988091585,0.01318730956748644,1.0,100,0.75,wsdcon_9.csv,WSD-con 9e-5,cosine_72000.csv|wsd_20000_24000.csv|wsdcon_18.csv,Cosine + WSD sharp + WSD-con 18e-5,3,1
0.003248313740665229,train_size_rho1p0,0.0029543755571484805,-9.04894683776919,0.01318730956748644,1.0,100,0.75,wsdld_20000_24000.csv,WSD linear,cosine_72000.csv|wsd_20000_24000.csv|wsdcon_18.csv,Cosine + WSD sharp + WSD-con 18e-5,3,1
0.0056693997340904675,train_selected_rho,0.004459903582011062,-21.333760341621833,0.016484136959358048,0.2,100,0.9375,wsdcon_3.csv,WSD-con 3e-5,cosine_72000.csv|wsd_20000_24000.csv|wsdcon_18.csv,Cosine + WSD sharp + WSD-con 18e-5,3,1
0.004934623402238123,train_selected_rho,0.0046635269830889265,-5.493761064445957,0.016484136959358048,0.2,100,0.9375,wsdcon_9.csv,WSD-con 9e-5,cosine_72000.csv|wsd_20000_24000.csv|wsdcon_18.csv,Cosine + WSD sharp + WSD-con 18e-5,3,1
0.003248313740665229,train_selected_rho,0.0028808910112692967,-11.311183547211389,0.016484136959358048,0.2,100,0.9375,wsdld_20000_24000.csv,WSD linear,cosine_72000.csv|wsd_20000_24000.csv|wsdcon_18.csv,Cosine + WSD sharp + WSD-con 18e-5,3,1
0.008173606778800102,none,0.00515696039305334,-36.907163109082305,0.03080321647739509,0.0,400,1.0,wsdcon_3.csv,WSD-con 3e-5,cosine_72000.csv|wsd_20000_24000.csv|wsdcon_18.csv,Cosine + WSD sharp + WSD-con 18e-5,3,1
0.006687305974578527,none,0.006140017547234279,-8.183989627882127,0.03080321647739509,0.0,400,1.0,wsdcon_9.csv,WSD-con 9e-5,cosine_72000.csv|wsd_20000_24000.csv|wsdcon_18.csv,Cosine + WSD sharp + WSD-con 18e-5,3,1
0.0038535563963712593,none,0.00316222165417676,-17.940174505957717,0.03080321647739509,0.0,400,1.0,wsdld_20000_24000.csv,WSD linear,cosine_72000.csv|wsd_20000_24000.csv|wsdcon_18.csv,Cosine + WSD sharp + WSD-con 18e-5,3,1
0.008173606778800102,constant_0p85,0.0053990857842643476,-33.94487977733447,0.026182734005785826,0.0,400,0.85,wsdcon_3.csv,WSD-con 3e-5,cosine_72000.csv|wsd_20000_24000.csv|wsdcon_18.csv,Cosine + WSD sharp + WSD-con 18e-5,3,1
0.006687305974578527,constant_0p85,0.006153307239012755,-7.985259499053021,0.026182734005785826,0.0,400,0.85,wsdcon_9.csv,WSD-con 9e-5,cosine_72000.csv|wsd_20000_24000.csv|wsdcon_18.csv,Cosine + WSD sharp + WSD-con 18e-5,3,1
0.0038535563963712593,constant_0p85,0.0032659218655059323,-15.249148330064122,0.026182734005785826,0.0,400,0.85,wsdld_20000_24000.csv,WSD linear,cosine_72000.csv|wsd_20000_24000.csv|wsdcon_18.csv,Cosine + WSD sharp + WSD-con 18e-5,3,1
0.008173606778800102,train_size_rho0p25,0.00526547278700274,-35.57956812089608,0.02843373828682624,0.25,400,0.9230769230769231,wsdcon_3.csv,WSD-con 3e-5,cosine_72000.csv|wsd_20000_24000.csv|wsdcon_18.csv,Cosine + WSD sharp + WSD-con 18e-5,3,1
0.006687305974578527,train_size_rho0p25,0.006143015253933911,-8.139162806572797,0.02843373828682624,0.25,400,0.9230769230769231,wsdcon_9.csv,WSD-con 9e-5,cosine_72000.csv|wsd_20000_24000.csv|wsdcon_18.csv,Cosine + WSD sharp + WSD-con 18e-5,3,1
0.0038535563963712593,train_size_rho0p25,0.003215401249730182,-16.560161082422532,0.02843373828682624,0.25,400,0.9230769230769231,wsdld_20000_24000.csv,WSD linear,cosine_72000.csv|wsd_20000_24000.csv|wsdcon_18.csv,Cosine + WSD sharp + WSD-con 18e-5,3,1
0.008173606778800102,train_size_rho0p35,0.0053115830074966066,-35.01543258389591,0.027584969979756797,0.35,400,0.8955223880597015,wsdcon_3.csv,WSD-con 3e-5,cosine_72000.csv|wsd_20000_24000.csv|wsdcon_18.csv,Cosine + WSD sharp + WSD-con 18e-5,3,1
0.006687305974578527,train_size_rho0p35,0.006146717455717066,-8.083801173693605,0.027584969979756797,0.35,400,0.8955223880597015,wsdcon_9.csv,WSD-con 9e-5,cosine_72000.csv|wsd_20000_24000.csv|wsdcon_18.csv,Cosine + WSD sharp + WSD-con 18e-5,3,1
0.0038535563963712593,train_size_rho0p35,0.0032344506570926106,-16.065827915782837,0.027584969979756797,0.35,400,0.8955223880597015,wsdld_20000_24000.csv,WSD linear,cosine_72000.csv|wsd_20000_24000.csv|wsdcon_18.csv,Cosine + WSD sharp + WSD-con 18e-5,3,1
0.008173606778800102,train_size_rho0p5,0.005384402805730989,-34.12451869232903,0.026402756980624362,0.5,400,0.8571428571428571,wsdcon_3.csv,WSD-con 3e-5,cosine_72000.csv|wsd_20000_24000.csv|wsdcon_18.csv,Cosine + WSD sharp + WSD-con 18e-5,3,1
0.006687305974578527,train_size_rho0p5,0.006151874093915064,-8.006690327897093,0.026402756980624362,0.5,400,0.8571428571428571,wsdcon_9.csv,WSD-con 9e-5,cosine_72000.csv|wsd_20000_24000.csv|wsdcon_18.csv,Cosine + WSD sharp + WSD-con 18e-5,3,1
0.0038535563963712593,train_size_rho0p5,0.0032609837602045437,-15.377292433678091,0.026402756980624362,0.5,400,0.8571428571428571,wsdld_20000_24000.csv,WSD linear,cosine_72000.csv|wsd_20000_24000.csv|wsdcon_18.csv,Cosine + WSD sharp + WSD-con 18e-5,3,1
0.008173606778800102,train_size_rho0p75,0.005504937810346521,-32.64983306237966,0.024642573181916073,0.75,400,0.8,wsdcon_3.csv,WSD-con 3e-5,cosine_72000.csv|wsd_20000_24000.csv|wsdcon_18.csv,Cosine + WSD sharp + WSD-con 18e-5,3,1
0.006687305974578527,train_size_rho0p75,0.006167039601759618,-7.779909799202811,0.024642573181916073,0.75,400,0.8,wsdcon_9.csv,WSD-con 9e-5,cosine_72000.csv|wsd_20000_24000.csv|wsdcon_18.csv,Cosine + WSD sharp + WSD-con 18e-5,3,1
0.0038535563963712593,train_size_rho0p75,0.0033004886026156604,-14.352139604766156,0.024642573181916073,0.75,400,0.8,wsdld_20000_24000.csv,WSD linear,cosine_72000.csv|wsd_20000_24000.csv|wsdcon_18.csv,Cosine + WSD sharp + WSD-con 18e-5,3,1
0.008173606778800102,train_size_rho1p0,0.00561924381379937,-31.25135615314879,0.023102412358046318,1.0,400,0.75,wsdcon_3.csv,WSD-con 3e-5,cosine_72000.csv|wsd_20000_24000.csv|wsdcon_18.csv,Cosine + WSD sharp + WSD-con 18e-5,3,1
0.006687305974578527,train_size_rho1p0,0.006181822007483233,-7.558858066564733,0.023102412358046318,1.0,400,0.75,wsdcon_9.csv,WSD-con 9e-5,cosine_72000.csv|wsd_20000_24000.csv|wsdcon_18.csv,Cosine + WSD sharp + WSD-con 18e-5,3,1
0.0038535563963712593,train_size_rho1p0,0.003335055339725388,-13.455130879468202,0.023102412358046318,1.0,400,0.75,wsdld_20000_24000.csv,WSD linear,cosine_72000.csv|wsd_20000_24000.csv|wsdcon_18.csv,Cosine + WSD sharp + WSD-con 18e-5,3,1
0.008173606778800102,train_selected_rho,0.005241336968463009,-35.87485781604428,0.028878015447557897,0.2,400,0.9375,wsdcon_3.csv,WSD-con 3e-5,cosine_72000.csv|wsd_20000_24000.csv|wsdcon_18.csv,Cosine + WSD sharp + WSD-con 18e-5,3,1
0.006687305974578527,train_selected_rho,0.006141077382688026,-8.168141161283227,0.028878015447557897,0.2,400,0.9375,wsdcon_9.csv,WSD-con 9e-5,cosine_72000.csv|wsd_20000_24000.csv|wsdcon_18.csv,Cosine + WSD sharp + WSD-con 18e-5,3,1
0.0038535563963712593,train_selected_rho,0.0032054300755639193,-16.81891359933527,0.028878015447557897,0.2,400,0.9375,wsdld_20000_24000.csv,WSD linear,cosine_72000.csv|wsd_20000_24000.csv|wsdcon_18.csv,Cosine + WSD sharp + WSD-con 18e-5,3,1
0.003408385839825258,none,0.0031309057947502264,-8.141098400093616,0.008905822798709192,0.0,25,1.0,wsd_20000_24000.csv,WSD sharp,cosine_72000.csv|wsdld_20000_24000.csv|wsdcon_3.csv,Cosine + WSD linear + WSD-con 3e-5,3,1
0.002504818961791151,none,0.002322600200425328,-7.2747278005082405,0.008905822798709192,0.0,25,1.0,wsdcon_18.csv,WSD-con 18e-5,cosine_72000.csv|wsdld_20000_24000.csv|wsdcon_3.csv,Cosine + WSD linear + WSD-con 3e-5,3,1
0.002926482771138891,none,0.0024601456700909254,-15.935070783501736,0.008905822798709192,0.0,25,1.0,wsdcon_9.csv,WSD-con 9e-5,cosine_72000.csv|wsdld_20000_24000.csv|wsdcon_3.csv,Cosine + WSD linear + WSD-con 3e-5,3,1
0.003408385839825258,constant_0p85,0.003172527801511484,-6.91993364007949,0.007569949378902812,0.0,25,0.85,wsd_20000_24000.csv,WSD sharp,cosine_72000.csv|wsdld_20000_24000.csv|wsdcon_3.csv,Cosine + WSD linear + WSD-con 3e-5,3,1
0.002504818961791151,constant_0p85,0.0023499330146302083,-6.183518630431739,0.007569949378902812,0.0,25,0.85,wsdcon_18.csv,WSD-con 18e-5,cosine_72000.csv|wsdld_20000_24000.csv|wsdcon_3.csv,Cosine + WSD linear + WSD-con 3e-5,3,1
0.002926482771138891,constant_0p85,0.002528178958220303,-13.610324887153913,0.007569949378902812,0.0,25,0.85,wsdcon_9.csv,WSD-con 9e-5,cosine_72000.csv|wsdld_20000_24000.csv|wsdcon_3.csv,Cosine + WSD linear + WSD-con 3e-5,3,1
0.003408385839825258,train_size_rho0p25,0.0031522504136021513,-7.514860061624895,0.008220759506500792,0.25,25,0.9230769230769231,wsd_20000_24000.csv,WSD sharp,cosine_72000.csv|wsdld_20000_24000.csv|wsdcon_3.csv,Cosine + WSD linear + WSD-con 3e-5,3,1
0.002504818961791151,train_size_rho0p25,0.002336617028222704,-6.715133354315094,0.008220759506500792,0.25,25,0.9230769230769231,wsdcon_18.csv,WSD-con 18e-5,cosine_72000.csv|wsdld_20000_24000.csv|wsdcon_3.csv,Cosine + WSD linear + WSD-con 3e-5,3,1
0.002926482771138891,train_size_rho0p25,0.0024950345357983013,-14.742893400759172,0.008220759506500792,0.25,25,0.9230769230769231,wsdcon_9.csv,WSD-con 9e-5,cosine_72000.csv|wsdld_20000_24000.csv|wsdcon_3.csv,Cosine + WSD linear + WSD-con 3e-5,3,1
0.003408385839825258,train_size_rho0p35,0.0031598962472207453,-7.290535880681048,0.00797536370033659,0.35,25,0.8955223880597015,wsd_20000_24000.csv,WSD sharp,cosine_72000.csv|wsdld_20000_24000.csv|wsdcon_3.csv,Cosine + WSD linear + WSD-con 3e-5,3,1
0.002504818961791151,train_size_rho0p35,0.002341637981463566,-6.514681612394735,0.00797536370033659,0.35,25,0.8955223880597015,wsdcon_18.csv,WSD-con 18e-5,cosine_72000.csv|wsdld_20000_24000.csv|wsdcon_3.csv,Cosine + WSD linear + WSD-con 3e-5,3,1
0.002926482771138891,train_size_rho0p35,0.0025075320399322834,-14.315844786045517,0.00797536370033659,0.35,25,0.8955223880597015,wsdcon_9.csv,WSD-con 9e-5,cosine_72000.csv|wsdld_20000_24000.csv|wsdcon_3.csv,Cosine + WSD linear + WSD-con 3e-5,3,1
0.003408385839825258,train_size_rho0p5,0.003170545801189517,-6.978084342937374,0.007633562398893593,0.5,25,0.8571428571428571,wsd_20000_24000.csv,WSD sharp,cosine_72000.csv|wsdld_20000_24000.csv|wsdcon_3.csv,Cosine + WSD linear + WSD-con 3e-5,3,1
0.002504818961791151,train_size_rho0p5,0.0023486314520490283,-6.23548097186376,0.007633562398893593,0.5,25,0.8571428571428571,wsdcon_18.csv,WSD-con 18e-5,cosine_72000.csv|wsdld_20000_24000.csv|wsdcon_3.csv,Cosine + WSD linear + WSD-con 3e-5,3,1
0.002926482771138891,train_size_rho0p5,0.0025249392778331926,-13.72102707269418,0.007633562398893593,0.5,25,0.8571428571428571,wsdcon_9.csv,WSD-con 9e-5,cosine_72000.csv|wsdld_20000_24000.csv|wsdcon_3.csv,Cosine + WSD linear + WSD-con 3e-5,3,1
0.003408385839825258,train_size_rho0p75,0.0031864018037652273,-6.512878720075054,0.007124658238967354,0.75,25,0.8,wsd_20000_24000.csv,WSD sharp,cosine_72000.csv|wsdld_20000_24000.csv|wsdcon_3.csv,Cosine + WSD linear + WSD-con 3e-5,3,1
0.002504818961791151,train_size_rho0p75,0.002359043952698494,-5.819782240406546,0.007124658238967354,0.75,25,0.8,wsdcon_18.csv,WSD-con 18e-5,cosine_72000.csv|wsdld_20000_24000.csv|wsdcon_3.csv,Cosine + WSD linear + WSD-con 3e-5,3,1
0.002926482771138891,train_size_rho0p75,0.002550856720930089,-12.835409588371526,0.007124658238967354,0.75,25,0.8,wsdcon_9.csv,WSD-con 9e-5,cosine_72000.csv|wsdld_20000_24000.csv|wsdcon_3.csv,Cosine + WSD linear + WSD-con 3e-5,3,1
0.003408385839825258,train_size_rho1p0,0.003200275806018991,-6.10582380007002,0.006679367099031894,1.0,25,0.75,wsd_20000_24000.csv,WSD sharp,cosine_72000.csv|wsdld_20000_24000.csv|wsdcon_3.csv,Cosine + WSD linear + WSD-con 3e-5,3,1
0.002504818961791151,train_size_rho1p0,0.0023681548907668027,-5.4560458503804306,0.006679367099031894,1.0,25,0.75,wsdcon_18.csv,WSD-con 18e-5,cosine_72000.csv|wsdld_20000_24000.csv|wsdcon_3.csv,Cosine + WSD linear + WSD-con 3e-5,3,1
0.002926482771138891,train_size_rho1p0,0.0025735344836398844,-12.060494289588819,0.006679367099031894,1.0,25,0.75,wsdcon_9.csv,WSD-con 9e-5,cosine_72000.csv|wsdld_20000_24000.csv|wsdcon_3.csv,Cosine + WSD linear + WSD-con 3e-5,3,1
0.003408385839825258,train_selected_rho,0.0031309057947502264,-8.141098400093616,0.008905822798709192,0.0,25,1.0,wsd_20000_24000.csv,WSD sharp,cosine_72000.csv|wsdld_20000_24000.csv|wsdcon_3.csv,Cosine + WSD linear + WSD-con 3e-5,3,1
0.002504818961791151,train_selected_rho,0.002322600200425328,-7.2747278005082405,0.008905822798709192,0.0,25,1.0,wsdcon_18.csv,WSD-con 18e-5,cosine_72000.csv|wsdld_20000_24000.csv|wsdcon_3.csv,Cosine + WSD linear + WSD-con 3e-5,3,1
0.002926482771138891,train_selected_rho,0.0024601456700909254,-15.935070783501736,0.008905822798709192,0.0,25,1.0,wsdcon_9.csv,WSD-con 9e-5,cosine_72000.csv|wsdld_20000_24000.csv|wsdcon_3.csv,Cosine + WSD linear + WSD-con 3e-5,3,1
0.0037480705220761528,none,0.003322294532525848,-11.359871353606666,0.013745819894038806,0.0,100,1.0,wsd_20000_24000.csv,WSD sharp,cosine_72000.csv|wsdld_20000_24000.csv|wsdcon_3.csv,Cosine + WSD linear + WSD-con 3e-5,3,1
0.0013816404339982303,none,0.001221387050187232,-11.598776343513094,0.013745819894038806,0.0,100,1.0,wsdcon_18.csv,WSD-con 18e-5,cosine_72000.csv|wsdld_20000_24000.csv|wsdcon_3.csv,Cosine + WSD linear + WSD-con 3e-5,3,1
0.004934623402238123,none,0.00465634122088825,-5.639380326848387,0.013745819894038806,0.0,100,1.0,wsdcon_9.csv,WSD-con 9e-5,cosine_72000.csv|wsdld_20000_24000.csv|wsdcon_3.csv,Cosine + WSD linear + WSD-con 3e-5,3,1
0.0037480705220761528,constant_0p85,0.0033861609309583924,-9.655890650565702,0.011683946909932985,0.0,100,0.85,wsd_20000_24000.csv,WSD sharp,cosine_72000.csv|wsdld_20000_24000.csv|wsdcon_3.csv,Cosine + WSD linear + WSD-con 3e-5,3,1
0.0013816404339982303,constant_0p85,0.0012335026692605715,-10.721875322436357,0.011683946909932985,0.0,100,0.85,wsdcon_18.csv,WSD-con 18e-5,cosine_72000.csv|wsdld_20000_24000.csv|wsdcon_3.csv,Cosine + WSD linear + WSD-con 3e-5,3,1
0.004934623402238123,constant_0p85,0.004664885524795124,-5.4662302562067495,0.011683946909932985,0.0,100,0.85,wsdcon_9.csv,WSD-con 9e-5,cosine_72000.csv|wsdld_20000_24000.csv|wsdcon_3.csv,Cosine + WSD linear + WSD-con 3e-5,3,1
0.0037480705220761528,train_size_rho0p25,0.0033550465317220227,-10.486035095636993,0.012688449132958898,0.25,100,0.9230769230769231,wsd_20000_24000.csv,WSD sharp,cosine_72000.csv|wsdld_20000_24000.csv|wsdcon_3.csv,Cosine + WSD linear + WSD-con 3e-5,3,1
0.0013816404339982303,train_size_rho0p25,0.001225052674719796,-11.333466756274369,0.012688449132958898,0.25,100,0.9230769230769231,wsdcon_18.csv,WSD-con 18e-5,cosine_72000.csv|wsdld_20000_24000.csv|wsdcon_3.csv,Cosine + WSD linear + WSD-con 3e-5,3,1
0.004934623402238123,train_size_rho0p25,0.004660504034710842,-5.555021025575179,0.012688449132958898,0.25,100,0.9230769230769231,wsdcon_9.csv,WSD-con 9e-5,cosine_72000.csv|wsdld_20000_24000.csv|wsdcon_3.csv,Cosine + WSD linear + WSD-con 3e-5,3,1
0.0037480705220761528,train_size_rho0p35,0.003366778591135582,-10.17301912263282,0.012309689457348184,0.35,100,0.8955223880597015,wsd_20000_24000.csv,WSD sharp,cosine_72000.csv|wsdld_20000_24000.csv|wsdcon_3.csv,Cosine + WSD linear + WSD-con 3e-5,3,1
0.0013816404339982303,train_size_rho0p35,0.0012282388470525303,-11.102858831496565,0.012309689457348184,0.35,100,0.8955223880597015,wsdcon_18.csv,WSD-con 18e-5,cosine_72000.csv|wsdld_20000_24000.csv|wsdcon_3.csv,Cosine + WSD linear + WSD-con 3e-5,3,1
0.004934623402238123,train_size_rho0p35,0.004662156128379691,-5.521541395334295,0.012309689457348184,0.35,100,0.8955223880597015,wsdcon_9.csv,WSD-con 9e-5,cosine_72000.csv|wsdld_20000_24000.csv|wsdcon_3.csv,Cosine + WSD linear + WSD-con 3e-5,3,1
0.0037480705220761528,train_size_rho0p5,0.0033831196738901784,-9.737032588805683,0.011782131337747546,0.5,100,0.8571428571428571,wsd_20000_24000.csv,WSD sharp,cosine_72000.csv|wsdld_20000_24000.csv|wsdcon_3.csv,Cosine + WSD linear + WSD-con 3e-5,3,1
0.0013816404339982303,train_size_rho0p5,0.001232676729944569,-10.781654936269192,0.011782131337747546,0.5,100,0.8571428571428571,wsdcon_18.csv,WSD-con 18e-5,cosine_72000.csv|wsdld_20000_24000.csv|wsdcon_3.csv,Cosine + WSD linear + WSD-con 3e-5,3,1
0.004934623402238123,train_size_rho0p5,0.0046644572588470405,-5.4749090532125955,0.011782131337747546,0.5,100,0.8571428571428571,wsdcon_9.csv,WSD-con 9e-5,cosine_72000.csv|wsdld_20000_24000.csv|wsdcon_3.csv,Cosine + WSD linear + WSD-con 3e-5,3,1
0.0037480705220761528,train_size_rho0p75,0.003407449730435903,-9.087897082885487,0.010996655915231045,0.75,100,0.8,wsd_20000_24000.csv,WSD sharp,cosine_72000.csv|wsdld_20000_24000.csv|wsdcon_3.csv,Cosine + WSD linear + WSD-con 3e-5,3,1
0.0013816404339982303,train_size_rho0p75,0.0012408736332804578,-10.18838166963727,0.010996655915231045,0.75,100,0.8,wsdcon_18.csv,WSD-con 18e-5,cosine_72000.csv|wsdld_20000_24000.csv|wsdcon_3.csv,Cosine + WSD linear + WSD-con 3e-5,3,1
0.004934623402238123,train_size_rho0p75,0.004667883386431745,-5.405478677165032,0.010996655915231045,0.75,100,0.8,wsdcon_9.csv,WSD-con 9e-5,cosine_72000.csv|wsdld_20000_24000.csv|wsdcon_3.csv,Cosine + WSD linear + WSD-con 3e-5,3,1
0.0037480705220761528,train_size_rho1p0,0.003428738529913419,-8.51990351520514,0.010309364920529104,1.0,100,0.75,wsd_20000_24000.csv,WSD sharp,cosine_72000.csv|wsdld_20000_24000.csv|wsdcon_3.csv,Cosine + WSD linear + WSD-con 3e-5,3,1
0.0013816404339982303,train_size_rho1p0,0.001248249239993037,-9.654551989274228,0.010309364920529104,1.0,100,0.75,wsdcon_18.csv,WSD-con 18e-5,cosine_72000.csv|wsdld_20000_24000.csv|wsdcon_3.csv,Cosine + WSD linear + WSD-con 3e-5,3,1
0.004934623402238123,train_size_rho1p0,0.004670881248068375,-5.344727098123158,0.010309364920529104,1.0,100,0.75,wsdcon_9.csv,WSD-con 9e-5,cosine_72000.csv|wsdld_20000_24000.csv|wsdcon_3.csv,Cosine + WSD linear + WSD-con 3e-5,3,1
0.0037480705220761528,train_selected_rho,0.003322294532525848,-11.359871353606666,0.013745819894038806,0.0,100,1.0,wsd_20000_24000.csv,WSD sharp,cosine_72000.csv|wsdld_20000_24000.csv|wsdcon_3.csv,Cosine + WSD linear + WSD-con 3e-5,3,1
0.0013816404339982303,train_selected_rho,0.001221387050187232,-11.598776343513094,0.013745819894038806,0.0,100,1.0,wsdcon_18.csv,WSD-con 18e-5,cosine_72000.csv|wsdld_20000_24000.csv|wsdcon_3.csv,Cosine + WSD linear + WSD-con 3e-5,3,1
0.004934623402238123,train_selected_rho,0.00465634122088825,-5.639380326848387,0.013745819894038806,0.0,100,1.0,wsdcon_9.csv,WSD-con 9e-5,cosine_72000.csv|wsdld_20000_24000.csv|wsdcon_3.csv,Cosine + WSD linear + WSD-con 3e-5,3,1
0.004701998914275349,none,0.004030555887518987,-14.279948570763157,0.02149430793857572,0.0,400,1.0,wsd_20000_24000.csv,WSD sharp,cosine_72000.csv|wsdld_20000_24000.csv|wsdcon_3.csv,Cosine + WSD linear + WSD-con 3e-5,3,1
0.0025579541942073844,none,0.002407498608798894,-5.881871761003554,0.02149430793857572,0.0,400,1.0,wsdcon_18.csv,WSD-con 18e-5,cosine_72000.csv|wsdld_20000_24000.csv|wsdcon_3.csv,Cosine + WSD linear + WSD-con 3e-5,3,1
0.006687305974578527,none,0.0062026870918346615,-7.246847752833818,0.02149430793857572,0.0,400,1.0,wsdcon_9.csv,WSD-con 9e-5,cosine_72000.csv|wsdld_20000_24000.csv|wsdcon_3.csv,Cosine + WSD linear + WSD-con 3e-5,3,1
0.004701998914275349,constant_0p85,0.004131272341532447,-12.137956285148555,0.01827016174778936,0.0,400,0.85,wsd_20000_24000.csv,WSD sharp,cosine_72000.csv|wsdld_20000_24000.csv|wsdcon_3.csv,Cosine + WSD linear + WSD-con 3e-5,3,1
0.0025579541942073844,constant_0p85,0.00242312667275039,-5.270912268965489,0.01827016174778936,0.0,400,0.85,wsdcon_18.csv,WSD-con 18e-5,cosine_72000.csv|wsdld_20000_24000.csv|wsdcon_3.csv,Cosine + WSD linear + WSD-con 3e-5,3,1
0.006687305974578527,constant_0p85,0.0062523904128927036,-6.50359895807272,0.01827016174778936,0.0,400,0.85,wsdcon_9.csv,WSD-con 9e-5,cosine_72000.csv|wsdld_20000_24000.csv|wsdcon_3.csv,Cosine + WSD linear + WSD-con 3e-5,3,1
0.004701998914275349,train_size_rho0p25,0.0040822053511156385,-13.181490988396583,0.01984089963560836,0.25,400,0.9230769230769231,wsd_20000_24000.csv,WSD sharp,cosine_72000.csv|wsdld_20000_24000.csv|wsdcon_3.csv,Cosine + WSD linear + WSD-con 3e-5,3,1
0.0025579541942073844,train_size_rho0p25,0.002415513000568886,-5.56855920098428,0.01984089963560836,0.25,400,0.9230769230769231,wsdcon_18.csv,WSD-con 18e-5,cosine_72000.csv|wsdld_20000_24000.csv|wsdcon_3.csv,Cosine + WSD linear + WSD-con 3e-5,3,1
0.006687305974578527,train_size_rho0p25,0.0062263286016759995,-6.89331959169972,0.01984089963560836,0.25,400,0.9230769230769231,wsdcon_9.csv,WSD-con 9e-5,cosine_72000.csv|wsdld_20000_24000.csv|wsdcon_3.csv,Cosine + WSD linear + WSD-con 3e-5,3,1
0.004701998914275349,train_size_rho0p35,0.004100706651508463,-12.78801364545944,0.01924863397484393,0.35,400,0.8955223880597015,wsd_20000_24000.csv,WSD sharp,cosine_72000.csv|wsdld_20000_24000.csv|wsdcon_3.csv,Cosine + WSD linear + WSD-con 3e-5,3,1
0.0025579541942073844,train_size_rho0p35,0.0024183838274715744,-5.4563278362010585,0.01924863397484393,0.35,400,0.8955223880597015,wsdcon_18.csv,WSD-con 18e-5,cosine_72000.csv|wsdld_20000_24000.csv|wsdcon_3.csv,Cosine + WSD linear + WSD-con 3e-5,3,1
0.006687305974578527,train_size_rho0p35,0.006236155521851961,-6.74637072748866,0.01924863397484393,0.35,400,0.8955223880597015,wsdcon_9.csv,WSD-con 9e-5,cosine_72000.csv|wsdld_20000_24000.csv|wsdcon_3.csv,Cosine + WSD linear + WSD-con 3e-5,3,1
0.004701998914275349,train_size_rho0p5,0.0041264763199127495,-12.239955917797063,0.018423692518779188,0.5,400,0.8571428571428571,wsd_20000_24000.csv,WSD sharp,cosine_72000.csv|wsdld_20000_24000.csv|wsdcon_3.csv,Cosine + WSD linear + WSD-con 3e-5,3,1
0.0025579541942073844,train_size_rho0p5,0.0024223824792288877,-5.300005578110256,0.018423692518779188,0.5,400,0.8571428571428571,wsdcon_18.csv,WSD-con 18e-5,cosine_72000.csv|wsdld_20000_24000.csv|wsdcon_3.csv,Cosine + WSD linear + WSD-con 3e-5,3,1
0.006687305974578527,train_size_rho0p5,0.006249843017811393,-6.541691952336692,0.018423692518779188,0.5,400,0.8571428571428571,wsdcon_9.csv,WSD-con 9e-5,cosine_72000.csv|wsdld_20000_24000.csv|wsdcon_3.csv,Cosine + WSD linear + WSD-con 3e-5,3,1
0.004701998914275349,train_size_rho0p75,0.004164844492870267,-11.423958856610362,0.017195446350860576,0.75,400,0.8,wsd_20000_24000.csv,WSD sharp,cosine_72000.csv|wsdld_20000_24000.csv|wsdcon_3.csv,Cosine + WSD linear + WSD-con 3e-5,3,1
0.0025579541942073844,train_size_rho0p75,0.00242856805758618,-5.058188176872191,0.017195446350860576,0.75,400,0.8,wsdcon_18.csv,WSD-con 18e-5,cosine_72000.csv|wsdld_20000_24000.csv|wsdcon_3.csv,Cosine + WSD linear + WSD-con 3e-5,3,1
0.006687305974578527,train_size_rho0p75,0.006270222178462025,-6.236947998222697,0.017195446350860576,0.75,400,0.8,wsdcon_9.csv,WSD-con 9e-5,cosine_72000.csv|wsdld_20000_24000.csv|wsdcon_3.csv,Cosine + WSD linear + WSD-con 3e-5,3,1
0.004701998914275349,train_size_rho1p0,0.004198416644208078,-10.709961428072345,0.01612073095393179,1.0,400,0.75,wsd_20000_24000.csv,WSD sharp,cosine_72000.csv|wsdld_20000_24000.csv|wsdcon_3.csv,Cosine + WSD linear + WSD-con 3e-5,3,1
0.0025579541942073844,train_size_rho1p0,0.0024350261331086186,-4.805717841904389,0.01612073095393179,1.0,400,0.75,wsdcon_18.csv,WSD-con 18e-5,cosine_72000.csv|wsdld_20000_24000.csv|wsdcon_3.csv,Cosine + WSD linear + WSD-con 3e-5,3,1
0.006687305974578527,train_size_rho1p0,0.006288053944031368,-5.970297038372352,0.01612073095393179,1.0,400,0.75,wsdcon_9.csv,WSD-con 9e-5,cosine_72000.csv|wsdld_20000_24000.csv|wsdcon_3.csv,Cosine + WSD linear + WSD-con 3e-5,3,1
0.004701998914275349,train_selected_rho,0.004030555887518987,-14.279948570763157,0.02149430793857572,0.0,400,1.0,wsd_20000_24000.csv,WSD sharp,cosine_72000.csv|wsdld_20000_24000.csv|wsdcon_3.csv,Cosine + WSD linear + WSD-con 3e-5,3,1
0.0025579541942073844,train_selected_rho,0.002407498608798894,-5.881871761003554,0.02149430793857572,0.0,400,1.0,wsdcon_18.csv,WSD-con 18e-5,cosine_72000.csv|wsdld_20000_24000.csv|wsdcon_3.csv,Cosine + WSD linear + WSD-con 3e-5,3,1
0.006687305974578527,train_selected_rho,0.0062026870918346615,-7.246847752833818,0.02149430793857572,0.0,400,1.0,wsdcon_9.csv,WSD-con 9e-5,cosine_72000.csv|wsdld_20000_24000.csv|wsdcon_3.csv,Cosine + WSD linear + WSD-con 3e-5,3,1
0.003408385839825258,none,0.003097361050253725,-9.125281120974215,0.009982453553302783,0.0,25,1.0,wsd_20000_24000.csv,WSD sharp,cosine_72000.csv|wsdld_20000_24000.csv|wsdcon_9.csv,Cosine + WSD linear + WSD-con 9e-5,3,1
0.002504818961791151,none,0.0023005716549462257,-8.154174411825421,0.009982453553302783,0.0,25,1.0,wsdcon_18.csv,WSD-con 18e-5,cosine_72000.csv|wsdld_20000_24000.csv|wsdcon_9.csv,Cosine + WSD linear + WSD-con 9e-5,3,1
0.004487187642230267,none,0.0031043060514470114,-30.818448013373523,0.009982453553302783,0.0,25,1.0,wsdcon_3.csv,WSD-con 3e-5,cosine_72000.csv|wsdld_20000_24000.csv|wsdcon_9.csv,Cosine + WSD linear + WSD-con 9e-5,3,1
0.003408385839825258,constant_0p85,0.0031440147686894546,-7.7564889528281,0.008485085520307365,0.0,25,0.85,wsd_20000_24000.csv,WSD sharp,cosine_72000.csv|wsdld_20000_24000.csv|wsdcon_9.csv,Cosine + WSD linear + WSD-con 9e-5,3,1
0.002504818961791151,constant_0p85,0.002331208750972939,-6.931048250052618,0.008485085520307365,0.0,25,0.85,wsdcon_18.csv,WSD-con 18e-5,cosine_72000.csv|wsdld_20000_24000.csv|wsdcon_9.csv,Cosine + WSD linear + WSD-con 9e-5,3,1
0.004487187642230267,constant_0p85,0.0032770330118323554,-26.969111320613926,0.008485085520307365,0.0,25,0.85,wsdcon_3.csv,WSD-con 3e-5,cosine_72000.csv|wsdld_20000_24000.csv|wsdcon_9.csv,Cosine + WSD linear + WSD-con 9e-5,3,1
0.003408385839825258,train_size_rho0p25,0.0031212860340669103,-8.423336419361094,0.00921457251074103,0.25,25,0.9230769230769231,wsd_20000_24000.csv,WSD sharp,cosine_72000.csv|wsdld_20000_24000.csv|wsdcon_9.csv,Cosine + WSD linear + WSD-con 9e-5,3,1
0.002504818961791151,train_size_rho0p25,0.0023162829862419937,-7.526930226300211,0.00921457251074103,0.25,25,0.9230769230769231,wsdcon_18.csv,WSD-con 18e-5,cosine_72000.csv|wsdld_20000_24000.csv|wsdcon_9.csv,Cosine + WSD linear + WSD-con 9e-5,3,1
0.004487187642230267,train_size_rho0p25,0.003189043152635592,-28.9300246189272,0.00921457251074103,0.25,25,0.9230769230769231,wsdcon_3.csv,WSD-con 3e-5,cosine_72000.csv|wsdld_20000_24000.csv|wsdcon_9.csv,Cosine + WSD linear + WSD-con 9e-5,3,1
0.003408385839825258,train_size_rho0p35,0.003129856177522393,-8.171893541170938,0.00893951064474876,0.35,25,0.8955223880597015,wsd_20000_24000.csv,WSD sharp,cosine_72000.csv|wsdld_20000_24000.csv|wsdcon_9.csv,Cosine + WSD linear + WSD-con 9e-5,3,1
0.002504818961791151,train_size_rho0p35,0.0023219109258106056,-7.302245741933822,0.00893951064474876,0.35,25,0.8955223880597015,wsdcon_18.csv,WSD-con 18e-5,cosine_72000.csv|wsdld_20000_24000.csv|wsdcon_9.csv,Cosine + WSD linear + WSD-con 9e-5,3,1
0.004487187642230267,train_size_rho0p35,0.003221546149506955,-28.20567343366658,0.00893951064474876,0.35,25,0.8955223880597015,wsdcon_3.csv,WSD-con 3e-5,cosine_72000.csv|wsdld_20000_24000.csv|wsdcon_9.csv,Cosine + WSD linear + WSD-con 9e-5,3,1
0.003408385839825258,train_size_rho0p5,0.0031417931630496527,-7.821669532263775,0.008556388759973813,0.5,25,0.8571428571428571,wsd_20000_24000.csv,WSD sharp,cosine_72000.csv|wsdld_20000_24000.csv|wsdcon_9.csv,Cosine + WSD linear + WSD-con 9e-5,3,1
0.002504818961791151,train_size_rho0p5,0.00232974984163836,-6.989292352993126,0.008556388759973813,0.5,25,0.8571428571428571,wsdcon_18.csv,WSD-con 18e-5,cosine_72000.csv|wsdld_20000_24000.csv|wsdcon_9.csv,Cosine + WSD linear + WSD-con 9e-5,3,1
0.004487187642230267,train_size_rho0p5,0.003268146379730058,-27.167155904679507,0.008556388759973813,0.5,25,0.8571428571428571,wsdcon_3.csv,WSD-con 3e-5,cosine_72000.csv|wsdld_20000_24000.csv|wsdcon_9.csv,Cosine + WSD linear + WSD-con 9e-5,3,1
0.003408385839825258,train_size_rho0p75,0.00315956600816804,-7.300224896779128,0.007985962842642226,0.75,25,0.8,wsd_20000_24000.csv,WSD sharp,cosine_72000.csv|wsdld_20000_24000.csv|wsdcon_9.csv,Cosine + WSD linear + WSD-con 9e-5,3,1
0.002504818961791151,train_size_rho0p75,0.00234142111631521,-6.523339529460371,0.007985962842642226,0.75,25,0.8,wsdcon_18.csv,WSD-con 18e-5,cosine_72000.csv|wsdld_20000_24000.csv|wsdcon_9.csv,Cosine + WSD linear + WSD-con 9e-5,3,1
0.004487187642230267,train_size_rho0p75,0.0033392394365484497,-25.582799232154528,0.007985962842642226,0.75,25,0.8,wsdcon_3.csv,WSD-con 3e-5,cosine_72000.csv|wsdld_20000_24000.csv|wsdcon_9.csv,Cosine + WSD linear + WSD-con 9e-5,3,1
0.003408385839825258,train_size_rho1p0,0.0031751172476466097,-6.843960840730623,0.007486840164977087,1.0,25,0.75,wsd_20000_24000.csv,WSD sharp,cosine_72000.csv|wsdld_20000_24000.csv|wsdcon_9.csv,Cosine + WSD linear + WSD-con 9e-5,3,1
0.002504818961791151,train_size_rho1p0,0.002351633481657457,-6.115630808869065,0.007486840164977087,1.0,25,0.75,wsdcon_18.csv,WSD-con 18e-5,cosine_72000.csv|wsdld_20000_24000.csv|wsdcon_9.csv,Cosine + WSD linear + WSD-con 9e-5,3,1
0.004487187642230267,train_size_rho1p0,0.0034014458612645253,-24.196487143695546,0.007486840164977087,1.0,25,0.75,wsdcon_3.csv,WSD-con 3e-5,cosine_72000.csv|wsdld_20000_24000.csv|wsdcon_9.csv,Cosine + WSD linear + WSD-con 9e-5,3,1
0.003408385839825258,train_selected_rho,0.0031417931630496527,-7.821669532263775,0.008556388759973813,0.5,25,0.8571428571428571,wsd_20000_24000.csv,WSD sharp,cosine_72000.csv|wsdld_20000_24000.csv|wsdcon_9.csv,Cosine + WSD linear + WSD-con 9e-5,3,1
0.002504818961791151,train_selected_rho,0.00232974984163836,-6.989292352993126,0.008556388759973813,0.5,25,0.8571428571428571,wsdcon_18.csv,WSD-con 18e-5,cosine_72000.csv|wsdld_20000_24000.csv|wsdcon_9.csv,Cosine + WSD linear + WSD-con 9e-5,3,1
0.004487187642230267,train_selected_rho,0.003268146379730058,-27.167155904679507,0.008556388759973813,0.5,25,0.8571428571428571,wsdcon_3.csv,WSD-con 3e-5,cosine_72000.csv|wsdld_20000_24000.csv|wsdcon_9.csv,Cosine + WSD linear + WSD-con 9e-5,3,1
0.0037480705220761528,none,0.003279415638262587,-12.503897166640455,0.015130128949184913,0.0,100,1.0,wsd_20000_24000.csv,WSD sharp,cosine_72000.csv|wsdld_20000_24000.csv|wsdcon_9.csv,Cosine + WSD linear + WSD-con 9e-5,3,1
0.0013816404339982303,none,0.0012206864008173985,-11.64948775529524,0.015130128949184913,0.0,100,1.0,wsdcon_18.csv,WSD-con 18e-5,cosine_72000.csv|wsdld_20000_24000.csv|wsdcon_9.csv,Cosine + WSD linear + WSD-con 9e-5,3,1
0.0056693997340904675,none,0.004495614316063793,-20.703874714789052,0.015130128949184913,0.0,100,1.0,wsdcon_3.csv,WSD-con 3e-5,cosine_72000.csv|wsdld_20000_24000.csv|wsdcon_9.csv,Cosine + WSD linear + WSD-con 9e-5,3,1
0.0037480705220761528,constant_0p85,0.0033497138708346113,-10.628312591644661,0.012860609606807176,0.0,100,0.85,wsd_20000_24000.csv,WSD sharp,cosine_72000.csv|wsdld_20000_24000.csv|wsdcon_9.csv,Cosine + WSD linear + WSD-con 9e-5,3,1
0.0013816404339982303,constant_0p85,0.0012236044399316583,-11.438286704540268,0.012860609606807176,0.0,100,0.85,wsdcon_18.csv,WSD-con 18e-5,cosine_72000.csv|wsdld_20000_24000.csv|wsdcon_9.csv,Cosine + WSD linear + WSD-con 9e-5,3,1
0.0056693997340904675,constant_0p85,0.004584893674535514,-19.12911613964612,0.012860609606807176,0.0,100,0.85,wsdcon_3.csv,WSD-con 3e-5,cosine_72000.csv|wsdld_20000_24000.csv|wsdcon_9.csv,Cosine + WSD linear + WSD-con 9e-5,3,1
0.0037480705220761528,train_size_rho0p25,0.0033154660139405566,-11.542058923052634,0.01396627287617069,0.25,100,0.9230769230769231,wsd_20000_24000.csv,WSD sharp,cosine_72000.csv|wsdld_20000_24000.csv|wsdcon_9.csv,Cosine + WSD linear + WSD-con 9e-5,3,1
0.0013816404339982303,train_size_rho0p25,0.0012211505765003818,-11.615891772464881,0.01396627287617069,0.25,100,0.9230769230769231,wsdcon_18.csv,WSD-con 18e-5,cosine_72000.csv|wsdld_20000_24000.csv|wsdcon_9.csv,Cosine + WSD linear + WSD-con 9e-5,3,1
0.0056693997340904675,train_size_rho0p25,0.004537328196791352,-19.968102275306087,0.01396627287617069,0.25,100,0.9230769230769231,wsdcon_3.csv,WSD-con 3e-5,cosine_72000.csv|wsdld_20000_24000.csv|wsdcon_9.csv,Cosine + WSD linear + WSD-con 9e-5,3,1
0.0037480705220761528,train_size_rho0p35,0.003328379581347587,-11.19751985072277,0.013549369208225295,0.35,100,0.8955223880597015,wsd_20000_24000.csv,WSD sharp,cosine_72000.csv|wsdld_20000_24000.csv|wsdcon_9.csv,Cosine + WSD linear + WSD-con 9e-5,3,1
0.0013816404339982303,train_size_rho0p35,0.0012215977772888431,-11.583524393988032,0.013549369208225295,0.35,100,0.8955223880597015,wsdcon_18.csv,WSD-con 18e-5,cosine_72000.csv|wsdld_20000_24000.csv|wsdcon_9.csv,Cosine + WSD linear + WSD-con 9e-5,3,1
0.0056693997340904675,train_size_rho0p35,0.0045543911342178925,-19.66713677231041,0.013549369208225295,0.35,100,0.8955223880597015,wsdcon_3.csv,WSD-con 3e-5,cosine_72000.csv|wsdld_20000_24000.csv|wsdcon_9.csv,Cosine + WSD linear + WSD-con 9e-5,3,1
0.0037480705220761528,train_size_rho0p5,0.0033463663359502385,-10.71762614283469,0.01296868195644421,0.5,100,0.8571428571428571,wsd_20000_24000.csv,WSD sharp,cosine_72000.csv|wsdld_20000_24000.csv|wsdcon_9.csv,Cosine + WSD linear + WSD-con 9e-5,3,1
0.0013816404339982303,train_size_rho0p5,0.0012226953222179043,-11.5040865820904,0.01296868195644421,0.5,100,0.8571428571428571,wsdcon_18.csv,WSD-con 18e-5,cosine_72000.csv|wsdld_20000_24000.csv|wsdcon_9.csv,Cosine + WSD linear + WSD-con 9e-5,3,1
0.0056693997340904675,train_size_rho0p5,0.004579732624115674,-19.22014959401355,0.01296868195644421,0.5,100,0.8571428571428571,wsdcon_3.csv,WSD-con 3e-5,cosine_72000.csv|wsdld_20000_24000.csv|wsdcon_9.csv,Cosine + WSD linear + WSD-con 9e-5,3,1
0.0037480705220761528,train_size_rho0p75,0.003373146615025297,-10.00311773331245,0.01210410315934793,0.75,100,0.8,wsd_20000_24000.csv,WSD sharp,cosine_72000.csv|wsdld_20000_24000.csv|wsdcon_9.csv,Cosine + WSD linear + WSD-con 9e-5,3,1
0.0013816404339982303,train_size_rho0p75,0.001229968263927803,-10.977687561698968,0.01210410315934793,0.75,100,0.8,wsdcon_18.csv,WSD-con 18e-5,cosine_72000.csv|wsdld_20000_24000.csv|wsdcon_9.csv,Cosine + WSD linear + WSD-con 9e-5,3,1
0.0056693997340904675,train_size_rho0p75,0.004621021027474229,-18.491881959077073,0.01210410315934793,0.75,100,0.8,wsdcon_3.csv,WSD-con 3e-5,cosine_72000.csv|wsdld_20000_24000.csv|wsdcon_9.csv,Cosine + WSD linear + WSD-con 9e-5,3,1
0.0037480705220761528,train_size_rho1p0,0.0033965793592159823,-9.377922874980227,0.011347596711888685,1.0,100,0.75,wsd_20000_24000.csv,WSD sharp,cosine_72000.csv|wsdld_20000_24000.csv|wsdcon_9.csv,Cosine + WSD linear + WSD-con 9e-5,3,1
0.0013816404339982303,train_size_rho1p0,0.001237107541020423,-10.460962883053003,0.011347596711888685,1.0,100,0.75,wsdcon_18.csv,WSD-con 18e-5,cosine_72000.csv|wsdld_20000_24000.csv|wsdcon_9.csv,Cosine + WSD linear + WSD-con 9e-5,3,1
0.0056693997340904675,train_size_rho1p0,0.004661211091023822,-17.782987447583587,0.011347596711888685,1.0,100,0.75,wsdcon_3.csv,WSD-con 3e-5,cosine_72000.csv|wsdld_20000_24000.csv|wsdcon_9.csv,Cosine + WSD linear + WSD-con 9e-5,3,1
0.0037480705220761528,train_selected_rho,0.0033463663359502385,-10.71762614283469,0.01296868195644421,0.5,100,0.8571428571428571,wsd_20000_24000.csv,WSD sharp,cosine_72000.csv|wsdld_20000_24000.csv|wsdcon_9.csv,Cosine + WSD linear + WSD-con 9e-5,3,1
0.0013816404339982303,train_selected_rho,0.0012226953222179043,-11.5040865820904,0.01296868195644421,0.5,100,0.8571428571428571,wsdcon_18.csv,WSD-con 18e-5,cosine_72000.csv|wsdld_20000_24000.csv|wsdcon_9.csv,Cosine + WSD linear + WSD-con 9e-5,3,1
0.0056693997340904675,train_selected_rho,0.004579732624115674,-19.22014959401355,0.01296868195644421,0.5,100,0.8571428571428571,wsdcon_3.csv,WSD-con 3e-5,cosine_72000.csv|wsdld_20000_24000.csv|wsdcon_9.csv,Cosine + WSD linear + WSD-con 9e-5,3,1
0.004701998914275349,none,0.0038795099515597235,-17.492325662146257,0.02632960703470733,0.0,400,1.0,wsd_20000_24000.csv,WSD sharp,cosine_72000.csv|wsdld_20000_24000.csv|wsdcon_9.csv,Cosine + WSD linear + WSD-con 9e-5,3,1
0.0025579541942073844,none,0.00238772720666092,-6.654809844990661,0.02632960703470733,0.0,400,1.0,wsdcon_18.csv,WSD-con 18e-5,cosine_72000.csv|wsdld_20000_24000.csv|wsdcon_9.csv,Cosine + WSD linear + WSD-con 9e-5,3,1
0.008173606778800102,none,0.005389284382695422,-34.064795034260555,0.02632960703470733,0.0,400,1.0,wsdcon_3.csv,WSD-con 3e-5,cosine_72000.csv|wsdld_20000_24000.csv|wsdcon_9.csv,Cosine + WSD linear + WSD-con 9e-5,3,1
0.004701998914275349,constant_0p85,0.004002883295967067,-14.868476812824316,0.022380165979501227,0.0,400,0.85,wsd_20000_24000.csv,WSD sharp,cosine_72000.csv|wsdld_20000_24000.csv|wsdcon_9.csv,Cosine + WSD linear + WSD-con 9e-5,3,1
0.0025579541942073844,constant_0p85,0.002403204682501419,-6.049737405634681,0.022380165979501227,0.0,400,0.85,wsdcon_18.csv,WSD-con 18e-5,cosine_72000.csv|wsdld_20000_24000.csv|wsdcon_9.csv,Cosine + WSD linear + WSD-con 9e-5,3,1
0.008173606778800102,constant_0p85,0.005675892261468391,-30.558290665634146,0.022380165979501227,0.0,400,0.85,wsdcon_3.csv,WSD-con 3e-5,cosine_72000.csv|wsdld_20000_24000.csv|wsdcon_9.csv,Cosine + WSD linear + WSD-con 9e-5,3,1
0.004701998914275349,train_size_rho0p25,0.003942778333307076,-16.146762149673542,0.024304252647422152,0.25,400,0.9230769230769231,wsd_20000_24000.csv,WSD sharp,cosine_72000.csv|wsdld_20000_24000.csv|wsdcon_9.csv,Cosine + WSD linear + WSD-con 9e-5,3,1
0.0025579541942073844,train_size_rho0p25,0.0023938782600270445,-6.414342154832098,0.024304252647422152,0.25,400,0.9230769230769231,wsdcon_18.csv,WSD-con 18e-5,cosine_72000.csv|wsdld_20000_24000.csv|wsdcon_9.csv,Cosine + WSD linear + WSD-con 9e-5,3,1
0.008173606778800102,train_size_rho0p25,0.005529496300577429,-32.34937219001907,0.024304252647422152,0.25,400,0.9230769230769231,wsdcon_3.csv,WSD-con 3e-5,cosine_72000.csv|wsdld_20000_24000.csv|wsdcon_9.csv,Cosine + WSD linear + WSD-con 9e-5,3,1
0.004701998914275349,train_size_rho0p35,0.00396544163423151,-15.664769249683108,0.023578752568394624,0.35,400,0.8955223880597015,wsd_20000_24000.csv,WSD sharp,cosine_72000.csv|wsdld_20000_24000.csv|wsdcon_9.csv,Cosine + WSD linear + WSD-con 9e-5,3,1
0.0025579541942073844,train_size_rho0p35,0.0023973949000802293,-6.276863537695466,0.023578752568394624,0.35,400,0.8955223880597015,wsdcon_18.csv,WSD-con 18e-5,cosine_72000.csv|wsdld_20000_24000.csv|wsdcon_9.csv,Cosine + WSD linear + WSD-con 9e-5,3,1
0.008173606778800102,train_size_rho0p35,0.005582159928074816,-31.70505898872853,0.023578752568394624,0.35,400,0.8955223880597015,wsdcon_3.csv,WSD-con 3e-5,cosine_72000.csv|wsdld_20000_24000.csv|wsdcon_9.csv,Cosine + WSD linear + WSD-con 9e-5,3,1
0.004701998914275349,train_size_rho0p5,0.003997008374804818,-14.993421996125257,0.022568234601177708,0.5,400,0.8571428571428571,wsd_20000_24000.csv,WSD sharp,cosine_72000.csv|wsdld_20000_24000.csv|wsdcon_9.csv,Cosine + WSD linear + WSD-con 9e-5,3,1
0.0025579541942073844,train_size_rho0p5,0.002402293077297162,-6.085375463826715,0.022568234601177708,0.5,400,0.8571428571428571,wsdcon_18.csv,WSD-con 18e-5,cosine_72000.csv|wsdld_20000_24000.csv|wsdcon_9.csv,Cosine + WSD linear + WSD-con 9e-5,3,1
0.008173606778800102,train_size_rho0p5,0.005661029547915374,-30.74012854889966,0.022568234601177708,0.5,400,0.8571428571428571,wsdcon_3.csv,WSD-con 3e-5,cosine_72000.csv|wsdld_20000_24000.csv|wsdcon_9.csv,Cosine + WSD linear + WSD-con 9e-5,3,1
0.004701998914275349,train_size_rho0p75,0.004044007744102852,-13.99386052971694,0.021063685627765866,0.75,400,0.8,wsd_20000_24000.csv,WSD sharp,cosine_72000.csv|wsdld_20000_24000.csv|wsdcon_9.csv,Cosine + WSD linear + WSD-con 9e-5,3,1
0.0025579541942073844,train_size_rho0p75,0.002409585918931293,-5.80027099828756,0.021063685627765866,0.75,400,0.8,wsdcon_18.csv,WSD-con 18e-5,cosine_72000.csv|wsdld_20000_24000.csv|wsdcon_9.csv,Cosine + WSD linear + WSD-con 9e-5,3,1
0.008173606778800102,train_size_rho0p75,0.0057862752687300074,-29.207809657079675,0.021063685627765866,0.75,400,0.8,wsdcon_3.csv,WSD-con 3e-5,cosine_72000.csv|wsdld_20000_24000.csv|wsdcon_9.csv,Cosine + WSD linear + WSD-con 9e-5,3,1
0.004701998914275349,train_size_rho1p0,0.004085132192238632,-13.11924424660964,0.019747205276030497,1.0,400,0.75,wsd_20000_24000.csv,WSD sharp,cosine_72000.csv|wsdld_20000_24000.csv|wsdcon_9.csv,Cosine + WSD linear + WSD-con 9e-5,3,1
0.0025579541942073844,train_size_rho1p0,0.00241596715536111,-5.550804590942682,0.019747205276030497,1.0,400,0.75,wsdcon_18.csv,WSD-con 18e-5,cosine_72000.csv|wsdld_20000_24000.csv|wsdcon_9.csv,Cosine + WSD linear + WSD-con 9e-5,3,1
0.008173606778800102,train_size_rho1p0,0.0059032649760796625,-27.77649896994102,0.019747205276030497,1.0,400,0.75,wsdcon_3.csv,WSD-con 3e-5,cosine_72000.csv|wsdld_20000_24000.csv|wsdcon_9.csv,Cosine + WSD linear + WSD-con 9e-5,3,1
0.004701998914275349,train_selected_rho,0.003997008374804818,-14.993421996125257,0.022568234601177708,0.5,400,0.8571428571428571,wsd_20000_24000.csv,WSD sharp,cosine_72000.csv|wsdld_20000_24000.csv|wsdcon_9.csv,Cosine + WSD linear + WSD-con 9e-5,3,1
0.0025579541942073844,train_selected_rho,0.002402293077297162,-6.085375463826715,0.022568234601177708,0.5,400,0.8571428571428571,wsdcon_18.csv,WSD-con 18e-5,cosine_72000.csv|wsdld_20000_24000.csv|wsdcon_9.csv,Cosine + WSD linear + WSD-con 9e-5,3,1
0.008173606778800102,train_selected_rho,0.005661029547915374,-30.74012854889966,0.022568234601177708,0.5,400,0.8571428571428571,wsdcon_3.csv,WSD-con 3e-5,cosine_72000.csv|wsdld_20000_24000.csv|wsdcon_9.csv,Cosine + WSD linear + WSD-con 9e-5,3,1
0.003408385839825258,none,0.002955700750239087,-13.281509513881195,0.014529092318628168,0.0,25,1.0,wsd_20000_24000.csv,WSD sharp,cosine_72000.csv|wsdld_20000_24000.csv|wsdcon_18.csv,Cosine + WSD linear + WSD-con 18e-5,3,1
0.004487187642230267,none,0.0028099781663510903,-37.37774324600238,0.014529092318628168,0.0,25,1.0,wsdcon_3.csv,WSD-con 3e-5,cosine_72000.csv|wsdld_20000_24000.csv|wsdcon_18.csv,Cosine + WSD linear + WSD-con 18e-5,3,1
0.002926482771138891,none,0.0022294694042218235,-23.817443034042284,0.014529092318628168,0.0,25,1.0,wsdcon_9.csv,WSD-con 9e-5,cosine_72000.csv|wsdld_20000_24000.csv|wsdcon_18.csv,Cosine + WSD linear + WSD-con 18e-5,3,1
0.003408385839825258,constant_0p85,0.003023603513677013,-11.289283086798996,0.012349728470833942,0.0,25,0.85,wsd_20000_24000.csv,WSD sharp,cosine_72000.csv|wsdld_20000_24000.csv|wsdcon_18.csv,Cosine + WSD linear + WSD-con 18e-5,3,1
0.004487187642230267,constant_0p85,0.0029194210528474198,-34.938734779622905,0.012349728470833942,0.0,25,0.85,wsdcon_3.csv,WSD-con 3e-5,cosine_72000.csv|wsdld_20000_24000.csv|wsdcon_18.csv,Cosine + WSD linear + WSD-con 18e-5,3,1
0.002926482771138891,constant_0p85,0.002298086773755229,-21.472738660241987,0.012349728470833942,0.0,25,0.85,wsdcon_9.csv,WSD-con 9e-5,cosine_72000.csv|wsdld_20000_24000.csv|wsdcon_18.csv,Cosine + WSD linear + WSD-con 18e-5,3,1
0.003408385839825258,train_size_rho0p25,0.0029905226802072475,-12.259854935890512,0.013411469832579848,0.25,25,0.9230769230769231,wsd_20000_24000.csv,WSD sharp,cosine_72000.csv|wsdld_20000_24000.csv|wsdcon_18.csv,Cosine + WSD linear + WSD-con 18e-5,3,1
0.004487187642230267,train_size_rho0p25,0.0028566499773247087,-36.337630491760144,0.013411469832579848,0.25,25,0.9230769230769231,wsdcon_3.csv,WSD-con 3e-5,cosine_72000.csv|wsdld_20000_24000.csv|wsdcon_18.csv,Cosine + WSD linear + WSD-con 18e-5,3,1
0.002926482771138891,train_size_rho0p25,0.0022595540800269143,-22.789428240933397,0.013411469832579848,0.25,25,0.9230769230769231,wsdcon_9.csv,WSD-con 9e-5,cosine_72000.csv|wsdld_20000_24000.csv|wsdcon_18.csv,Cosine + WSD linear + WSD-con 18e-5,3,1
0.003408385839825258,train_size_rho0p35,0.0030029962073600254,-11.893889116908674,0.013011127449517762,0.35,25,0.8955223880597015,wsd_20000_24000.csv,WSD sharp,cosine_72000.csv|wsdld_20000_24000.csv|wsdcon_18.csv,Cosine + WSD linear + WSD-con 18e-5,3,1
0.004487187642230267,train_size_rho0p35,0.0028778248837153003,-35.865733435543724,0.013011127449517762,0.35,25,0.8955223880597015,wsdcon_3.csv,WSD-con 3e-5,cosine_72000.csv|wsdld_20000_24000.csv|wsdcon_18.csv,Cosine + WSD linear + WSD-con 18e-5,3,1
0.002926482771138891,train_size_rho0p35,0.0022709865181940883,-22.398773688652362,0.013011127449517762,0.35,25,0.8955223880597015,wsdcon_9.csv,WSD-con 9e-5,cosine_72000.csv|wsdld_20000_24000.csv|wsdcon_18.csv,Cosine + WSD linear + WSD-con 18e-5,3,1
0.003408385839825258,train_size_rho0p5,0.0030203700487513975,-11.384151011898147,0.012453507701681285,0.5,25,0.8571428571428571,wsd_20000_24000.csv,WSD sharp,cosine_72000.csv|wsdld_20000_24000.csv|wsdcon_18.csv,Cosine + WSD linear + WSD-con 18e-5,3,1
0.004487187642230267,train_size_rho0p5,0.002912894253475382,-35.08418890127836,0.012453507701681285,0.5,25,0.8571428571428571,wsdcon_3.csv,WSD-con 3e-5,cosine_72000.csv|wsdld_20000_24000.csv|wsdcon_18.csv,Cosine + WSD linear + WSD-con 18e-5,3,1
0.002926482771138891,train_size_rho0p5,0.0022935938082224855,-21.6262664915709,0.012453507701681285,0.5,25,0.8571428571428571,wsdcon_9.csv,WSD-con 9e-5,cosine_72000.csv|wsdld_20000_24000.csv|wsdcon_18.csv,Cosine + WSD linear + WSD-con 18e-5,3,1
0.003408385839825258,train_size_rho0p75,0.0030462377681563188,-10.625207611105026,0.011623273854902534,0.75,25,0.8,wsd_20000_24000.csv,WSD sharp,cosine_72000.csv|wsdld_20000_24000.csv|wsdcon_18.csv,Cosine + WSD linear + WSD-con 18e-5,3,1
0.004487187642230267,train_size_rho0p75,0.002969960059637031,-33.81243896096861,0.011623273854902534,0.75,25,0.8,wsdcon_3.csv,WSD-con 3e-5,cosine_72000.csv|wsdld_20000_24000.csv|wsdcon_18.csv,Cosine + WSD linear + WSD-con 18e-5,3,1
0.002926482771138891,train_size_rho0p75,0.0023305388598739585,-20.363827771075872,0.011623273854902534,0.75,25,0.8,wsdcon_9.csv,WSD-con 9e-5,cosine_72000.csv|wsdld_20000_24000.csv|wsdcon_18.csv,Cosine + WSD linear + WSD-con 18e-5,3,1
0.003408385839825258,train_size_rho1p0,0.0030688720226356276,-9.961132135410955,0.010896819238971126,1.0,25,0.75,wsd_20000_24000.csv,WSD sharp,cosine_72000.csv|wsdld_20000_24000.csv|wsdcon_18.csv,Cosine + WSD linear + WSD-con 18e-5,3,1
0.004487187642230267,train_size_rho1p0,0.0030268152613316074,-32.54538248310942,0.010896819238971126,1.0,25,0.75,wsdcon_3.csv,WSD-con 3e-5,cosine_72000.csv|wsdld_20000_24000.csv|wsdcon_18.csv,Cosine + WSD linear + WSD-con 18e-5,3,1
0.002926482771138891,train_size_rho1p0,0.0023635000138305324,-19.23752167142484,0.010896819238971126,1.0,25,0.75,wsdcon_9.csv,WSD-con 9e-5,cosine_72000.csv|wsdld_20000_24000.csv|wsdcon_18.csv,Cosine + WSD linear + WSD-con 18e-5,3,1
0.003408385839825258,train_selected_rho,0.0030089578196021566,-11.718978982836614,0.01281978733996603,0.4,25,0.8823529411764706,wsd_20000_24000.csv,WSD sharp,cosine_72000.csv|wsdld_20000_24000.csv|wsdcon_18.csv,Cosine + WSD linear + WSD-con 18e-5,3,1
0.004487187642230267,train_selected_rho,0.002889858490985913,-35.59755638947235,0.01281978733996603,0.4,25,0.8823529411764706,wsdcon_3.csv,WSD-con 3e-5,cosine_72000.csv|wsdld_20000_24000.csv|wsdcon_18.csv,Cosine + WSD linear + WSD-con 18e-5,3,1
0.002926482771138891,train_selected_rho,0.002277736282812869,-22.168129425670635,0.01281978733996603,0.4,25,0.8823529411764706,wsdcon_9.csv,WSD-con 9e-5,cosine_72000.csv|wsdld_20000_24000.csv|wsdcon_18.csv,Cosine + WSD linear + WSD-con 18e-5,3,1
0.0037480705220761528,none,0.003231076693313511,-13.79359928575371,0.016690711150731015,0.0,100,1.0,wsd_20000_24000.csv,WSD sharp,cosine_72000.csv|wsdld_20000_24000.csv|wsdcon_18.csv,Cosine + WSD linear + WSD-con 18e-5,3,1
0.0056693997340904675,none,0.004456020281733635,-21.402256134114218,0.016690711150731015,0.0,100,1.0,wsdcon_3.csv,WSD-con 3e-5,cosine_72000.csv|wsdld_20000_24000.csv|wsdcon_18.csv,Cosine + WSD linear + WSD-con 18e-5,3,1
0.004934623402238123,none,0.004664866190746491,-5.466622060141058,0.016690711150731015,0.0,100,1.0,wsdcon_9.csv,WSD-con 9e-5,cosine_72000.csv|wsdld_20000_24000.csv|wsdcon_18.csv,Cosine + WSD linear + WSD-con 18e-5,3,1
0.0037480705220761528,constant_0p85,0.003308625767627907,-11.724559392890665,0.014187104478121363,0.0,100,0.85,wsd_20000_24000.csv,WSD sharp,cosine_72000.csv|wsdld_20000_24000.csv|wsdcon_18.csv,Cosine + WSD linear + WSD-con 18e-5,3,1
0.0056693997340904675,constant_0p85,0.004528290051781852,-20.127522062821733,0.014187104478121363,0.0,100,0.85,wsdcon_3.csv,WSD-con 3e-5,cosine_72000.csv|wsdld_20000_24000.csv|wsdcon_18.csv,Cosine + WSD linear + WSD-con 18e-5,3,1
0.004934623402238123,constant_0p85,0.004656671547964796,-5.632686258231178,0.014187104478121363,0.0,100,0.85,wsdcon_9.csv,WSD-con 9e-5,cosine_72000.csv|wsdld_20000_24000.csv|wsdcon_18.csv,Cosine + WSD linear + WSD-con 18e-5,3,1
0.0037480705220761528,train_size_rho0p25,0.003270845449372174,-12.732553186849627,0.015406810292982477,0.25,100,0.9230769230769231,wsd_20000_24000.csv,WSD sharp,cosine_72000.csv|wsdld_20000_24000.csv|wsdcon_18.csv,Cosine + WSD linear + WSD-con 18e-5,3,1
0.0056693997340904675,train_size_rho0p25,0.00448732428516009,-20.850098853014043,0.015406810292982477,0.25,100,0.9230769230769231,wsdcon_3.csv,WSD-con 3e-5,cosine_72000.csv|wsdld_20000_24000.csv|wsdcon_18.csv,Cosine + WSD linear + WSD-con 18e-5,3,1
0.004934623402238123,train_size_rho0p25,0.004657584568429525,-5.614183925017368,0.015406810292982477,0.25,100,0.9230769230769231,wsdcon_9.csv,WSD-con 9e-5,cosine_72000.csv|wsdld_20000_24000.csv|wsdcon_18.csv,Cosine + WSD linear + WSD-con 18e-5,3,1
0.0037480705220761528,train_size_rho0p35,0.003285090973930492,-12.352476972317072,0.014946905508117328,0.35,100,0.8955223880597015,wsd_20000_24000.csv,WSD sharp,cosine_72000.csv|wsdld_20000_24000.csv|wsdcon_18.csv,Cosine + WSD linear + WSD-con 18e-5,3,1
0.0056693997340904675,train_size_rho0p35,0.004501813267724606,-20.59453418578141,0.014946905508117328,0.35,100,0.8955223880597015,wsdcon_3.csv,WSD-con 3e-5,cosine_72000.csv|wsdld_20000_24000.csv|wsdcon_18.csv,Cosine + WSD linear + WSD-con 18e-5,3,1
0.004934623402238123,train_size_rho0p35,0.0046572403030539535,-5.621160452859709,0.014946905508117328,0.35,100,0.8955223880597015,wsdcon_9.csv,WSD-con 9e-5,cosine_72000.csv|wsdld_20000_24000.csv|wsdcon_18.csv,Cosine + WSD linear + WSD-con 18e-5,3,1
0.0037480705220761528,train_size_rho0p5,0.0033049329545653213,-11.823085102074494,0.014306323843483727,0.5,100,0.8571428571428571,wsd_20000_24000.csv,WSD sharp,cosine_72000.csv|wsdld_20000_24000.csv|wsdcon_18.csv,Cosine + WSD linear + WSD-con 18e-5,3,1
0.0056693997340904675,train_size_rho0p5,0.004523485902790908,-20.21226029290377,0.014306323843483727,0.5,100,0.8571428571428571,wsdcon_3.csv,WSD-con 3e-5,cosine_72000.csv|wsdld_20000_24000.csv|wsdcon_18.csv,Cosine + WSD linear + WSD-con 18e-5,3,1
0.004934623402238123,train_size_rho0p5,0.0046567607905666185,-5.630877759495867,0.014306323843483727,0.5,100,0.8571428571428571,wsdcon_9.csv,WSD-con 9e-5,cosine_72000.csv|wsdld_20000_24000.csv|wsdcon_18.csv,Cosine + WSD linear + WSD-con 18e-5,3,1
0.0037480705220761528,train_size_rho0p75,0.0033344754590660325,-11.034879428603151,0.013352568920584812,0.75,100,0.8,wsd_20000_24000.csv,WSD sharp,cosine_72000.csv|wsdld_20000_24000.csv|wsdcon_18.csv,Cosine + WSD linear + WSD-con 18e-5,3,1
0.0056693997340904675,train_size_rho0p75,0.004562445731122918,-19.52506534882984,0.013352568920584812,0.75,100,0.8,wsdcon_3.csv,WSD-con 3e-5,cosine_72000.csv|wsdld_20000_24000.csv|wsdcon_18.csv,Cosine + WSD linear + WSD-con 18e-5,3,1
0.004934623402238123,train_size_rho0p75,0.004657607242451386,-5.613724436622569,0.013352568920584812,0.75,100,0.8,wsdcon_9.csv,WSD-con 9e-5,cosine_72000.csv|wsdld_20000_24000.csv|wsdcon_18.csv,Cosine + WSD linear + WSD-con 18e-5,3,1
0.0037480705220761528,train_size_rho1p0,0.0033603251505041638,-10.345199464315492,0.012518033363048261,1.0,100,0.75,wsd_20000_24000.csv,WSD sharp,cosine_72000.csv|wsdld_20000_24000.csv|wsdcon_18.csv,Cosine + WSD linear + WSD-con 18e-5,3,1
0.0056693997340904675,train_size_rho1p0,0.004601253578549889,-18.840551127798356,0.012518033363048261,1.0,100,0.75,wsdcon_3.csv,WSD-con 3e-5,cosine_72000.csv|wsdld_20000_24000.csv|wsdcon_18.csv,Cosine + WSD linear + WSD-con 18e-5,3,1
0.004934623402238123,train_size_rho1p0,0.0046612473630867615,-5.539957497615122,0.012518033363048261,1.0,100,0.75,wsdcon_9.csv,WSD-con 9e-5,cosine_72000.csv|wsdld_20000_24000.csv|wsdcon_18.csv,Cosine + WSD linear + WSD-con 18e-5,3,1
0.0037480705220761528,train_selected_rho,0.003291899496697353,-12.17082289919441,0.014727098074174425,0.4,100,0.8823529411764706,wsd_20000_24000.csv,WSD sharp,cosine_72000.csv|wsdld_20000_24000.csv|wsdcon_18.csv,Cosine + WSD linear + WSD-con 18e-5,3,1
0.0056693997340904675,train_selected_rho,0.004509249956227755,-20.463361771558585,0.014727098074174425,0.4,100,0.8823529411764706,wsdcon_3.csv,WSD-con 3e-5,cosine_72000.csv|wsdld_20000_24000.csv|wsdcon_18.csv,Cosine + WSD linear + WSD-con 18e-5,3,1
0.004934623402238123,train_selected_rho,0.004657075764455367,-5.624494822783699,0.014727098074174425,0.4,100,0.8823529411764706,wsdcon_9.csv,WSD-con 9e-5,cosine_72000.csv|wsdld_20000_24000.csv|wsdcon_18.csv,Cosine + WSD linear + WSD-con 18e-5,3,1
0.004701998914275349,none,0.003794405920938855,-19.30227994270748,0.029053966612638975,0.0,400,1.0,wsd_20000_24000.csv,WSD sharp,cosine_72000.csv|wsdld_20000_24000.csv|wsdcon_18.csv,Cosine + WSD linear + WSD-con 18e-5,3,1
0.008173606778800102,none,0.0052324322303187055,-35.98380284343904,0.029053966612638975,0.0,400,1.0,wsdcon_3.csv,WSD-con 3e-5,cosine_72000.csv|wsdld_20000_24000.csv|wsdcon_18.csv,Cosine + WSD linear + WSD-con 18e-5,3,1
0.006687305974578527,none,0.006140309909737301,-8.179617725293342,0.029053966612638975,0.0,400,1.0,wsdcon_9.csv,WSD-con 9e-5,cosine_72000.csv|wsdld_20000_24000.csv|wsdcon_18.csv,Cosine + WSD linear + WSD-con 18e-5,3,1
0.004701998914275349,constant_0p85,0.003930544869939332,-16.40693795130129,0.024695871620743128,0.0,400,0.85,wsd_20000_24000.csv,WSD sharp,cosine_72000.csv|wsdld_20000_24000.csv|wsdcon_18.csv,Cosine + WSD linear + WSD-con 18e-5,3,1
0.008173606778800102,constant_0p85,0.005501068907765085,-32.69716715473496,0.024695871620743128,0.0,400,0.85,wsdcon_3.csv,WSD-con 3e-5,cosine_72000.csv|wsdld_20000_24000.csv|wsdcon_18.csv,Cosine + WSD linear + WSD-con 18e-5,3,1
0.006687305974578527,constant_0p85,0.0061665643828834405,-7.787016082031551,0.024695871620743128,0.0,400,0.85,wsdcon_9.csv,WSD-con 9e-5,cosine_72000.csv|wsdld_20000_24000.csv|wsdcon_18.csv,Cosine + WSD linear + WSD-con 18e-5,3,1
0.004701998914275349,train_size_rho0p25,0.0038642207665801186,-17.817489177883928,0.02681904610397444,0.25,400,0.9230769230769231,wsd_20000_24000.csv,WSD sharp,cosine_72000.csv|wsdld_20000_24000.csv|wsdcon_18.csv,Cosine + WSD linear + WSD-con 18e-5,3,1
0.008173606778800102,train_size_rho0p25,0.005357945463119011,-34.448211075972935,0.02681904610397444,0.25,400,0.9230769230769231,wsdcon_3.csv,WSD-con 3e-5,cosine_72000.csv|wsdld_20000_24000.csv|wsdcon_18.csv,Cosine + WSD linear + WSD-con 18e-5,3,1
0.006687305974578527,train_size_rho0p25,0.006150058302347521,-8.033843139125496,0.02681904610397444,0.25,400,0.9230769230769231,wsdcon_9.csv,WSD-con 9e-5,cosine_72000.csv|wsdld_20000_24000.csv|wsdcon_18.csv,Cosine + WSD linear + WSD-con 18e-5,3,1
0.004701998914275349,train_size_rho0p35,0.0038892290694963957,-17.28562382929034,0.026018477563557293,0.35,400,0.8955223880597015,wsd_20000_24000.csv,WSD sharp,cosine_72000.csv|wsdld_20000_24000.csv|wsdcon_18.csv,Cosine + WSD linear + WSD-con 18e-5,3,1
0.008173606778800102,train_size_rho0p35,0.005410047247797781,-33.81077174118738,0.026018477563557293,0.35,400,0.8955223880597015,wsdcon_3.csv,WSD-con 3e-5,cosine_72000.csv|wsdld_20000_24000.csv|wsdcon_18.csv,Cosine + WSD linear + WSD-con 18e-5,3,1
0.006687305974578527,train_size_rho0p35,0.006154771780256271,-7.963359181509855,0.026018477563557293,0.35,400,0.8955223880597015,wsdcon_9.csv,WSD-con 9e-5,cosine_72000.csv|wsdld_20000_24000.csv|wsdcon_18.csv,Cosine + WSD linear + WSD-con 18e-5,3,1
0.004701998914275349,train_size_rho0p5,0.003924062062844061,-16.5448113794637,0.02490339995369055,0.5,400,0.8571428571428571,wsd_20000_24000.csv,WSD sharp,cosine_72000.csv|wsdld_20000_24000.csv|wsdcon_18.csv,Cosine + WSD linear + WSD-con 18e-5,3,1
0.008173606778800102,train_size_rho0p5,0.005486004547143463,-32.88147208925535,0.02490339995369055,0.5,400,0.8571428571428571,wsdcon_3.csv,WSD-con 3e-5,cosine_72000.csv|wsdld_20000_24000.csv|wsdcon_18.csv,Cosine + WSD linear + WSD-con 18e-5,3,1
0.006687305974578527,train_size_rho0p5,0.006164714021347113,-7.814685842370938,0.02490339995369055,0.5,400,0.8571428571428571,wsdcon_9.csv,WSD-con 9e-5,cosine_72000.csv|wsdld_20000_24000.csv|wsdcon_18.csv,Cosine + WSD linear + WSD-con 18e-5,3,1
0.004701998914275349,train_size_rho0p75,0.003975924519606142,-15.441823954166233,0.02324317329011118,0.75,400,0.8,wsd_20000_24000.csv,WSD sharp,cosine_72000.csv|wsdld_20000_24000.csv|wsdcon_18.csv,Cosine + WSD linear + WSD-con 18e-5,3,1
0.008173606778800102,train_size_rho0p75,0.005608232874452745,-31.386069501179968,0.02324317329011118,0.75,400,0.8,wsdcon_3.csv,WSD-con 3e-5,cosine_72000.csv|wsdld_20000_24000.csv|wsdcon_18.csv,Cosine + WSD linear + WSD-con 18e-5,3,1
0.006687305974578527,train_size_rho0p75,0.006179995640559926,-7.586169018542255,0.02324317329011118,0.75,400,0.8,wsdcon_9.csv,WSD-con 9e-5,cosine_72000.csv|wsdld_20000_24000.csv|wsdcon_18.csv,Cosine + WSD linear + WSD-con 18e-5,3,1
0.004701998914275349,train_size_rho1p0,0.004021304169272972,-14.476709957030732,0.02179047495947923,1.0,400,0.75,wsd_20000_24000.csv,WSD sharp,cosine_72000.csv|wsdld_20000_24000.csv|wsdcon_18.csv,Cosine + WSD linear + WSD-con 18e-5,3,1
0.008173606778800102,train_size_rho1p0,0.005725218205426796,-29.954812356812855,0.02179047495947923,1.0,400,0.75,wsdcon_3.csv,WSD-con 3e-5,cosine_72000.csv|wsdld_20000_24000.csv|wsdcon_18.csv,Cosine + WSD linear + WSD-con 18e-5,3,1
0.006687305974578527,train_size_rho1p0,0.006198844337720922,-7.304311163785071,0.02179047495947923,1.0,400,0.75,wsdcon_9.csv,WSD-con 9e-5,cosine_72000.csv|wsdld_20000_24000.csv|wsdcon_18.csv,Cosine + WSD linear + WSD-con 18e-5,3,1
0.004701998914275349,train_selected_rho,0.003901181567213732,-17.031423478859644,0.025635852893504976,0.4,400,0.8823529411764706,wsd_20000_24000.csv,WSD sharp,cosine_72000.csv|wsdld_20000_24000.csv|wsdcon_18.csv,Cosine + WSD linear + WSD-con 18e-5,3,1
0.008173606778800102,train_selected_rho,0.005435581262238031,-33.49837581694892,0.025635852893504976,0.4,400,0.8823529411764706,wsdcon_3.csv,WSD-con 3e-5,cosine_72000.csv|wsdld_20000_24000.csv|wsdcon_18.csv,Cosine + WSD linear + WSD-con 18e-5,3,1
0.006687305974578527,train_selected_rho,0.006158183333571771,-7.912343820040391,0.025635852893504976,0.4,400,0.8823529411764706,wsdcon_9.csv,WSD-con 9e-5,cosine_72000.csv|wsdld_20000_24000.csv|wsdcon_18.csv,Cosine + WSD linear + WSD-con 18e-5,3,1
0.003408385839825258,none,0.003080763348536721,-9.612247752599911,0.010515162816477153,0.0,25,1.0,wsd_20000_24000.csv,WSD sharp,cosine_72000.csv|wsdcon_3.csv|wsdcon_9.csv,Cosine + WSD-con 3e-5 + WSD-con 9e-5,3,1
0.002504818961791151,none,0.0022896720868436538,-8.589318359106057,0.010515162816477153,0.0,25,1.0,wsdcon_18.csv,WSD-con 18e-5,cosine_72000.csv|wsdcon_3.csv|wsdcon_9.csv,Cosine + WSD-con 3e-5 + WSD-con 9e-5,3,1
0.0031360955249893426,none,0.00290033939410913,-7.517504776293881,0.010515162816477153,0.0,25,1.0,wsdld_20000_24000.csv,WSD linear,cosine_72000.csv|wsdcon_3.csv|wsdcon_9.csv,Cosine + WSD-con 3e-5 + WSD-con 9e-5,3,1
0.003408385839825258,constant_0p85,0.0031299067222299967,-8.170410589710064,0.00893788839400558,0.0,25,0.85,wsd_20000_24000.csv,WSD sharp,cosine_72000.csv|wsdcon_3.csv|wsdcon_9.csv,Cosine + WSD-con 3e-5 + WSD-con 9e-5,3,1
0.002504818961791151,constant_0p85,0.0023219441180857936,-7.300920605239536,0.00893788839400558,0.0,25,0.85,wsdcon_18.csv,WSD-con 18e-5,cosine_72000.csv|wsdcon_3.csv|wsdcon_9.csv,Cosine + WSD-con 3e-5 + WSD-con 9e-5,3,1
0.0031360955249893426,constant_0p85,0.0029357028137411536,-6.389879059850068,0.00893788839400558,0.0,25,0.85,wsdld_20000_24000.csv,WSD linear,cosine_72000.csv|wsdcon_3.csv|wsdcon_9.csv,Cosine + WSD-con 3e-5 + WSD-con 9e-5,3,1
0.003408385839825258,train_size_rho0p25,0.0031059650786358422,-8.872844079322906,0.009706304138286603,0.25,25,0.9230769230769231,wsd_20000_24000.csv,WSD sharp,cosine_72000.csv|wsdcon_3.csv|wsdcon_9.csv,Cosine + WSD-con 3e-5 + WSD-con 9e-5,3,1
0.002504818961791151,train_size_rho0p25,0.002306221846455011,-7.928601562251303,0.009706304138286603,0.25,25,0.9230769230769231,wsdcon_18.csv,WSD-con 18e-5,cosine_72000.csv|wsdcon_3.csv|wsdcon_9.csv,Cosine + WSD-con 3e-5 + WSD-con 9e-5,3,1
0.0031360955249893426,train_size_rho0p25,0.0029184744810999133,-6.939235178117508,0.009706304138286603,0.25,25,0.9230769230769231,wsdld_20000_24000.csv,WSD linear,cosine_72000.csv|wsdcon_3.csv|wsdcon_9.csv,Cosine + WSD-con 3e-5 + WSD-con 9e-5,3,1
0.003408385839825258,train_size_rho0p35,0.003114992564044478,-8.607983062029788,0.009416563716248197,0.35,25,0.8955223880597015,wsd_20000_24000.csv,WSD sharp,cosine_72000.csv|wsdcon_3.csv|wsdcon_9.csv,Cosine + WSD-con 3e-5 + WSD-con 9e-5,3,1
0.002504818961791151,train_size_rho0p35,0.0023121501185546078,-7.691926888750833,0.009416563716248197,0.35,25,0.8955223880597015,wsdcon_18.csv,WSD-con 18e-5,cosine_72000.csv|wsdcon_3.csv|wsdcon_9.csv,Cosine + WSD-con 3e-5 + WSD-con 9e-5,3,1
0.0031360955249893426,train_size_rho0p35,0.0029249706316637754,-6.732093829517027,0.009416563716248197,0.35,25,0.8955223880597015,wsdld_20000_24000.csv,WSD linear,cosine_72000.csv|wsdcon_3.csv|wsdcon_9.csv,Cosine + WSD-con 3e-5 + WSD-con 9e-5,3,1
0.003408385839825258,train_size_rho0p5,0.003127566561577938,-8.239069502228569,0.00901299669983756,0.5,25,0.8571428571428571,wsd_20000_24000.csv,WSD sharp,cosine_72000.csv|wsdcon_3.csv|wsdcon_9.csv,Cosine + WSD-con 3e-5 + WSD-con 9e-5,3,1
0.002504818961791151,train_size_rho0p5,0.0023204073546933095,-7.362272879233234,0.00901299669983756,0.5,25,0.8571428571428571,wsdcon_18.csv,WSD-con 18e-5,cosine_72000.csv|wsdcon_3.csv|wsdcon_9.csv,Cosine + WSD-con 3e-5 + WSD-con 9e-5,3,1
0.0031360955249893426,train_size_rho0p5,0.002934018841377729,-6.4435755225377145,0.00901299669983756,0.5,25,0.8571428571428571,wsdld_20000_24000.csv,WSD linear,cosine_72000.csv|wsdcon_3.csv|wsdcon_9.csv,Cosine + WSD-con 3e-5 + WSD-con 9e-5,3,1
0.003408385839825258,train_size_rho0p75,0.0031462878467944304,-7.689798202079867,0.008412130253181722,0.75,25,0.8,wsd_20000_24000.csv,WSD sharp,cosine_72000.csv|wsdcon_3.csv|wsdcon_9.csv,Cosine + WSD-con 3e-5 + WSD-con 9e-5,3,1
0.002504818961791151,train_size_rho0p75,0.0023327014618331767,-6.871454687283906,0.008412130253181722,0.75,25,0.8,wsdcon_18.csv,WSD-con 18e-5,cosine_72000.csv|wsdcon_3.csv|wsdcon_9.csv,Cosine + WSD-con 3e-5 + WSD-con 9e-5,3,1
0.0031360955249893426,train_size_rho0p75,0.0029474906202851766,-6.014003821034974,0.008412130253181722,0.75,25,0.8,wsdld_20000_24000.csv,WSD linear,cosine_72000.csv|wsdcon_3.csv|wsdcon_9.csv,Cosine + WSD-con 3e-5 + WSD-con 9e-5,3,1
0.003408385839825258,train_size_rho1p0,0.003162668971358854,-7.20918581444997,0.007886372112357865,1.0,25,0.75,wsd_20000_24000.csv,WSD sharp,cosine_72000.csv|wsdcon_3.csv|wsdcon_9.csv,Cosine + WSD-con 3e-5 + WSD-con 9e-5,3,1
0.002504818961791151,train_size_rho1p0,0.0023434588055805455,-6.441988769328844,0.007886372112357865,1.0,25,0.75,wsdcon_18.csv,WSD-con 18e-5,cosine_72000.csv|wsdcon_3.csv|wsdcon_9.csv,Cosine + WSD-con 3e-5 + WSD-con 9e-5,3,1
0.0031360955249893426,train_size_rho1p0,0.002959278426829181,-5.638128582220481,0.007886372112357865,1.0,25,0.75,wsdld_20000_24000.csv,WSD linear,cosine_72000.csv|wsdcon_3.csv|wsdcon_9.csv,Cosine + WSD-con 3e-5 + WSD-con 9e-5,3,1
0.003408385839825258,train_selected_rho,0.003080763348536721,-9.612247752599911,0.010515162816477153,0.0,25,1.0,wsd_20000_24000.csv,WSD sharp,cosine_72000.csv|wsdcon_3.csv|wsdcon_9.csv,Cosine + WSD-con 3e-5 + WSD-con 9e-5,3,1
0.002504818961791151,train_selected_rho,0.0022896720868436538,-8.589318359106057,0.010515162816477153,0.0,25,1.0,wsdcon_18.csv,WSD-con 18e-5,cosine_72000.csv|wsdcon_3.csv|wsdcon_9.csv,Cosine + WSD-con 3e-5 + WSD-con 9e-5,3,1
0.0031360955249893426,train_selected_rho,0.00290033939410913,-7.517504776293881,0.010515162816477153,0.0,25,1.0,wsdld_20000_24000.csv,WSD linear,cosine_72000.csv|wsdcon_3.csv|wsdcon_9.csv,Cosine + WSD-con 3e-5 + WSD-con 9e-5,3,1
0.0037480705220761528,none,0.003275356777646623,-12.612189168940224,0.015261165852090124,0.0,100,1.0,wsd_20000_24000.csv,WSD sharp,cosine_72000.csv|wsdcon_3.csv|wsdcon_9.csv,Cosine + WSD-con 3e-5 + WSD-con 9e-5,3,1
0.0013816404339982303,none,0.0012207872140823353,-11.64219111990038,0.015261165852090124,0.0,100,1.0,wsdcon_18.csv,WSD-con 18e-5,cosine_72000.csv|wsdcon_3.csv|wsdcon_9.csv,Cosine + WSD-con 3e-5 + WSD-con 9e-5,3,1
0.003248313740665229,none,0.0029081503930199195,-10.471997928859134,0.015261165852090124,0.0,100,1.0,wsdld_20000_24000.csv,WSD linear,cosine_72000.csv|wsdcon_3.csv|wsdcon_9.csv,Cosine + WSD-con 3e-5 + WSD-con 9e-5,3,1
0.0037480705220761528,constant_0p85,0.0033462638393110546,-10.720360793599127,0.012971990974276605,0.0,100,0.85,wsd_20000_24000.csv,WSD sharp,cosine_72000.csv|wsdcon_3.csv|wsdcon_9.csv,Cosine + WSD-con 3e-5 + WSD-con 9e-5,3,1
0.0013816404339982303,constant_0p85,0.0012226674863585333,-11.506101278438752,0.012971990974276605,0.0,100,0.85,wsdcon_18.csv,WSD-con 18e-5,cosine_72000.csv|wsdcon_3.csv|wsdcon_9.csv,Cosine + WSD-con 3e-5 + WSD-con 9e-5,3,1
0.003248313740665229,constant_0p85,0.002959174895166708,-8.901198239530505,0.012971990974276605,0.0,100,0.85,wsdld_20000_24000.csv,WSD linear,cosine_72000.csv|wsdcon_3.csv|wsdcon_9.csv,Cosine + WSD-con 3e-5 + WSD-con 9e-5,3,1
0.0037480705220761528,train_size_rho0p25,0.0033117193733719604,-11.642020771329731,0.014087230017313962,0.25,100,0.9230769230769231,wsd_20000_24000.csv,WSD sharp,cosine_72000.csv|wsdcon_3.csv|wsdcon_9.csv,Cosine + WSD-con 3e-5 + WSD-con 9e-5,3,1
0.0013816404339982303,train_size_rho0p25,0.0012210208291917293,-11.625282588299434,0.014087230017313962,0.25,100,0.9230769230769231,wsdcon_18.csv,WSD-con 18e-5,cosine_72000.csv|wsdcon_3.csv|wsdcon_9.csv,Cosine + WSD-con 3e-5 + WSD-con 9e-5,3,1
0.003248313740665229,train_size_rho0p25,0.0029343168043772542,-9.666459626639101,0.014087230017313962,0.25,100,0.9230769230769231,wsdld_20000_24000.csv,WSD linear,cosine_72000.csv|wsdcon_3.csv|wsdcon_9.csv,Cosine + WSD-con 3e-5 + WSD-con 9e-5,3,1
0.0037480705220761528,train_size_rho0p35,0.003324744780795976,-11.294497763230071,0.013666715688438918,0.35,100,0.8955223880597015,wsd_20000_24000.csv,WSD sharp,cosine_72000.csv|wsdcon_3.csv|wsdcon_9.csv,Cosine + WSD-con 3e-5 + WSD-con 9e-5,3,1
0.0013816404339982303,train_size_rho0p35,0.0012214719030341744,-11.592634886962284,0.013666715688438918,0.35,100,0.8955223880597015,wsdcon_18.csv,WSD-con 18e-5,cosine_72000.csv|wsdcon_3.csv|wsdcon_9.csv,Cosine + WSD-con 3e-5 + WSD-con 9e-5,3,1
0.003248313740665229,train_size_rho0p35,0.0029436898472515174,-9.377908593008222,0.013666715688438918,0.35,100,0.8955223880597015,wsdld_20000_24000.csv,WSD linear,cosine_72000.csv|wsdcon_3.csv|wsdcon_9.csv,Cosine + WSD-con 3e-5 + WSD-con 9e-5,3,1
0.0037480705220761528,train_size_rho0p5,0.003342887312565118,-10.810447859091866,0.013080999301791534,0.5,100,0.8571428571428571,wsd_20000_24000.csv,WSD sharp,cosine_72000.csv|wsdcon_3.csv|wsdcon_9.csv,Cosine + WSD-con 3e-5 + WSD-con 9e-5,3,1
0.0013816404339982303,train_size_rho0p5,0.001222100184457559,-11.547161302958475,0.013080999301791534,0.5,100,0.8571428571428571,wsdcon_18.csv,WSD-con 18e-5,cosine_72000.csv|wsdcon_3.csv|wsdcon_9.csv,Cosine + WSD-con 3e-5 + WSD-con 9e-5,3,1
0.003248313740665229,train_size_rho0p5,0.0029567451569692555,-8.975998224736214,0.013080999301791534,0.5,100,0.8571428571428571,wsdld_20000_24000.csv,WSD linear,cosine_72000.csv|wsdcon_3.csv|wsdcon_9.csv,Cosine + WSD-con 3e-5 + WSD-con 9e-5,3,1
0.0037480705220761528,train_size_rho0p75,0.003369899526532526,-10.089751335152265,0.0122089326816721,0.75,100,0.8,wsd_20000_24000.csv,WSD sharp,cosine_72000.csv|wsdcon_3.csv|wsdcon_9.csv,Cosine + WSD-con 3e-5 + WSD-con 9e-5,3,1
0.0013816404339982303,train_size_rho0p75,0.0012290864252707749,-11.041513043012962,0.0122089326816721,0.75,100,0.8,wsdcon_18.csv,WSD-con 18e-5,cosine_72000.csv|wsdcon_3.csv|wsdcon_9.csv,Cosine + WSD-con 3e-5 + WSD-con 9e-5,3,1
0.003248313740665229,train_size_rho0p75,0.0029761830625489793,-8.377598343087367,0.0122089326816721,0.75,100,0.8,wsdld_20000_24000.csv,WSD linear,cosine_72000.csv|wsdcon_3.csv|wsdcon_9.csv,Cosine + WSD-con 3e-5 + WSD-con 9e-5,3,1
0.0037480705220761528,train_size_rho1p0,0.0033935352137540076,-9.459141876705113,0.011445874389067592,1.0,100,0.75,wsd_20000_24000.csv,WSD sharp,cosine_72000.csv|wsdcon_3.csv|wsdcon_9.csv,Cosine + WSD-con 3e-5 + WSD-con 9e-5,3,1
0.0013816404339982303,train_size_rho1p0,0.0012360528822207416,-10.537296694204535,0.011445874389067592,1.0,100,0.75,wsdcon_18.csv,WSD-con 18e-5,cosine_72000.csv|wsdcon_3.csv|wsdcon_9.csv,Cosine + WSD-con 3e-5 + WSD-con 9e-5,3,1
0.003248313740665229,train_size_rho1p0,0.0029931912299312456,-7.8539984466443835,0.011445874389067592,1.0,100,0.75,wsdld_20000_24000.csv,WSD linear,cosine_72000.csv|wsdcon_3.csv|wsdcon_9.csv,Cosine + WSD-con 3e-5 + WSD-con 9e-5,3,1
0.0037480705220761528,train_selected_rho,0.003275356777646623,-12.612189168940224,0.015261165852090124,0.0,100,1.0,wsd_20000_24000.csv,WSD sharp,cosine_72000.csv|wsdcon_3.csv|wsdcon_9.csv,Cosine + WSD-con 3e-5 + WSD-con 9e-5,3,1
0.0013816404339982303,train_selected_rho,0.0012207872140823353,-11.64219111990038,0.015261165852090124,0.0,100,1.0,wsdcon_18.csv,WSD-con 18e-5,cosine_72000.csv|wsdcon_3.csv|wsdcon_9.csv,Cosine + WSD-con 3e-5 + WSD-con 9e-5,3,1
0.003248313740665229,train_selected_rho,0.0029081503930199195,-10.471997928859134,0.015261165852090124,0.0,100,1.0,wsdld_20000_24000.csv,WSD linear,cosine_72000.csv|wsdcon_3.csv|wsdcon_9.csv,Cosine + WSD-con 3e-5 + WSD-con 9e-5,3,1
0.004701998914275349,none,0.003949494810810175,-16.003919124280497,0.024089244031707525,0.0,400,1.0,wsd_20000_24000.csv,WSD sharp,cosine_72000.csv|wsdcon_3.csv|wsdcon_9.csv,Cosine + WSD-con 3e-5 + WSD-con 9e-5,3,1
0.0025579541942073844,none,0.002394920448624481,-6.373599103224814,0.024089244031707525,0.0,400,1.0,wsdcon_18.csv,WSD-con 18e-5,cosine_72000.csv|wsdcon_3.csv|wsdcon_9.csv,Cosine + WSD-con 3e-5 + WSD-con 9e-5,3,1
0.0038535563963712593,none,0.00331290729485479,-14.029873859523045,0.024089244031707525,0.0,400,1.0,wsdld_20000_24000.csv,WSD linear,cosine_72000.csv|wsdcon_3.csv|wsdcon_9.csv,Cosine + WSD-con 3e-5 + WSD-con 9e-5,3,1
0.004701998914275349,constant_0p85,0.004062370426329962,-13.603331255638196,0.020475857426951394,0.0,400,0.85,wsd_20000_24000.csv,WSD sharp,cosine_72000.csv|wsdcon_3.csv|wsdcon_9.csv,Cosine + WSD-con 3e-5 + WSD-con 9e-5,3,1
0.0025579541942073844,constant_0p85,0.002412435236602126,-5.688880509854066,0.020475857426951394,0.0,400,0.85,wsdcon_18.csv,WSD-con 18e-5,cosine_72000.csv|wsdcon_3.csv|wsdcon_9.csv,Cosine + WSD-con 3e-5 + WSD-con 9e-5,3,1
0.0038535563963712593,constant_0p85,0.003394004660082264,-11.92539278059449,0.020475857426951394,0.0,400,0.85,wsdld_20000_24000.csv,WSD linear,cosine_72000.csv|wsdcon_3.csv|wsdcon_9.csv,Cosine + WSD-con 3e-5 + WSD-con 9e-5,3,1
0.004701998914275349,train_size_rho0p25,0.004007379741845958,-14.772848422412753,0.022236225260037715,0.25,400,0.9230769230769231,wsd_20000_24000.csv,WSD sharp,cosine_72000.csv|wsdcon_3.csv|wsdcon_9.csv,Cosine + WSD-con 3e-5 + WSD-con 9e-5,3,1
0.0025579541942073844,train_size_rho0p25,0.002403902391177118,-6.022461363034748,0.022236225260037715,0.25,400,0.9230769230769231,wsdcon_18.csv,WSD-con 18e-5,cosine_72000.csv|wsdcon_3.csv|wsdcon_9.csv,Cosine + WSD-con 3e-5 + WSD-con 9e-5,3,1
0.0038535563963712593,train_size_rho0p25,0.003354495687279132,-12.950652793405926,0.022236225260037715,0.25,400,0.9230769230769231,wsdld_20000_24000.csv,WSD linear,cosine_72000.csv|wsdcon_3.csv|wsdcon_9.csv,Cosine + WSD-con 3e-5 + WSD-con 9e-5,3,1
0.004701998914275349,train_size_rho0p35,0.004028114642515492,-14.331867872489978,0.021572457341827635,0.35,400,0.8955223880597015,wsd_20000_24000.csv,WSD sharp,cosine_72000.csv|wsdcon_3.csv|wsdcon_9.csv,Cosine + WSD-con 3e-5 + WSD-con 9e-5,3,1
0.0025579541942073844,train_size_rho0p35,0.0024071198034347663,-5.89668067998208,0.021572457341827635,0.35,400,0.8955223880597015,wsdcon_18.csv,WSD-con 18e-5,cosine_72000.csv|wsdcon_3.csv|wsdcon_9.csv,Cosine + WSD-con 3e-5 + WSD-con 9e-5,3,1
0.0038535563963712593,train_size_rho0p35,0.0033693930218789045,-12.564066142856301,0.021572457341827635,0.35,400,0.8955223880597015,wsdld_20000_24000.csv,WSD linear,cosine_72000.csv|wsdcon_3.csv|wsdcon_9.csv,Cosine + WSD-con 3e-5 + WSD-con 9e-5,3,1
0.004701998914275349,train_size_rho0p5,0.004056995397019491,-13.717644963668885,0.020647923455749305,0.5,400,0.8571428571428571,wsd_20000_24000.csv,WSD sharp,cosine_72000.csv|wsdcon_3.csv|wsdcon_9.csv,Cosine + WSD-con 3e-5 + WSD-con 9e-5,3,1
0.0025579541942073844,train_size_rho0p5,0.002411601199079378,-5.721486157157541,0.020647923455749305,0.5,400,0.8571428571428571,wsdcon_18.csv,WSD-con 18e-5,cosine_72000.csv|wsdcon_3.csv|wsdcon_9.csv,Cosine + WSD-con 3e-5 + WSD-con 9e-5,3,1
0.0038535563963712593,train_size_rho0p5,0.0033901428807857205,-12.025606165305302,0.020647923455749305,0.5,400,0.8571428571428571,wsdld_20000_24000.csv,WSD linear,cosine_72000.csv|wsdcon_3.csv|wsdcon_9.csv,Cosine + WSD-con 3e-5 + WSD-con 9e-5,3,1
0.004701998914275349,train_size_rho0p75,0.00409999563150322,-12.803135299424184,0.01927139522536602,0.75,400,0.8,wsd_20000_24000.csv,WSD sharp,cosine_72000.csv|wsdcon_3.csv|wsdcon_9.csv,Cosine + WSD-con 3e-5 + WSD-con 9e-5,3,1
0.0025579541942073844,train_size_rho0p75,0.0024182734992613452,-5.460640978730313,0.01927139522536602,0.75,400,0.8,wsdcon_18.csv,WSD-con 18e-5,cosine_72000.csv|wsdcon_3.csv|wsdcon_9.csv,Cosine + WSD-con 3e-5 + WSD-con 9e-5,3,1
0.0038535563963712593,train_size_rho0p75,0.003421037115158084,-11.223899087618427,0.01927139522536602,0.75,400,0.8,wsdld_20000_24000.csv,WSD linear,cosine_72000.csv|wsdcon_3.csv|wsdcon_9.csv,Cosine + WSD-con 3e-5 + WSD-con 9e-5,3,1
0.004701998914275349,train_size_rho1p0,0.004137620836676473,-12.002939343210283,0.018066933023780644,1.0,400,0.75,wsd_20000_24000.csv,WSD sharp,cosine_72000.csv|wsdcon_3.csv|wsdcon_9.csv,Cosine + WSD-con 3e-5 + WSD-con 9e-5,3,1
0.0025579541942073844,train_size_rho1p0,0.00242411176192056,-5.232401447606727,0.018066933023780644,1.0,400,0.75,wsdcon_18.csv,WSD-con 18e-5,cosine_72000.csv|wsdcon_3.csv|wsdcon_9.csv,Cosine + WSD-con 3e-5 + WSD-con 9e-5,3,1
0.0038535563963712593,train_size_rho1p0,0.0034480695702339124,-10.522405394642142,0.018066933023780644,1.0,400,0.75,wsdld_20000_24000.csv,WSD linear,cosine_72000.csv|wsdcon_3.csv|wsdcon_9.csv,Cosine + WSD-con 3e-5 + WSD-con 9e-5,3,1
0.004701998914275349,train_selected_rho,0.003949494810810175,-16.003919124280497,0.024089244031707525,0.0,400,1.0,wsd_20000_24000.csv,WSD sharp,cosine_72000.csv|wsdcon_3.csv|wsdcon_9.csv,Cosine + WSD-con 3e-5 + WSD-con 9e-5,3,1
0.0025579541942073844,train_selected_rho,0.002394920448624481,-6.373599103224814,0.024089244031707525,0.0,400,1.0,wsdcon_18.csv,WSD-con 18e-5,cosine_72000.csv|wsdcon_3.csv|wsdcon_9.csv,Cosine + WSD-con 3e-5 + WSD-con 9e-5,3,1
0.0038535563963712593,train_selected_rho,0.00331290729485479,-14.029873859523045,0.024089244031707525,0.0,400,1.0,wsdld_20000_24000.csv,WSD linear,cosine_72000.csv|wsdcon_3.csv|wsdcon_9.csv,Cosine + WSD-con 3e-5 + WSD-con 9e-5,3,1
0.003408385839825258,none,0.003068840439245429,-9.962058773170968,0.010897832919347525,0.0,25,1.0,wsd_20000_24000.csv,WSD sharp,cosine_72000.csv|wsdcon_3.csv|wsdcon_18.csv,Cosine + WSD-con 3e-5 + WSD-con 18e-5,3,1
0.002926482771138891,none,0.0023634540204894154,-19.23909329663893,0.010897832919347525,0.0,25,1.0,wsdcon_9.csv,WSD-con 9e-5,cosine_72000.csv|wsdcon_3.csv|wsdcon_18.csv,Cosine + WSD-con 3e-5 + WSD-con 18e-5,3,1
0.0031360955249893426,none,0.002891759705479396,-7.79108345275219,0.010897832919347525,0.0,25,1.0,wsdld_20000_24000.csv,WSD linear,cosine_72000.csv|wsdcon_3.csv|wsdcon_18.csv,Cosine + WSD-con 3e-5 + WSD-con 18e-5,3,1
0.003408385839825258,constant_0p85,0.0031197722493324,-8.467749957195414,0.009263157981445396,0.0,25,0.85,wsd_20000_24000.csv,WSD sharp,cosine_72000.csv|wsdcon_3.csv|wsdcon_18.csv,Cosine + WSD-con 3e-5 + WSD-con 18e-5,3,1
0.002926482771138891,constant_0p85,0.002441947323536955,-16.556921242812262,0.009263157981445396,0.0,25,0.85,wsdcon_9.csv,WSD-con 9e-5,cosine_72000.csv|wsdcon_3.csv|wsdcon_18.csv,Cosine + WSD-con 3e-5 + WSD-con 18e-5,3,1
0.0031360955249893426,constant_0p85,0.0029284100784058914,-6.622420934839257,0.009263157981445396,0.0,25,0.85,wsdld_20000_24000.csv,WSD linear,cosine_72000.csv|wsdcon_3.csv|wsdcon_18.csv,Cosine + WSD-con 3e-5 + WSD-con 18e-5,3,1
0.003408385839825258,train_size_rho0p25,0.0030949593162131004,-9.195746559850349,0.010059538079397716,0.25,25,0.9230769230769231,wsd_20000_24000.csv,WSD sharp,cosine_72000.csv|wsdcon_3.csv|wsdcon_18.csv,Cosine + WSD-con 3e-5 + WSD-con 18e-5,3,1
0.002926482771138891,train_size_rho0p25,0.0024021876353399452,-17.91553809814186,0.010059538079397716,0.25,25,0.9230769230769231,wsdcon_9.csv,WSD-con 9e-5,cosine_72000.csv|wsdcon_3.csv|wsdcon_18.csv,Cosine + WSD-con 3e-5 + WSD-con 18e-5,3,1
0.0031360955249893426,train_size_rho0p25,0.0029105547685186316,-7.191769341001731,0.010059538079397716,0.25,25,0.9230769230769231,wsdld_20000_24000.csv,WSD linear,cosine_72000.csv|wsdcon_3.csv|wsdcon_18.csv,Cosine + WSD-con 3e-5 + WSD-con 18e-5,3,1
0.003408385839825258,train_size_rho0p35,0.0031043153318433122,-8.921246662541439,0.009759253360609723,0.35,25,0.8955223880597015,wsd_20000_24000.csv,WSD sharp,cosine_72000.csv|wsdcon_3.csv|wsdcon_18.csv,Cosine + WSD-con 3e-5 + WSD-con 18e-5,3,1
0.002926482771138891,train_size_rho0p35,0.0024166944208080837,-17.419830909594392,0.009759253360609723,0.35,25,0.8955223880597015,wsdcon_9.csv,WSD-con 9e-5,cosine_72000.csv|wsdcon_3.csv|wsdcon_18.csv,Cosine + WSD-con 3e-5 + WSD-con 18e-5,3,1
0.0031360955249893426,train_size_rho0p35,0.00291728732841328,-6.97708965918078,0.009759253360609723,0.35,25,0.8955223880597015,wsdld_20000_24000.csv,WSD linear,cosine_72000.csv|wsdcon_3.csv|wsdcon_18.csv,Cosine + WSD-con 3e-5 + WSD-con 18e-5,3,1
0.003408385839825258,train_size_rho0p5,0.0031173469250425417,-8.538907519860995,0.00934099964515502,0.5,25,0.8571428571428571,wsd_20000_24000.csv,WSD sharp,cosine_72000.csv|wsdcon_3.csv|wsdcon_18.csv,Cosine + WSD-con 3e-5 + WSD-con 18e-5,3,1
0.002926482771138891,train_size_rho0p5,0.0024379830075642876,-16.69238474226503,0.00934099964515502,0.5,25,0.8571428571428571,wsdcon_9.csv,WSD-con 9e-5,cosine_72000.csv|wsdcon_3.csv|wsdcon_18.csv,Cosine + WSD-con 3e-5 + WSD-con 18e-5,3,1
0.0031360955249893426,train_size_rho0p5,0.002926664822552249,-6.678071530930341,0.00934099964515502,0.5,25,0.8571428571428571,wsdld_20000_24000.csv,WSD linear,cosine_72000.csv|wsdcon_3.csv|wsdcon_18.csv,Cosine + WSD-con 3e-5 + WSD-con 18e-5,3,1
0.003408385839825258,train_size_rho0p75,0.0031367495193613906,-7.969647018536897,0.008718266335478021,0.75,25,0.8,wsd_20000_24000.csv,WSD sharp,cosine_72000.csv|wsdcon_3.csv|wsdcon_18.csv,Cosine + WSD-con 3e-5 + WSD-con 18e-5,3,1
0.002926482771138891,train_size_rho0p75,0.002469697535345777,-15.608676746637673,0.008718266335478021,0.75,25,0.8,wsdcon_9.csv,WSD-con 9e-5,cosine_72000.csv|wsdcon_3.csv|wsdcon_18.csv,Cosine + WSD-con 3e-5 + WSD-con 18e-5,3,1
0.0031360955249893426,train_size_rho0p75,0.002940626869381392,-6.232866762201539,0.008718266335478021,0.75,25,0.8,wsdld_20000_24000.csv,WSD linear,cosine_72000.csv|wsdcon_3.csv|wsdcon_18.csv,Cosine + WSD-con 3e-5 + WSD-con 18e-5,3,1
0.003408385839825258,train_size_rho1p0,0.0031537267893903863,-7.471544079878223,0.008173374689510644,1.0,25,0.75,wsd_20000_24000.csv,WSD sharp,cosine_72000.csv|wsdcon_3.csv|wsdcon_18.csv,Cosine + WSD-con 3e-5 + WSD-con 18e-5,3,1
0.002926482771138891,train_size_rho1p0,0.002497447747154594,-14.660432250463252,0.008173374689510644,1.0,25,0.75,wsdcon_9.csv,WSD-con 9e-5,cosine_72000.csv|wsdcon_3.csv|wsdcon_18.csv,Cosine + WSD-con 3e-5 + WSD-con 18e-5,3,1
0.0031360955249893426,train_size_rho1p0,0.002952843660356885,-5.843312589564064,0.008173374689510644,1.0,25,0.75,wsdld_20000_24000.csv,WSD linear,cosine_72000.csv|wsdcon_3.csv|wsdcon_18.csv,Cosine + WSD-con 3e-5 + WSD-con 18e-5,3,1
0.003408385839825258,train_selected_rho,0.003068840439245429,-9.962058773170968,0.010897832919347525,0.0,25,1.0,wsd_20000_24000.csv,WSD sharp,cosine_72000.csv|wsdcon_3.csv|wsdcon_18.csv,Cosine + WSD-con 3e-5 + WSD-con 18e-5,3,1
0.002926482771138891,train_selected_rho,0.0023634540204894154,-19.23909329663893,0.010897832919347525,0.0,25,1.0,wsdcon_9.csv,WSD-con 9e-5,cosine_72000.csv|wsdcon_3.csv|wsdcon_18.csv,Cosine + WSD-con 3e-5 + WSD-con 18e-5,3,1
0.0031360955249893426,train_selected_rho,0.002891759705479396,-7.79108345275219,0.010897832919347525,0.0,25,1.0,wsdld_20000_24000.csv,WSD linear,cosine_72000.csv|wsdcon_3.csv|wsdcon_18.csv,Cosine + WSD-con 3e-5 + WSD-con 18e-5,3,1
0.0037480705220761528,none,0.003275900958067369,-12.597670220656276,0.015243597444671846,0.0,100,1.0,wsd_20000_24000.csv,WSD sharp,cosine_72000.csv|wsdcon_3.csv|wsdcon_18.csv,Cosine + WSD-con 3e-5 + WSD-con 18e-5,3,1
0.004934623402238123,none,0.004657462394156999,-5.61665978310354,0.015243597444671846,0.0,100,1.0,wsdcon_9.csv,WSD-con 9e-5,cosine_72000.csv|wsdcon_3.csv|wsdcon_18.csv,Cosine + WSD-con 3e-5 + WSD-con 18e-5,3,1
0.003248313740665229,none,0.0029085419835666766,-10.459942734132866,0.015243597444671846,0.0,100,1.0,wsdld_20000_24000.csv,WSD linear,cosine_72000.csv|wsdcon_3.csv|wsdcon_18.csv,Cosine + WSD-con 3e-5 + WSD-con 18e-5,3,1
0.0037480705220761528,constant_0p85,0.0033467263926686723,-10.708019687558213,0.012957057827971068,0.0,100,0.85,wsd_20000_24000.csv,WSD sharp,cosine_72000.csv|wsdcon_3.csv|wsdcon_18.csv,Cosine + WSD-con 3e-5 + WSD-con 18e-5,3,1
0.004934623402238123,constant_0p85,0.004659332403322896,-5.578764101640809,0.012957057827971068,0.0,100,0.85,wsdcon_9.csv,WSD-con 9e-5,cosine_72000.csv|wsdcon_3.csv|wsdcon_18.csv,Cosine + WSD-con 3e-5 + WSD-con 18e-5,3,1
0.003248313740665229,constant_0p85,0.002959507747131464,-8.890951324012796,0.012957057827971068,0.0,100,0.85,wsdld_20000_24000.csv,WSD linear,cosine_72000.csv|wsdcon_3.csv|wsdcon_18.csv,Cosine + WSD-con 3e-5 + WSD-con 18e-5,3,1
0.0037480705220761528,train_size_rho0p25,0.003312221693760346,-11.628618665221357,0.014071013025850935,0.25,100,0.9230769230769231,wsd_20000_24000.csv,WSD sharp,cosine_72000.csv|wsdcon_3.csv|wsdcon_18.csv,Cosine + WSD-con 3e-5 + WSD-con 18e-5,3,1
0.004934623402238123,train_size_rho0p25,0.004656584646787141,-5.63444730807372,0.014071013025850935,0.25,100,0.9230769230769231,wsdcon_9.csv,WSD-con 9e-5,cosine_72000.csv|wsdcon_3.csv|wsdcon_18.csv,Cosine + WSD-con 3e-5 + WSD-con 18e-5,3,1
0.003248313740665229,train_size_rho0p25,0.0029346782725742657,-9.65533175458394,0.014071013025850935,0.25,100,0.9230769230769231,wsdld_20000_24000.csv,WSD linear,cosine_72000.csv|wsdcon_3.csv|wsdcon_18.csv,Cosine + WSD-con 3e-5 + WSD-con 18e-5,3,1
0.0037480705220761528,train_size_rho0p35,0.0033252321065458976,-11.28149571999073,0.013650982786273295,0.35,100,0.8955223880597015,wsd_20000_24000.csv,WSD sharp,cosine_72000.csv|wsdcon_3.csv|wsdcon_18.csv,Cosine + WSD-con 3e-5 + WSD-con 18e-5,3,1
0.004934623402238123,train_size_rho0p35,0.004656305605318514,-5.6401020753351965,0.013650982786273295,0.35,100,0.8955223880597015,wsdcon_9.csv,WSD-con 9e-5,cosine_72000.csv|wsdcon_3.csv|wsdcon_18.csv,Cosine + WSD-con 3e-5 + WSD-con 18e-5,3,1
0.003248313740665229,train_size_rho0p35,0.0029440405253531024,-9.367112896238083,0.013650982786273295,0.35,100,0.8955223880597015,wsdld_20000_24000.csv,WSD linear,cosine_72000.csv|wsdcon_3.csv|wsdcon_18.csv,Cosine + WSD-con 3e-5 + WSD-con 18e-5,3,1
0.0037480705220761528,train_size_rho0p5,0.003343353752925762,-10.79800304627694,0.013065940666861581,0.5,100,0.8571428571428571,wsd_20000_24000.csv,WSD sharp,cosine_72000.csv|wsdcon_3.csv|wsdcon_18.csv,Cosine + WSD-con 3e-5 + WSD-con 18e-5,3,1
0.004934623402238123,train_size_rho0p5,0.004658857472488457,-5.58838856121403,0.013065940666861581,0.5,100,0.8571428571428571,wsdcon_9.csv,WSD-con 9e-5,cosine_72000.csv|wsdcon_3.csv|wsdcon_18.csv,Cosine + WSD-con 3e-5 + WSD-con 18e-5,3,1
0.003248313740665229,train_size_rho0p5,0.002957080806009334,-8.965665200685102,0.013065940666861581,0.5,100,0.8571428571428571,wsdld_20000_24000.csv,WSD linear,cosine_72000.csv|wsdcon_3.csv|wsdcon_18.csv,Cosine + WSD-con 3e-5 + WSD-con 18e-5,3,1
0.0037480705220761528,train_size_rho0p75,0.003370334870869119,-10.078136176525199,0.012194877955737477,0.75,100,0.8,wsd_20000_24000.csv,WSD sharp,cosine_72000.csv|wsdcon_3.csv|wsdcon_18.csv,Cosine + WSD-con 3e-5 + WSD-con 18e-5,3,1
0.004934623402238123,train_size_rho0p75,0.004662656919163763,-5.5113928846324605,0.012194877955737477,0.75,100,0.8,wsdcon_9.csv,WSD-con 9e-5,cosine_72000.csv|wsdcon_3.csv|wsdcon_18.csv,Cosine + WSD-con 3e-5 + WSD-con 18e-5,3,1
0.003248313740665229,train_size_rho0p75,0.002976496334986387,-8.367954187306292,0.012194877955737477,0.75,100,0.8,wsdld_20000_24000.csv,WSD linear,cosine_72000.csv|wsdcon_3.csv|wsdcon_18.csv,Cosine + WSD-con 3e-5 + WSD-con 18e-5,3,1
0.0037480705220761528,train_size_rho1p0,0.0033939433490695553,-9.448252665492463,0.011432698083503884,1.0,100,0.75,wsd_20000_24000.csv,WSD sharp,cosine_72000.csv|wsdcon_3.csv|wsdcon_18.csv,Cosine + WSD-con 3e-5 + WSD-con 18e-5,3,1
0.004934623402238123,train_size_rho1p0,0.004665981435004624,-5.444021667624222,0.011432698083503884,1.0,100,0.75,wsdcon_9.csv,WSD-con 9e-5,cosine_72000.csv|wsdcon_3.csv|wsdcon_18.csv,Cosine + WSD-con 3e-5 + WSD-con 18e-5,3,1
0.003248313740665229,train_size_rho1p0,0.002993484922841318,-7.844957050599555,0.011432698083503884,1.0,100,0.75,wsdld_20000_24000.csv,WSD linear,cosine_72000.csv|wsdcon_3.csv|wsdcon_18.csv,Cosine + WSD-con 3e-5 + WSD-con 18e-5,3,1
0.0037480705220761528,train_selected_rho,0.003275900958067369,-12.597670220656276,0.015243597444671846,0.0,100,1.0,wsd_20000_24000.csv,WSD sharp,cosine_72000.csv|wsdcon_3.csv|wsdcon_18.csv,Cosine + WSD-con 3e-5 + WSD-con 18e-5,3,1
0.004934623402238123,train_selected_rho,0.004657462394156999,-5.61665978310354,0.015243597444671846,0.0,100,1.0,wsdcon_9.csv,WSD-con 9e-5,cosine_72000.csv|wsdcon_3.csv|wsdcon_18.csv,Cosine + WSD-con 3e-5 + WSD-con 18e-5,3,1
0.003248313740665229,train_selected_rho,0.0029085419835666766,-10.459942734132866,0.015243597444671846,0.0,100,1.0,wsdld_20000_24000.csv,WSD linear,cosine_72000.csv|wsdcon_3.csv|wsdcon_18.csv,Cosine + WSD-con 3e-5 + WSD-con 18e-5,3,1
0.004701998914275349,none,0.003966651591466009,-15.639036422930952,0.023540019284475352,0.0,400,1.0,wsd_20000_24000.csv,WSD sharp,cosine_72000.csv|wsdcon_3.csv|wsdcon_18.csv,Cosine + WSD-con 3e-5 + WSD-con 18e-5,3,1
0.006687305974578527,none,0.006176870179081741,-7.632906247107341,0.023540019284475352,0.0,400,1.0,wsdcon_9.csv,WSD-con 9e-5,cosine_72000.csv|wsdcon_3.csv|wsdcon_18.csv,Cosine + WSD-con 3e-5 + WSD-con 18e-5,3,1
0.0038535563963712593,none,0.003325233869558877,-13.70999856937043,0.023540019284475352,0.0,400,1.0,wsdld_20000_24000.csv,WSD linear,cosine_72000.csv|wsdcon_3.csv|wsdcon_18.csv,Cosine + WSD-con 3e-5 + WSD-con 18e-5,3,1
0.004701998914275349,constant_0p85,0.004076953689887412,-13.293180959491258,0.02000901639180405,0.0,400,0.85,wsd_20000_24000.csv,WSD sharp,cosine_72000.csv|wsdcon_3.csv|wsdcon_18.csv,Cosine + WSD-con 3e-5 + WSD-con 18e-5,3,1
0.006687305974578527,constant_0p85,0.006223539194737823,-6.935031559849236,0.02000901639180405,0.0,400,0.85,wsdcon_9.csv,WSD-con 9e-5,cosine_72000.csv|wsdcon_3.csv|wsdcon_18.csv,Cosine + WSD-con 3e-5 + WSD-con 18e-5,3,1
0.0038535563963712593,constant_0p85,0.0034044822485807336,-11.653498783964888,0.02000901639180405,0.0,400,0.85,wsdld_20000_24000.csv,WSD linear,cosine_72000.csv|wsdcon_3.csv|wsdcon_18.csv,Cosine + WSD-con 3e-5 + WSD-con 18e-5,3,1
0.004701998914275349,train_size_rho0p25,0.00402321677014365,-14.436033621167043,0.02172924857028494,0.25,400,0.9230769230769231,wsd_20000_24000.csv,WSD sharp,cosine_72000.csv|wsdcon_3.csv|wsdcon_18.csv,Cosine + WSD-con 3e-5 + WSD-con 18e-5,3,1
0.006687305974578527,train_size_rho0p25,0.006199638747436847,-7.292431795337673,0.02172924857028494,0.25,400,0.9230769230769231,wsdcon_9.csv,WSD-con 9e-5,cosine_72000.csv|wsdcon_3.csv|wsdcon_18.csv,Cosine + WSD-con 3e-5 + WSD-con 18e-5,3,1
0.0038535563963712593,train_size_rho0p25,0.0033658740639290557,-12.65538329480359,0.02172924857028494,0.25,400,0.9230769230769231,wsdld_20000_24000.csv,WSD linear,cosine_72000.csv|wsdcon_3.csv|wsdcon_18.csv,Cosine + WSD-con 3e-5 + WSD-con 18e-5,3,1
0.004701998914275349,train_size_rho0p35,0.004043478923699825,-14.005107244415694,0.021080614284604792,0.35,400,0.8955223880597015,wsd_20000_24000.csv,WSD sharp,cosine_72000.csv|wsdcon_3.csv|wsdcon_18.csv,Cosine + WSD-con 3e-5 + WSD-con 18e-5,3,1
0.006687305974578527,train_size_rho0p35,0.006208054748860718,-7.166581393757953,0.021080614284604792,0.35,400,0.8955223880597015,wsdcon_9.csv,WSD-con 9e-5,cosine_72000.csv|wsdcon_3.csv|wsdcon_18.csv,Cosine + WSD-con 3e-5 + WSD-con 18e-5,3,1
0.0038535563963712593,train_size_rho0p35,0.003380431745494494,-12.277610659137828,0.021080614284604792,0.35,400,0.8955223880597015,wsdld_20000_24000.csv,WSD linear,cosine_72000.csv|wsdcon_3.csv|wsdcon_18.csv,Cosine + WSD-con 3e-5 + WSD-con 18e-5,3,1
0.004701998914275349,train_size_rho0p5,0.004071701209010206,-13.404888362512125,0.020177159386693157,0.5,400,0.8571428571428571,wsd_20000_24000.csv,WSD sharp,cosine_72000.csv|wsdcon_3.csv|wsdcon_18.csv,Cosine + WSD-con 3e-5 + WSD-con 18e-5,3,1
0.006687305974578527,train_size_rho0p5,0.006220749352445109,-6.976750038162017,0.020177159386693157,0.5,400,0.8571428571428571,wsdcon_9.csv,WSD-con 9e-5,cosine_72000.csv|wsdcon_3.csv|wsdcon_18.csv,Cosine + WSD-con 3e-5 + WSD-con 18e-5,3,1
0.0038535563963712593,train_size_rho0p5,0.0034007085162463583,-11.751427345174703,0.020177159386693157,0.5,400,0.8571428571428571,wsdld_20000_24000.csv,WSD linear,cosine_72000.csv|wsdcon_3.csv|wsdcon_18.csv,Cosine + WSD-con 3e-5 + WSD-con 18e-5,3,1
0.004701998914275349,train_size_rho0p75,0.004113721056027882,-12.51122913834466,0.018832015427580284,0.75,400,0.8,wsd_20000_24000.csv,WSD sharp,cosine_72000.csv|wsdcon_3.csv|wsdcon_18.csv,Cosine + WSD-con 3e-5 + WSD-con 18e-5,3,1
0.006687305974578527,train_size_rho0p75,0.006243068090786846,-6.643002211659377,0.018832015427580284,0.75,400,0.8,wsdcon_9.csv,WSD-con 9e-5,cosine_72000.csv|wsdcon_3.csv|wsdcon_18.csv,Cosine + WSD-con 3e-5 + WSD-con 18e-5,3,1
0.0038535563963712593,train_size_rho0p75,0.003430898374921351,-10.967998855496408,0.018832015427580284,0.75,400,0.8,wsdld_20000_24000.csv,WSD linear,cosine_72000.csv|wsdcon_3.csv|wsdcon_18.csv,Cosine + WSD-con 3e-5 + WSD-con 18e-5,3,1
0.004701998914275349,train_size_rho1p0,0.00415048842216835,-11.729277317198095,0.017655014463356513,1.0,400,0.75,wsd_20000_24000.csv,WSD sharp,cosine_72000.csv|wsdcon_3.csv|wsdcon_18.csv,Cosine + WSD-con 3e-5 + WSD-con 18e-5,3,1
0.006687305974578527,train_size_rho1p0,0.006262596986835862,-6.350972863469629,0.017655014463356513,1.0,400,0.75,wsdcon_9.csv,WSD-con 9e-5,cosine_72000.csv|wsdcon_3.csv|wsdcon_18.csv,Cosine + WSD-con 3e-5 + WSD-con 18e-5,3,1
0.0038535563963712593,train_size_rho1p0,0.003457314501261963,-10.282498927028072,0.017655014463356513,1.0,400,0.75,wsdld_20000_24000.csv,WSD linear,cosine_72000.csv|wsdcon_3.csv|wsdcon_18.csv,Cosine + WSD-con 3e-5 + WSD-con 18e-5,3,1
0.004701998914275349,train_selected_rho,0.003966651591466009,-15.639036422930952,0.023540019284475352,0.0,400,1.0,wsd_20000_24000.csv,WSD sharp,cosine_72000.csv|wsdcon_3.csv|wsdcon_18.csv,Cosine + WSD-con 3e-5 + WSD-con 18e-5,3,1
0.006687305974578527,train_selected_rho,0.006176870179081741,-7.632906247107341,0.023540019284475352,0.0,400,1.0,wsdcon_9.csv,WSD-con 9e-5,cosine_72000.csv|wsdcon_3.csv|wsdcon_18.csv,Cosine + WSD-con 3e-5 + WSD-con 18e-5,3,1
0.0038535563963712593,train_selected_rho,0.003325233869558877,-13.70999856937043,0.023540019284475352,0.0,400,1.0,wsdld_20000_24000.csv,WSD linear,cosine_72000.csv|wsdcon_3.csv|wsdcon_18.csv,Cosine + WSD-con 3e-5 + WSD-con 18e-5,3,1
0.003408385839825258,none,0.003021287025511897,-11.357247462722908,0.012424076999601972,0.0,25,1.0,wsd_20000_24000.csv,WSD sharp,cosine_72000.csv|wsdcon_9.csv|wsdcon_18.csv,Cosine + WSD-con 9e-5 + WSD-con 18e-5,3,1
0.004487187642230267,none,0.0029147451853649363,-35.04293963699231,0.012424076999601972,0.0,25,1.0,wsdcon_3.csv,WSD-con 3e-5,cosine_72000.csv|wsdcon_9.csv|wsdcon_18.csv,Cosine + WSD-con 9e-5 + WSD-con 18e-5,3,1
0.0031360955249893426,none,0.0028575404161141566,-8.882226534733274,0.012424076999601972,0.0,25,1.0,wsdld_20000_24000.csv,WSD linear,cosine_72000.csv|wsdcon_9.csv|wsdcon_18.csv,Cosine + WSD-con 9e-5 + WSD-con 18e-5,3,1
0.003408385839825258,constant_0p85,0.0030793518476589002,-9.653660343314495,0.010560465449661676,0.0,25,0.85,wsd_20000_24000.csv,WSD sharp,cosine_72000.csv|wsdcon_9.csv|wsdcon_18.csv,Cosine + WSD-con 9e-5 + WSD-con 18e-5,3,1
0.004487187642230267,constant_0p85,0.0030548751941248957,-31.92004797449186,0.010560465449661676,0.0,25,0.85,wsdcon_3.csv,WSD-con 3e-5,cosine_72000.csv|wsdcon_9.csv|wsdcon_18.csv,Cosine + WSD-con 9e-5 + WSD-con 18e-5,3,1
0.0031360955249893426,constant_0p85,0.0028993236824454353,-7.549892554523252,0.010560465449661676,0.0,25,0.85,wsdld_20000_24000.csv,WSD linear,cosine_72000.csv|wsdcon_9.csv|wsdcon_18.csv,Cosine + WSD-con 9e-5 + WSD-con 18e-5,3,1
0.003408385839825258,train_size_rho0p25,0.003051063857382152,-10.48361304251355,0.01146837876886336,0.25,25,0.9230769230769231,wsd_20000_24000.csv,WSD sharp,cosine_72000.csv|wsdcon_9.csv|wsdcon_18.csv,Cosine + WSD-con 9e-5 + WSD-con 18e-5,3,1
0.004487187642230267,train_size_rho0p25,0.002982082759617354,-33.54227642383216,0.01146837876886336,0.25,25,0.9230769230769231,wsdcon_3.csv,WSD-con 3e-5,cosine_72000.csv|wsdcon_9.csv|wsdcon_18.csv,Cosine + WSD-con 9e-5 + WSD-con 18e-5,3,1
0.0031360955249893426,train_size_rho0p25,0.002878967732181481,-8.198978339753715,0.01146837876886336,0.25,25,0.9230769230769231,wsdld_20000_24000.csv,WSD linear,cosine_72000.csv|wsdcon_9.csv|wsdcon_18.csv,Cosine + WSD-con 9e-5 + WSD-con 18e-5,3,1
0.003408385839825258,train_size_rho0p35,0.003061730185216274,-10.170669369602713,0.011126039104121169,0.35,25,0.8955223880597015,wsd_20000_24000.csv,WSD sharp,cosine_72000.csv|wsdcon_9.csv|wsdcon_18.csv,Cosine + WSD-con 9e-5 + WSD-con 18e-5,3,1
0.004487187642230267,train_size_rho0p35,0.003008875611173563,-32.945179674321324,0.011126039104121169,0.35,25,0.8955223880597015,wsdcon_3.csv,WSD-con 3e-5,cosine_72000.csv|wsdcon_9.csv|wsdcon_18.csv,Cosine + WSD-con 9e-5 + WSD-con 18e-5,3,1
0.0031360955249893426,train_size_rho0p35,0.002886643188683207,-7.95423271767155,0.011126039104121169,0.35,25,0.8955223880597015,wsdld_20000_24000.csv,WSD linear,cosine_72000.csv|wsdcon_9.csv|wsdcon_18.csv,Cosine + WSD-con 9e-5 + WSD-con 18e-5,3,1
0.003408385839825258,train_size_rho0p5,0.003076586856128101,-9.734783539476489,0.010649208856801689,0.5,25,0.8571428571428571,wsd_20000_24000.csv,WSD sharp,cosine_72000.csv|wsdcon_9.csv|wsdcon_18.csv,Cosine + WSD-con 9e-5 + WSD-con 18e-5,3,1
0.004487187642230267,train_size_rho0p5,0.003047285968497802,-32.089178981086484,0.010649208856801689,0.5,25,0.8571428571428571,wsdcon_3.csv,WSD-con 3e-5,cosine_72000.csv|wsdcon_9.csv|wsdcon_18.csv,Cosine + WSD-con 9e-5 + WSD-con 18e-5,3,1
0.0031360955249893426,train_size_rho0p5,0.002897334003096334,-7.613337029771117,0.010649208856801689,0.5,25,0.8571428571428571,wsdld_20000_24000.csv,WSD linear,cosine_72000.csv|wsdcon_9.csv|wsdcon_18.csv,Cosine + WSD-con 9e-5 + WSD-con 18e-5,3,1
0.003408385839825258,train_size_rho0p75,0.0030987067883745624,-9.085797970178522,0.009939261599681578,0.75,25,0.8,wsd_20000_24000.csv,WSD sharp,cosine_72000.csv|wsdcon_9.csv|wsdcon_18.csv,Cosine + WSD-con 9e-5 + WSD-con 18e-5,3,1
0.004487187642230267,train_size_rho0p75,0.003108483164264367,-30.72535823976915,0.009939261599681578,0.75,25,0.8,wsdcon_3.csv,WSD-con 3e-5,cosine_72000.csv|wsdcon_9.csv|wsdcon_18.csv,Cosine + WSD-con 9e-5 + WSD-con 18e-5,3,1
0.0031360955249893426,train_size_rho0p75,0.0029132514378892057,-7.105781227786235,0.009939261599681578,0.75,25,0.8,wsdld_20000_24000.csv,WSD linear,cosine_72000.csv|wsdcon_9.csv|wsdcon_18.csv,Cosine + WSD-con 9e-5 + WSD-con 18e-5,3,1
0.003408385839825258,train_size_rho1p0,0.0031180617290902327,-8.517935597042314,0.009318057749701479,1.0,25,0.75,wsd_20000_24000.csv,WSD sharp,cosine_72000.csv|wsdcon_9.csv|wsdcon_18.csv,Cosine + WSD-con 9e-5 + WSD-con 18e-5,3,1
0.004487187642230267,train_size_rho1p0,0.0031768147021885187,-29.202543876468113,0.009318057749701479,1.0,25,0.75,wsdcon_3.csv,WSD-con 3e-5,cosine_72000.csv|wsdcon_9.csv|wsdcon_18.csv,Cosine + WSD-con 9e-5 + WSD-con 18e-5,3,1
0.0031360955249893426,train_size_rho1p0,0.0029271791933329575,-6.661669901049805,0.009318057749701479,1.0,25,0.75,wsdld_20000_24000.csv,WSD linear,cosine_72000.csv|wsdcon_9.csv|wsdcon_18.csv,Cosine + WSD-con 9e-5 + WSD-con 18e-5,3,1
0.003408385839825258,train_selected_rho,0.003021287025511897,-11.357247462722908,0.012424076999601972,0.0,25,1.0,wsd_20000_24000.csv,WSD sharp,cosine_72000.csv|wsdcon_9.csv|wsdcon_18.csv,Cosine + WSD-con 9e-5 + WSD-con 18e-5,3,1
0.004487187642230267,train_selected_rho,0.0029147451853649363,-35.04293963699231,0.012424076999601972,0.0,25,1.0,wsdcon_3.csv,WSD-con 3e-5,cosine_72000.csv|wsdcon_9.csv|wsdcon_18.csv,Cosine + WSD-con 9e-5 + WSD-con 18e-5,3,1
0.0031360955249893426,train_selected_rho,0.0028575404161141566,-8.882226534733274,0.012424076999601972,0.0,25,1.0,wsdld_20000_24000.csv,WSD linear,cosine_72000.csv|wsdcon_9.csv|wsdcon_18.csv,Cosine + WSD-con 9e-5 + WSD-con 18e-5,3,1
0.0037480705220761528,none,0.003259414843886826,-13.037526250137043,0.015775837781938484,0.0,100,1.0,wsd_20000_24000.csv,WSD sharp,cosine_72000.csv|wsdcon_9.csv|wsdcon_18.csv,Cosine + WSD-con 9e-5 + WSD-con 18e-5,3,1
0.0056693997340904675,none,0.004477559829202676,-21.02232971369404,0.015775837781938484,0.0,100,1.0,wsdcon_3.csv,WSD-con 3e-5,cosine_72000.csv|wsdcon_9.csv|wsdcon_18.csv,Cosine + WSD-con 9e-5 + WSD-con 18e-5,3,1
0.003248313740665229,none,0.002896678626819813,-10.825158587464646,0.015775837781938484,0.0,100,1.0,wsdld_20000_24000.csv,WSD linear,cosine_72000.csv|wsdcon_9.csv|wsdcon_18.csv,Cosine + WSD-con 9e-5 + WSD-con 18e-5,3,1
0.0037480705220761528,constant_0p85,0.0033327131956152173,-11.081897312616684,0.01340946211464771,0.0,100,0.85,wsd_20000_24000.csv,WSD sharp,cosine_72000.csv|wsdcon_9.csv|wsdcon_18.csv,Cosine + WSD-con 9e-5 + WSD-con 18e-5,3,1
0.0056693997340904675,constant_0p85,0.004560117219562755,-19.56613692023734,0.01340946211464771,0.0,100,0.85,wsdcon_3.csv,WSD-con 3e-5,cosine_72000.csv|wsdcon_9.csv|wsdcon_18.csv,Cosine + WSD-con 9e-5 + WSD-con 18e-5,3,1
0.003248313740665229,constant_0p85,0.0029494238938966204,-9.201384799345092,0.01340946211464771,0.0,100,0.85,wsdld_20000_24000.csv,WSD linear,cosine_72000.csv|wsdcon_9.csv|wsdcon_18.csv,Cosine + WSD-con 9e-5 + WSD-con 18e-5,3,1
0.0037480705220761528,train_size_rho0p25,0.0032970037422090717,-12.034639615511388,0.014562311798712447,0.25,100,0.9230769230769231,wsd_20000_24000.csv,WSD sharp,cosine_72000.csv|wsdcon_9.csv|wsdcon_18.csv,Cosine + WSD-con 9e-5 + WSD-con 18e-5,3,1
0.0056693997340904675,train_size_rho0p25,0.004514825127996144,-20.36502381639791,0.014562311798712447,0.25,100,0.9230769230769231,wsdcon_3.csv,WSD-con 3e-5,cosine_72000.csv|wsdcon_9.csv|wsdcon_18.csv,Cosine + WSD-con 9e-5 + WSD-con 18e-5,3,1
0.003248313740665229,train_size_rho0p25,0.002923727481730994,-9.992454080736735,0.014562311798712447,0.25,100,0.9230769230769231,wsdld_20000_24000.csv,WSD linear,cosine_72000.csv|wsdcon_9.csv|wsdcon_18.csv,Cosine + WSD-con 9e-5 + WSD-con 18e-5,3,1
0.0037480705220761528,train_size_rho0p35,0.003310468422205094,-11.675396641914304,0.014127615924124017,0.35,100,0.8955223880597015,wsd_20000_24000.csv,WSD sharp,cosine_72000.csv|wsdcon_9.csv|wsdcon_18.csv,Cosine + WSD-con 9e-5 + WSD-con 18e-5,3,1
0.0056693997340904675,train_size_rho0p35,0.004530724785636442,-20.084576883988248,0.014127615924124017,0.35,100,0.8955223880597015,wsdcon_3.csv,WSD-con 3e-5,cosine_72000.csv|wsdcon_9.csv|wsdcon_18.csv,Cosine + WSD-con 9e-5 + WSD-con 18e-5,3,1
0.003248313740665229,train_size_rho0p35,0.0029334166237887332,-9.694171869371438,0.014127615924124017,0.35,100,0.8955223880597015,wsdld_20000_24000.csv,WSD linear,cosine_72000.csv|wsdcon_9.csv|wsdcon_18.csv,Cosine + WSD-con 9e-5 + WSD-con 18e-5,3,1
0.0037480705220761528,train_size_rho0p5,0.003329222797913863,-11.175022500117715,0.013522146670232986,0.5,100,0.8571428571428571,wsd_20000_24000.csv,WSD sharp,cosine_72000.csv|wsdcon_9.csv|wsdcon_18.csv,Cosine + WSD-con 9e-5 + WSD-con 18e-5,3,1
0.0056693997340904675,train_size_rho0p5,0.004555505291991179,-19.64748464288678,0.013522146670232986,0.5,100,0.8571428571428571,wsdcon_3.csv,WSD-con 3e-5,cosine_72000.csv|wsdcon_9.csv|wsdcon_18.csv,Cosine + WSD-con 9e-5 + WSD-con 18e-5,3,1
0.003248313740665229,train_size_rho0p5,0.0029469122145120144,-9.278707360684002,0.013522146670232986,0.5,100,0.8571428571428571,wsdld_20000_24000.csv,WSD linear,cosine_72000.csv|wsdcon_9.csv|wsdcon_18.csv,Cosine + WSD-con 9e-5 + WSD-con 18e-5,3,1
0.0037480705220761528,train_size_rho0p75,0.0033571459795246877,-10.430021000109724,0.012620670225550787,0.75,100,0.8,wsd_20000_24000.csv,WSD sharp,cosine_72000.csv|wsdcon_9.csv|wsdcon_18.csv,Cosine + WSD-con 9e-5 + WSD-con 18e-5,3,1
0.0056693997340904675,train_size_rho0p75,0.004596352102602656,-18.927006064425246,0.012620670225550787,0.75,100,0.8,wsdcon_3.csv,WSD-con 3e-5,cosine_72000.csv|wsdcon_9.csv|wsdcon_18.csv,Cosine + WSD-con 9e-5 + WSD-con 18e-5,3,1
0.003248313740665229,train_size_rho0p75,0.002967005649588889,-8.66012686997193,0.012620670225550787,0.75,100,0.8,wsdld_20000_24000.csv,WSD linear,cosine_72000.csv|wsdcon_9.csv|wsdcon_18.csv,Cosine + WSD-con 9e-5 + WSD-con 18e-5,3,1
0.0037480705220761528,train_size_rho1p0,0.0033815787634341532,-9.778144687602897,0.011831878336453862,1.0,100,0.75,wsd_20000_24000.csv,WSD sharp,cosine_72000.csv|wsdcon_9.csv|wsdcon_18.csv,Cosine + WSD-con 9e-5 + WSD-con 18e-5,3,1
0.0056693997340904675,train_size_rho1p0,0.004634901988405573,-18.247041912821782,0.011831878336453862,1.0,100,0.75,wsdcon_3.csv,WSD-con 3e-5,cosine_72000.csv|wsdcon_9.csv|wsdcon_18.csv,Cosine + WSD-con 9e-5 + WSD-con 18e-5,3,1
0.003248313740665229,train_size_rho1p0,0.002984587405281161,-8.118868940598666,0.011831878336453862,1.0,100,0.75,wsdld_20000_24000.csv,WSD linear,cosine_72000.csv|wsdcon_9.csv|wsdcon_18.csv,Cosine + WSD-con 9e-5 + WSD-con 18e-5,3,1
0.0037480705220761528,train_selected_rho,0.003259414843886826,-13.037526250137043,0.015775837781938484,0.0,100,1.0,wsd_20000_24000.csv,WSD sharp,cosine_72000.csv|wsdcon_9.csv|wsdcon_18.csv,Cosine + WSD-con 9e-5 + WSD-con 18e-5,3,1
0.0056693997340904675,train_selected_rho,0.004477559829202676,-21.02232971369404,0.015775837781938484,0.0,100,1.0,wsdcon_3.csv,WSD-con 3e-5,cosine_72000.csv|wsdcon_9.csv|wsdcon_18.csv,Cosine + WSD-con 9e-5 + WSD-con 18e-5,3,1
0.003248313740665229,train_selected_rho,0.002896678626819813,-10.825158587464646,0.015775837781938484,0.0,100,1.0,wsdld_20000_24000.csv,WSD linear,cosine_72000.csv|wsdcon_9.csv|wsdcon_18.csv,Cosine + WSD-con 9e-5 + WSD-con 18e-5,3,1
0.004701998914275349,none,0.003858730164687734,-17.934260831652615,0.026994811854961626,0.0,400,1.0,wsd_20000_24000.csv,WSD sharp,cosine_72000.csv|wsdcon_9.csv|wsdcon_18.csv,Cosine + WSD-con 9e-5 + WSD-con 18e-5,3,1
0.008173606778800102,none,0.005347285438847648,-34.578631153178165,0.026994811854961626,0.0,400,1.0,wsdcon_3.csv,WSD-con 3e-5,cosine_72000.csv|wsdcon_9.csv|wsdcon_18.csv,Cosine + WSD-con 9e-5 + WSD-con 18e-5,3,1
0.0038535563963712593,none,0.0032476959237146396,-15.722112519934427,0.026994811854961626,0.0,400,1.0,wsdld_20000_24000.csv,WSD linear,cosine_72000.csv|wsdcon_9.csv|wsdcon_18.csv,Cosine + WSD-con 9e-5 + WSD-con 18e-5,3,1
0.004701998914275349,constant_0p85,0.003985220477125876,-15.244121706904712,0.02294559007671738,0.0,400,0.85,wsd_20000_24000.csv,WSD sharp,cosine_72000.csv|wsdcon_9.csv|wsdcon_18.csv,Cosine + WSD-con 9e-5 + WSD-con 18e-5,3,1
0.008173606778800102,constant_0p85,0.005631511142543057,-31.10127150783034,0.02294559007671738,0.0,400,0.85,wsdcon_3.csv,WSD-con 3e-5,cosine_72000.csv|wsdcon_9.csv|wsdcon_18.csv,Cosine + WSD-con 9e-5 + WSD-con 18e-5,3,1
0.0038535563963712593,constant_0p85,0.003338574994613136,-13.363795641944165,0.02294559007671738,0.0,400,0.85,wsdld_20000_24000.csv,WSD linear,cosine_72000.csv|wsdcon_9.csv|wsdcon_18.csv,Cosine + WSD-con 9e-5 + WSD-con 18e-5,3,1
0.004701998914275349,train_size_rho0p25,0.003923596991579098,-16.55470230614068,0.024918287866118424,0.25,400,0.9230769230769231,wsd_20000_24000.csv,WSD sharp,cosine_72000.csv|wsdcon_9.csv|wsdcon_18.csv,Cosine + WSD-con 9e-5 + WSD-con 18e-5,3,1
0.008173606778800102,train_size_rho0p25,0.005484923842265558,-32.89469397412395,0.024918287866118424,0.25,400,0.9230769230769231,wsdcon_3.csv,WSD-con 3e-5,cosine_72000.csv|wsdcon_9.csv|wsdcon_18.csv,Cosine + WSD-con 9e-5 + WSD-con 18e-5,3,1
0.0038535563963712593,train_size_rho0p25,0.0032943005754574556,-14.512719249170269,0.024918287866118424,0.25,400,0.9230769230769231,wsdld_20000_24000.csv,WSD linear,cosine_72000.csv|wsdcon_9.csv|wsdcon_18.csv,Cosine + WSD-con 9e-5 + WSD-con 18e-5,3,1
0.004701998914275349,train_size_rho0p35,0.003946832869868531,-16.060532088047076,0.024174458377577576,0.35,400,0.8955223880597015,wsd_20000_24000.csv,WSD sharp,cosine_72000.csv|wsdcon_9.csv|wsdcon_18.csv,Cosine + WSD-con 9e-5 + WSD-con 18e-5,3,1
0.008173606778800102,train_size_rho0p35,0.005538917990906608,-32.234102510621035,0.024174458377577576,0.35,400,0.8955223880597015,wsdcon_3.csv,WSD-con 3e-5,cosine_72000.csv|wsdcon_9.csv|wsdcon_18.csv,Cosine + WSD-con 9e-5 + WSD-con 18e-5,3,1
0.0038535563963712593,train_size_rho0p35,0.003310994779066824,-14.07950374919501,0.024174458377577576,0.35,400,0.8955223880597015,wsdld_20000_24000.csv,WSD linear,cosine_72000.csv|wsdcon_9.csv|wsdcon_18.csv,Cosine + WSD-con 9e-5 + WSD-con 18e-5,3,1
0.004701998914275349,train_size_rho0p5,0.003979197128914536,-15.372223569987964,0.02313841016139568,0.5,400,0.8571428571428571,wsd_20000_24000.csv,WSD sharp,cosine_72000.csv|wsdcon_9.csv|wsdcon_18.csv,Cosine + WSD-con 9e-5 + WSD-con 18e-5,3,1
0.008173606778800102,train_size_rho0p5,0.005616427907258534,-31.28580736443215,0.02313841016139568,0.5,400,0.8571428571428571,wsdcon_3.csv,WSD-con 3e-5,cosine_72000.csv|wsdcon_9.csv|wsdcon_18.csv,Cosine + WSD-con 9e-5 + WSD-con 18e-5,3,1
0.0038535563963712593,train_size_rho0p5,0.00333424741980844,-13.476096445658147,0.02313841016139568,0.5,400,0.8571428571428571,wsdld_20000_24000.csv,WSD linear,cosine_72000.csv|wsdcon_9.csv|wsdcon_18.csv,Cosine + WSD-con 9e-5 + WSD-con 18e-5,3,1
0.004701998914275349,train_size_rho0p75,0.004027383914605262,-14.347408665321982,0.021595849483969302,0.75,400,0.8,wsd_20000_24000.csv,WSD sharp,cosine_72000.csv|wsdcon_9.csv|wsdcon_18.csv,Cosine + WSD-con 9e-5 + WSD-con 18e-5,3,1
0.008173606778800102,train_size_rho0p75,0.005741498062117702,-29.75563643446324,0.021595849483969302,0.75,400,0.8,wsdcon_3.csv,WSD-con 3e-5,cosine_72000.csv|wsdcon_9.csv|wsdcon_18.csv,Cosine + WSD-con 9e-5 + WSD-con 18e-5,3,1
0.0038535563963712593,train_size_rho0p75,0.003368868018245958,-12.577690015947695,0.021595849483969302,0.75,400,0.8,wsdld_20000_24000.csv,WSD linear,cosine_72000.csv|wsdcon_9.csv|wsdcon_18.csv,Cosine + WSD-con 9e-5 + WSD-con 18e-5,3,1
0.004701998914275349,train_size_rho1p0,0.00406954735208464,-13.450695623739406,0.02024610889122122,1.0,400,0.75,wsd_20000_24000.csv,WSD sharp,cosine_72000.csv|wsdcon_9.csv|wsdcon_18.csv,Cosine + WSD-con 9e-5 + WSD-con 18e-5,3,1
0.008173606778800102,train_size_rho1p0,0.005858929648279377,-28.318919580573755,0.02024610889122122,1.0,400,0.75,wsdcon_3.csv,WSD-con 3e-5,cosine_72000.csv|wsdcon_9.csv|wsdcon_18.csv,Cosine + WSD-con 9e-5 + WSD-con 18e-5,3,1
0.0038535563963712593,train_size_rho1p0,0.00339916104187879,-11.791584389950938,0.02024610889122122,1.0,400,0.75,wsdld_20000_24000.csv,WSD linear,cosine_72000.csv|wsdcon_9.csv|wsdcon_18.csv,Cosine + WSD-con 9e-5 + WSD-con 18e-5,3,1
0.004701998914275349,train_selected_rho,0.003858730164687734,-17.934260831652615,0.026994811854961626,0.0,400,1.0,wsd_20000_24000.csv,WSD sharp,cosine_72000.csv|wsdcon_9.csv|wsdcon_18.csv,Cosine + WSD-con 9e-5 + WSD-con 18e-5,3,1
0.008173606778800102,train_selected_rho,0.005347285438847648,-34.578631153178165,0.026994811854961626,0.0,400,1.0,wsdcon_3.csv,WSD-con 3e-5,cosine_72000.csv|wsdcon_9.csv|wsdcon_18.csv,Cosine + WSD-con 9e-5 + WSD-con 18e-5,3,1
0.0038535563963712593,train_selected_rho,0.0032476959237146396,-15.722112519934427,0.026994811854961626,0.0,400,1.0,wsdld_20000_24000.csv,WSD linear,cosine_72000.csv|wsdcon_9.csv|wsdcon_18.csv,Cosine + WSD-con 9e-5 + WSD-con 18e-5,3,1
0.00744534704076948,none,0.007341131234388894,-1.3997441060828786,0.00917278547701816,0.0,25,1.0,cosine_72000.csv,Cosine,wsd_20000_24000.csv|wsdld_20000_24000.csv|wsdcon_3.csv,WSD sharp + WSD linear + WSD-con 3e-5,3,1
0.002504818961791151,none,0.002317137975353957,-7.492796457552631,0.00917278547701816,0.0,25,1.0,wsdcon_18.csv,WSD-con 18e-5,wsd_20000_24000.csv|wsdld_20000_24000.csv|wsdcon_3.csv,WSD sharp + WSD linear + WSD-con 3e-5,3,1
0.002926482771138891,none,0.002446549809477253,-16.39965102117664,0.00917278547701816,0.0,25,1.0,wsdcon_9.csv,WSD-con 9e-5,wsd_20000_24000.csv|wsdld_20000_24000.csv|wsdcon_3.csv,WSD sharp + WSD linear + WSD-con 3e-5,3,1
0.00744534704076948,constant_0p85,0.0073567636053459865,-1.1897824901703768,0.007796867655465436,0.0,25,0.85,cosine_72000.csv,Cosine,wsd_20000_24000.csv|wsdld_20000_24000.csv|wsdcon_3.csv,WSD sharp + WSD linear + WSD-con 3e-5,3,1
0.002504818961791151,constant_0p85,0.002345290123319534,-6.368876988919814,0.007796867655465436,0.0,25,0.85,wsdcon_18.csv,WSD-con 18e-5,wsd_20000_24000.csv|wsdld_20000_24000.csv|wsdcon_3.csv,WSD sharp + WSD linear + WSD-con 3e-5,3,1
0.002926482771138891,constant_0p85,0.0025166224766986914,-14.00521808917724,0.007796867655465436,0.0,25,0.85,wsdcon_9.csv,WSD-con 9e-5,wsd_20000_24000.csv|wsdld_20000_24000.csv|wsdcon_3.csv,WSD sharp + WSD linear + WSD-con 3e-5,3,1
0.00744534704076948,train_size_rho0p25,0.007349147834879702,-1.2920714825381152,0.00846718659417061,0.25,25,0.9230769230769231,cosine_72000.csv,Cosine,wsd_20000_24000.csv|wsdld_20000_24000.csv|wsdcon_3.csv,WSD sharp + WSD linear + WSD-con 3e-5,3,1
0.002504818961791151,train_size_rho0p25,0.002331574974310667,-6.916427499279232,0.00846718659417061,0.25,25,0.9230769230769231,wsdcon_18.csv,WSD-con 18e-5,wsd_20000_24000.csv|wsdld_20000_24000.csv|wsdcon_3.csv,WSD sharp + WSD linear + WSD-con 3e-5,3,1
0.002926482771138891,train_size_rho0p25,0.0024824845106164667,-15.17173669707389,0.00846718659417061,0.25,25,0.9230769230769231,wsdcon_9.csv,WSD-con 9e-5,wsd_20000_24000.csv|wsdld_20000_24000.csv|wsdcon_3.csv,WSD sharp + WSD linear + WSD-con 3e-5,3,1
0.00744534704076948,train_size_rho0p35,0.007352019452965964,-1.2535021845519134,0.008214434755538652,0.35,25,0.8955223880597015,cosine_72000.csv,Cosine,wsd_20000_24000.csv|wsdld_20000_24000.csv|wsdcon_3.csv,WSD sharp + WSD linear + WSD-con 3e-5,3,1
0.002504818961791151,train_size_rho0p35,0.0023367464366234993,-6.709966976913407,0.008214434755538652,0.35,25,0.8955223880597015,wsdcon_18.csv,WSD-con 18e-5,wsd_20000_24000.csv|wsdld_20000_24000.csv|wsdcon_3.csv,WSD sharp + WSD linear + WSD-con 3e-5,3,1
0.002926482771138891,train_size_rho0p35,0.002495356642367821,-14.731886789932801,0.008214434755538652,0.35,25,0.8955223880597015,wsdcon_9.csv,WSD-con 9e-5,wsd_20000_24000.csv|wsdld_20000_24000.csv|wsdcon_3.csv,WSD sharp + WSD linear + WSD-con 3e-5,3,1
0.00744534704076948,train_size_rho0p5,0.007356019206728969,-1.199780662356864,0.007862387551729851,0.5,25,0.8571428571428571,cosine_72000.csv,Cosine,wsd_20000_24000.csv|wsdld_20000_24000.csv|wsdcon_3.csv,WSD sharp + WSD linear + WSD-con 3e-5,3,1
0.002504818961791151,train_size_rho0p5,0.002343949544844994,-6.422396963616173,0.007862387551729851,0.5,25,0.8571428571428571,wsdcon_18.csv,WSD-con 18e-5,wsd_20000_24000.csv|wsdld_20000_24000.csv|wsdcon_3.csv,WSD sharp + WSD linear + WSD-con 3e-5,3,1
0.002926482771138891,train_size_rho0p5,0.0025132856830214607,-14.119238704987403,0.007862387551729851,0.5,25,0.8571428571428571,wsdcon_9.csv,WSD-con 9e-5,wsd_20000_24000.csv|wsdld_20000_24000.csv|wsdcon_3.csv,WSD sharp + WSD linear + WSD-con 3e-5,3,1
0.00744534704076948,train_size_rho0p75,0.007361974395665012,-1.1197952848662873,0.007338228381614529,0.75,25,0.8,cosine_72000.csv,Cosine,wsd_20000_24000.csv|wsdld_20000_24000.csv|wsdcon_3.csv,WSD sharp + WSD linear + WSD-con 3e-5,3,1
0.002504818961791151,train_size_rho0p75,0.002354674172641399,-5.994237166041971,0.007338228381614529,0.75,25,0.8,wsdcon_18.csv,WSD-con 18e-5,wsd_20000_24000.csv|wsdld_20000_24000.csv|wsdcon_3.csv,WSD sharp + WSD linear + WSD-con 3e-5,3,1
0.002926482771138891,train_size_rho0p75,0.0025399800324391584,-13.207073778511202,0.007338228381614529,0.75,25,0.8,wsdcon_9.csv,WSD-con 9e-5,wsd_20000_24000.csv|wsdld_20000_24000.csv|wsdcon_3.csv,WSD sharp + WSD linear + WSD-con 3e-5,3,1
0.00744534704076948,train_size_rho1p0,0.007367185185984037,-1.0498080795621978,0.00687958910776362,1.0,25,0.75,cosine_72000.csv,Cosine,wsd_20000_24000.csv|wsdld_20000_24000.csv|wsdcon_3.csv,WSD sharp + WSD linear + WSD-con 3e-5,3,1
0.002504818961791151,train_size_rho1p0,0.00236405822196326,-5.619597343164296,0.00687958910776362,1.0,25,0.75,wsdcon_18.csv,WSD-con 18e-5,wsd_20000_24000.csv|wsdld_20000_24000.csv|wsdcon_3.csv,WSD sharp + WSD linear + WSD-con 3e-5,3,1
0.002926482771138891,train_size_rho1p0,0.0025633375881796397,-12.408929467844665,0.00687958910776362,1.0,25,0.75,wsdcon_9.csv,WSD-con 9e-5,wsd_20000_24000.csv|wsdld_20000_24000.csv|wsdcon_3.csv,WSD sharp + WSD linear + WSD-con 3e-5,3,1
0.00744534704076948,train_selected_rho,0.007341131234388894,-1.3997441060828786,0.00917278547701816,0.0,25,1.0,cosine_72000.csv,Cosine,wsd_20000_24000.csv|wsdld_20000_24000.csv|wsdcon_3.csv,WSD sharp + WSD linear + WSD-con 3e-5,3,1
0.002504818961791151,train_selected_rho,0.002317137975353957,-7.492796457552631,0.00917278547701816,0.0,25,1.0,wsdcon_18.csv,WSD-con 18e-5,wsd_20000_24000.csv|wsdld_20000_24000.csv|wsdcon_3.csv,WSD sharp + WSD linear + WSD-con 3e-5,3,1
0.002926482771138891,train_selected_rho,0.002446549809477253,-16.39965102117664,0.00917278547701816,0.0,25,1.0,wsdcon_9.csv,WSD-con 9e-5,wsd_20000_24000.csv|wsdld_20000_24000.csv|wsdcon_3.csv,WSD sharp + WSD linear + WSD-con 3e-5,3,1
0.007265129575917493,none,0.007104212960915826,-2.2149173434576452,0.014168162040625211,0.0,100,1.0,cosine_72000.csv,Cosine,wsd_20000_24000.csv|wsdld_20000_24000.csv|wsdcon_3.csv,WSD sharp + WSD linear + WSD-con 3e-5,3,1
0.0013816404339982303,none,0.0012209340156963686,-11.631565952134515,0.014168162040625211,0.0,100,1.0,wsdcon_18.csv,WSD-con 18e-5,wsd_20000_24000.csv|wsdld_20000_24000.csv|wsdcon_3.csv,WSD sharp + WSD linear + WSD-con 3e-5,3,1
0.004934623402238123,none,0.004656657368452899,-5.632973605628166,0.014168162040625211,0.0,100,1.0,wsdcon_9.csv,WSD-con 9e-5,wsd_20000_24000.csv|wsdld_20000_24000.csv|wsdcon_3.csv,WSD sharp + WSD linear + WSD-con 3e-5,3,1
0.007265129575917493,constant_0p85,0.007128350453166081,-1.8826797419389196,0.012042937734531429,0.0,100,0.85,cosine_72000.csv,Cosine,wsd_20000_24000.csv|wsdld_20000_24000.csv|wsdcon_3.csv,WSD sharp + WSD linear + WSD-con 3e-5,3,1
0.0013816404339982303,constant_0p85,0.0012304827949004243,-10.940446977248753,0.012042937734531429,0.0,100,0.85,wsdcon_18.csv,WSD-con 18e-5,wsd_20000_24000.csv|wsdld_20000_24000.csv|wsdcon_3.csv,WSD sharp + WSD linear + WSD-con 3e-5,3,1
0.004934623402238123,constant_0p85,0.00466331965992965,-5.497962462250349,0.012042937734531429,0.0,100,0.85,wsdcon_9.csv,WSD-con 9e-5,wsd_20000_24000.csv|wsdld_20000_24000.csv|wsdcon_3.csv,WSD sharp + WSD linear + WSD-con 3e-5,3,1
0.007265129575917493,train_size_rho0p25,0.007116591162069797,-2.0445390862686375,0.01307830342211558,0.25,100,0.9230769230769231,cosine_72000.csv,Cosine,wsd_20000_24000.csv|wsdld_20000_24000.csv|wsdcon_3.csv,WSD sharp + WSD linear + WSD-con 3e-5,3,1
0.0013816404339982303,train_size_rho0p25,0.0012221030762515437,-11.546952001470668,0.01307830342211558,0.25,100,0.9230769230769231,wsdcon_18.csv,WSD-con 18e-5,wsd_20000_24000.csv|wsdld_20000_24000.csv|wsdcon_3.csv,WSD sharp + WSD linear + WSD-con 3e-5,3,1
0.004934623402238123,train_size_rho0p25,0.004658803547979085,-5.589481339831082,0.01307830342211558,0.25,100,0.9230769230769231,wsdcon_9.csv,WSD-con 9e-5,wsd_20000_24000.csv|wsdld_20000_24000.csv|wsdcon_3.csv,WSD sharp + WSD linear + WSD-con 3e-5,3,1
0.007265129575917493,train_size_rho0p35,0.007121025144572716,-1.9835080687680362,0.012687906305037503,0.35,100,0.8955223880597015,cosine_72000.csv,Cosine,wsd_20000_24000.csv|wsdld_20000_24000.csv|wsdcon_3.csv,WSD sharp + WSD linear + WSD-con 3e-5,3,1
0.0013816404339982303,train_size_rho0p35,0.0012250572410541119,-11.333136255356502,0.012687906305037503,0.35,100,0.8955223880597015,wsdcon_18.csv,WSD-con 18e-5,wsd_20000_24000.csv|wsdld_20000_24000.csv|wsdcon_3.csv,WSD sharp + WSD linear + WSD-con 3e-5,3,1
0.004934623402238123,train_size_rho0p35,0.004660506402445906,-5.554973043492851,0.012687906305037503,0.35,100,0.8955223880597015,wsdcon_9.csv,WSD-con 9e-5,wsd_20000_24000.csv|wsdld_20000_24000.csv|wsdcon_3.csv,WSD sharp + WSD linear + WSD-con 3e-5,3,1
0.007265129575917493,train_size_rho0p5,0.0071272010487732065,-1.8985005801065546,0.012144138891964466,0.5,100,0.8571428571428571,cosine_72000.csv,Cosine,wsd_20000_24000.csv|wsdld_20000_24000.csv|wsdcon_3.csv,WSD sharp + WSD linear + WSD-con 3e-5,3,1
0.0013816404339982303,train_size_rho0p5,0.0012296314784889307,-11.002063327678668,0.012144138891964466,0.5,100,0.8571428571428571,wsdcon_18.csv,WSD-con 18e-5,wsd_20000_24000.csv|wsdld_20000_24000.csv|wsdcon_3.csv,WSD sharp + WSD linear + WSD-con 3e-5,3,1
0.004934623402238123,train_size_rho0p5,0.004662878235453274,-5.506907916450077,0.012144138891964466,0.5,100,0.8571428571428571,wsdcon_9.csv,WSD-con 9e-5,wsd_20000_24000.csv|wsdld_20000_24000.csv|wsdcon_3.csv,WSD sharp + WSD linear + WSD-con 3e-5,3,1
0.007265129575917493,train_size_rho0p75,0.007136396283916157,-1.7719338747661406,0.01133452963250017,0.75,100,0.8,cosine_72000.csv,Cosine,wsd_20000_24000.csv|wsdld_20000_24000.csv|wsdcon_3.csv,WSD sharp + WSD linear + WSD-con 3e-5,3,1
0.0013816404339982303,train_size_rho0p75,0.0012372477693068042,-10.450813477829291,0.01133452963250017,0.75,100,0.8,wsdcon_18.csv,WSD-con 18e-5,wsd_20000_24000.csv|wsdld_20000_24000.csv|wsdcon_3.csv,WSD sharp + WSD linear + WSD-con 3e-5,3,1
0.004934623402238123,train_size_rho0p75,0.004666409631264236,-5.435344282853216,0.01133452963250017,0.75,100,0.8,wsdcon_9.csv,WSD-con 9e-5,wsd_20000_24000.csv|wsdld_20000_24000.csv|wsdcon_3.csv,WSD sharp + WSD linear + WSD-con 3e-5,3,1
0.007265129575917493,train_size_rho1p0,0.007144442114666248,-1.6611880075931618,0.010626121530468909,1.0,100,0.75,cosine_72000.csv,Cosine,wsd_20000_24000.csv|wsdld_20000_24000.csv|wsdcon_3.csv,WSD sharp + WSD linear + WSD-con 3e-5,3,1
0.0013816404339982303,train_size_rho1p0,0.0012448499925177413,-9.900581809453923,0.010626121530468909,1.0,100,0.75,wsdcon_18.csv,WSD-con 18e-5,wsd_20000_24000.csv|wsdld_20000_24000.csv|wsdcon_3.csv,WSD sharp + WSD linear + WSD-con 3e-5,3,1
0.004934623402238123,train_size_rho1p0,0.004669499602598834,-5.372726103455849,0.010626121530468909,1.0,100,0.75,wsdcon_9.csv,WSD-con 9e-5,wsd_20000_24000.csv|wsdld_20000_24000.csv|wsdcon_3.csv,WSD sharp + WSD linear + WSD-con 3e-5,3,1
0.007265129575917493,train_selected_rho,0.007104212960915826,-2.2149173434576452,0.014168162040625211,0.0,100,1.0,cosine_72000.csv,Cosine,wsd_20000_24000.csv|wsdld_20000_24000.csv|wsdcon_3.csv,WSD sharp + WSD linear + WSD-con 3e-5,3,1
0.0013816404339982303,train_selected_rho,0.0012209340156963686,-11.631565952134515,0.014168162040625211,0.0,100,1.0,wsdcon_18.csv,WSD-con 18e-5,wsd_20000_24000.csv|wsdld_20000_24000.csv|wsdcon_3.csv,WSD sharp + WSD linear + WSD-con 3e-5,3,1
0.004934623402238123,train_selected_rho,0.004656657368452899,-5.632973605628166,0.014168162040625211,0.0,100,1.0,wsdcon_9.csv,WSD-con 9e-5,wsd_20000_24000.csv|wsdld_20000_24000.csv|wsdcon_3.csv,WSD sharp + WSD linear + WSD-con 3e-5,3,1
0.005612615040270773,none,0.0054448442751532855,-2.989172852827515,0.02242475776893379,0.0,400,1.0,cosine_72000.csv,Cosine,wsd_20000_24000.csv|wsdld_20000_24000.csv|wsdcon_3.csv,WSD sharp + WSD linear + WSD-con 3e-5,3,1
0.0025579541942073844,none,0.00240298853742122,-6.058187325523345,0.02242475776893379,0.0,400,1.0,wsdcon_18.csv,WSD-con 18e-5,wsd_20000_24000.csv|wsdld_20000_24000.csv|wsdcon_3.csv,WSD sharp + WSD linear + WSD-con 3e-5,3,1
0.006687305974578527,none,0.006190614546072006,-7.427377039343952,0.02242475776893379,0.0,400,1.0,wsdcon_9.csv,WSD-con 9e-5,wsd_20000_24000.csv|wsdld_20000_24000.csv|wsdcon_3.csv,WSD sharp + WSD linear + WSD-con 3e-5,3,1
0.005612615040270773,constant_0p85,0.005469432141512064,-2.551090672197631,0.019061044103593723,0.0,400,0.85,cosine_72000.csv,Cosine,wsd_20000_24000.csv|wsdld_20000_24000.csv|wsdcon_3.csv,WSD sharp + WSD linear + WSD-con 3e-5,3,1
0.0025579541942073844,constant_0p85,0.0024192931120793747,-5.420780498806998,0.019061044103593723,0.0,400,0.85,wsdcon_18.csv,WSD-con 18e-5,wsd_20000_24000.csv|wsdld_20000_24000.csv|wsdcon_3.csv,WSD sharp + WSD linear + WSD-con 3e-5,3,1
0.006687305974578527,constant_0p85,0.006239268028304263,-6.699827224557387,0.019061044103593723,0.0,400,0.85,wsdcon_9.csv,WSD-con 9e-5,wsd_20000_24000.csv|wsdld_20000_24000.csv|wsdcon_3.csv,WSD sharp + WSD linear + WSD-con 3e-5,3,1
0.005612615040270773,train_size_rho0p25,0.005457441315569856,-2.764731298824852,0.02069977640209273,0.25,400,0.9230769230769231,cosine_72000.csv,Cosine,wsd_20000_24000.csv|wsdld_20000_24000.csv|wsdcon_3.csv,WSD sharp + WSD linear + WSD-con 3e-5,3,1
0.0025579541942073844,train_size_rho0p25,0.0024113498577587413,-5.7313120297711295,0.02069977640209273,0.25,400,0.9230769230769231,wsdcon_18.csv,WSD-con 18e-5,wsd_20000_24000.csv|wsdld_20000_24000.csv|wsdcon_3.csv,WSD sharp + WSD linear + WSD-con 3e-5,3,1
0.006687305974578527,train_size_rho0p25,0.006212996103692285,-7.092689831889087,0.02069977640209273,0.25,400,0.9230769230769231,wsdcon_9.csv,WSD-con 9e-5,wsd_20000_24000.csv|wsdld_20000_24000.csv|wsdcon_3.csv,WSD sharp + WSD linear + WSD-con 3e-5,3,1
0.005612615040270773,train_size_rho0p35,0.005461962601078301,-2.684175524448662,0.020081872628895932,0.35,400,0.8955223880597015,cosine_72000.csv,Cosine,wsd_20000_24000.csv|wsdld_20000_24000.csv|wsdcon_3.csv,WSD sharp + WSD linear + WSD-con 3e-5,3,1
0.0025579541942073844,train_size_rho0p35,0.0024143449575811356,-5.614222371591293,0.020081872628895932,0.35,400,0.8955223880597015,wsdcon_18.csv,WSD-con 18e-5,wsd_20000_24000.csv|wsdld_20000_24000.csv|wsdcon_3.csv,WSD sharp + WSD linear + WSD-con 3e-5,3,1
0.006687305974578527,train_size_rho0p35,0.0062223303581064576,-6.953108146085318,0.020081872628895932,0.35,400,0.8955223880597015,wsdcon_9.csv,WSD-con 9e-5,wsd_20000_24000.csv|wsdld_20000_24000.csv|wsdcon_3.csv,WSD sharp + WSD linear + WSD-con 3e-5,3,1
0.005612615040270773,train_size_rho0p5,0.005468260105893649,-2.571972838710135,0.01922122094480039,0.5,400,0.8571428571428571,cosine_72000.csv,Cosine,wsd_20000_24000.csv|wsdld_20000_24000.csv|wsdcon_3.csv,WSD sharp + WSD linear + WSD-con 3e-5,3,1
0.0025579541942073844,train_size_rho0p5,0.0024185167037623157,-5.451133204841274,0.01922122094480039,0.5,400,0.8571428571428571,wsdcon_18.csv,WSD-con 18e-5,wsd_20000_24000.csv|wsdld_20000_24000.csv|wsdcon_3.csv,WSD sharp + WSD linear + WSD-con 3e-5,3,1
0.006687305974578527,train_size_rho0p5,0.006236610361083529,-6.739569195851014,0.01922122094480039,0.5,400,0.8571428571428571,wsdcon_9.csv,WSD-con 9e-5,wsd_20000_24000.csv|wsdld_20000_24000.csv|wsdcon_3.csv,WSD sharp + WSD linear + WSD-con 3e-5,3,1
0.005612615040270773,train_size_rho0p75,0.0054776376151515595,-2.404893693060084,0.017939806215147035,0.75,400,0.8,cosine_72000.csv,Cosine,wsd_20000_24000.csv|wsdld_20000_24000.csv|wsdcon_3.csv,WSD sharp + WSD linear + WSD-con 3e-5,3,1
0.0025579541942073844,train_size_rho0p75,0.002424727970298727,-5.2083115565695,0.017939806215147035,0.75,400,0.8,wsdcon_18.csv,WSD-con 18e-5,wsd_20000_24000.csv|wsdld_20000_24000.csv|wsdcon_3.csv,WSD sharp + WSD linear + WSD-con 3e-5,3,1
0.006687305974578527,train_size_rho0p75,0.006257871698849376,-6.421633425502371,0.017939806215147035,0.75,400,0.8,wsdcon_9.csv,WSD-con 9e-5,wsd_20000_24000.csv|wsdld_20000_24000.csv|wsdcon_3.csv,WSD sharp + WSD linear + WSD-con 3e-5,3,1
0.005612615040270773,train_size_rho1p0,0.005485861622465674,-2.258366499316933,0.016818568326700343,1.0,400,0.75,cosine_72000.csv,Cosine,wsd_20000_24000.csv|wsdld_20000_24000.csv|wsdcon_3.csv,WSD sharp + WSD linear + WSD-con 3e-5,3,1
0.0025579541942073844,train_size_rho1p0,0.002430832756454124,-4.969652624786369,0.016818568326700343,1.0,400,0.75,wsdcon_18.csv,WSD-con 18e-5,wsd_20000_24000.csv|wsdld_20000_24000.csv|wsdcon_3.csv,WSD sharp + WSD linear + WSD-con 3e-5,3,1
0.006687305974578527,train_size_rho1p0,0.006276475369394502,-6.143439626447156,0.016818568326700343,1.0,400,0.75,wsdcon_9.csv,WSD-con 9e-5,wsd_20000_24000.csv|wsdld_20000_24000.csv|wsdcon_3.csv,WSD sharp + WSD linear + WSD-con 3e-5,3,1
0.005612615040270773,train_selected_rho,0.0054448442751532855,-2.989172852827515,0.02242475776893379,0.0,400,1.0,cosine_72000.csv,Cosine,wsd_20000_24000.csv|wsdld_20000_24000.csv|wsdcon_3.csv,WSD sharp + WSD linear + WSD-con 3e-5,3,1
0.0025579541942073844,train_selected_rho,0.00240298853742122,-6.058187325523345,0.02242475776893379,0.0,400,1.0,wsdcon_18.csv,WSD-con 18e-5,wsd_20000_24000.csv|wsdld_20000_24000.csv|wsdcon_3.csv,WSD sharp + WSD linear + WSD-con 3e-5,3,1
0.006687305974578527,train_selected_rho,0.006190614546072006,-7.427377039343952,0.02242475776893379,0.0,400,1.0,wsdcon_9.csv,WSD-con 9e-5,wsd_20000_24000.csv|wsdld_20000_24000.csv|wsdcon_3.csv,WSD sharp + WSD linear + WSD-con 3e-5,3,1
0.00744534704076948,none,0.007308440040090152,-1.8388263156794205,0.012050173492371764,0.0,25,1.0,cosine_72000.csv,Cosine,wsd_20000_24000.csv|wsdld_20000_24000.csv|wsdcon_9.csv,WSD sharp + WSD linear + WSD-con 9e-5,3,1
0.002504818961791151,none,0.0022582647985597178,-9.843192940983114,0.012050173492371764,0.0,25,1.0,wsdcon_18.csv,WSD-con 18e-5,wsd_20000_24000.csv|wsdld_20000_24000.csv|wsdcon_9.csv,WSD sharp + WSD linear + WSD-con 9e-5,3,1
0.004487187642230267,none,0.002939333076064981,-34.4949819258273,0.012050173492371764,0.0,25,1.0,wsdcon_3.csv,WSD-con 3e-5,wsd_20000_24000.csv|wsdld_20000_24000.csv|wsdcon_9.csv,WSD sharp + WSD linear + WSD-con 9e-5,3,1
0.00744534704076948,constant_0p85,0.007328976090192054,-1.5630023683274707,0.010242647468515999,0.0,25,0.85,cosine_72000.csv,Cosine,wsd_20000_24000.csv|wsdld_20000_24000.csv|wsdcon_9.csv,WSD sharp + WSD linear + WSD-con 9e-5,3,1
0.002504818961791151,constant_0p85,0.002295247923044442,-8.366713999835284,0.010242647468515999,0.0,25,0.85,wsdcon_18.csv,WSD-con 18e-5,wsd_20000_24000.csv|wsdld_20000_24000.csv|wsdcon_9.csv,WSD sharp + WSD linear + WSD-con 9e-5,3,1
0.004487187642230267,constant_0p85,0.0030820545919528447,-31.314336780866803,0.010242647468515999,0.0,25,0.85,wsdcon_3.csv,WSD-con 3e-5,wsd_20000_24000.csv|wsdld_20000_24000.csv|wsdcon_9.csv,WSD sharp + WSD linear + WSD-con 9e-5,3,1
0.00744534704076948,train_size_rho0p25,0.007318971347834701,-1.6973781375504426,0.01112323706988163,0.25,25,0.9230769230769231,cosine_72000.csv,Cosine,wsd_20000_24000.csv|wsdld_20000_24000.csv|wsdcon_9.csv,WSD sharp + WSD linear + WSD-con 9e-5,3,1
0.002504818961791151,train_size_rho0p25,0.002277230503423677,-9.086024253215063,0.01112323706988163,0.25,25,0.9230769230769231,wsdcon_18.csv,WSD-con 18e-5,wsd_20000_24000.csv|wsdld_20000_24000.csv|wsdcon_9.csv,WSD sharp + WSD linear + WSD-con 9e-5,3,1
0.004487187642230267,train_size_rho0p25,0.003009094909417871,-32.94029246518739,0.01112323706988163,0.25,25,0.9230769230769231,wsdcon_3.csv,WSD-con 3e-5,wsd_20000_24000.csv|wsdld_20000_24000.csv|wsdcon_9.csv,WSD sharp + WSD linear + WSD-con 9e-5,3,1
0.00744534704076948,train_size_rho0p35,0.007322743756579034,-1.6467101334442957,0.010791200142422476,0.35,25,0.8955223880597015,cosine_72000.csv,Cosine,wsd_20000_24000.csv|wsdld_20000_24000.csv|wsdcon_9.csv,WSD sharp + WSD linear + WSD-con 9e-5,3,1
0.002504818961791151,train_size_rho0p35,0.0022840241887480614,-8.814799648642191,0.010791200142422476,0.35,25,0.8955223880597015,wsdcon_18.csv,WSD-con 18e-5,wsd_20000_24000.csv|wsdld_20000_24000.csv|wsdcon_9.csv,WSD sharp + WSD linear + WSD-con 9e-5,3,1
0.004487187642230267,train_size_rho0p35,0.0030351430506362154,-32.35979208732939,0.010791200142422476,0.35,25,0.8955223880597015,wsdcon_3.csv,WSD-con 3e-5,wsd_20000_24000.csv|wsdld_20000_24000.csv|wsdcon_9.csv,WSD sharp + WSD linear + WSD-con 9e-5,3,1
0.00744534704076948,train_size_rho0p5,0.007327998183044345,-1.576136842010889,0.010328720136318654,0.5,25,0.8571428571428571,cosine_72000.csv,Cosine,wsd_20000_24000.csv|wsdld_20000_24000.csv|wsdcon_9.csv,WSD sharp + WSD linear + WSD-con 9e-5,3,1
0.002504818961791151,train_size_rho0p5,0.0022934868218785144,-8.437022520841852,0.010328720136318654,0.5,25,0.8571428571428571,wsdcon_18.csv,WSD-con 18e-5,wsd_20000_24000.csv|wsdld_20000_24000.csv|wsdcon_9.csv,WSD sharp + WSD linear + WSD-con 9e-5,3,1
0.004487187642230267,train_size_rho0p5,0.003074693764626809,-31.478377777431355,0.010328720136318654,0.5,25,0.8571428571428571,wsdcon_3.csv,WSD-con 3e-5,wsd_20000_24000.csv|wsdld_20000_24000.csv|wsdcon_9.csv,WSD sharp + WSD linear + WSD-con 9e-5,3,1
0.00744534704076948,train_size_rho0p75,0.007335821440226017,-1.471061052543543,0.009640138793897413,0.75,25,0.8,cosine_72000.csv,Cosine,wsd_20000_24000.csv|wsdld_20000_24000.csv|wsdcon_9.csv,WSD sharp + WSD linear + WSD-con 9e-5,3,1
0.002504818961791151,train_size_rho0p75,0.0023075756312060072,-7.874554352786378,0.009640138793897413,0.75,25,0.8,wsdcon_18.csv,WSD-con 18e-5,wsd_20000_24000.csv|wsdld_20000_24000.csv|wsdcon_9.csv,WSD sharp + WSD linear + WSD-con 9e-5,3,1
0.004487187642230267,train_size_rho0p75,0.0031408930742374374,-30.003081558757394,0.009640138793897413,0.75,25,0.8,wsdcon_3.csv,WSD-con 3e-5,wsd_20000_24000.csv|wsdld_20000_24000.csv|wsdcon_9.csv,WSD sharp + WSD linear + WSD-con 9e-5,3,1
0.00744534704076948,train_size_rho1p0,0.007342666790259985,-1.3791197367595487,0.009037630119278823,1.0,25,0.75,cosine_72000.csv,Cosine,wsd_20000_24000.csv|wsdld_20000_24000.csv|wsdcon_9.csv,WSD sharp + WSD linear + WSD-con 9e-5,3,1
0.002504818961791151,train_size_rho1p0,0.002319903339367596,-7.382394705736539,0.009037630119278823,1.0,25,0.75,wsdcon_18.csv,WSD-con 18e-5,wsd_20000_24000.csv|wsdld_20000_24000.csv|wsdcon_9.csv,WSD sharp + WSD linear + WSD-con 9e-5,3,1
0.004487187642230267,train_size_rho1p0,0.0032099517506899117,-28.464062423418756,0.009037630119278823,1.0,25,0.75,wsdcon_3.csv,WSD-con 3e-5,wsd_20000_24000.csv|wsdld_20000_24000.csv|wsdcon_9.csv,WSD sharp + WSD linear + WSD-con 9e-5,3,1
0.00744534704076948,train_selected_rho,0.007342666790259985,-1.3791197367595487,0.009037630119278823,1.0,25,0.75,cosine_72000.csv,Cosine,wsd_20000_24000.csv|wsdld_20000_24000.csv|wsdcon_9.csv,WSD sharp + WSD linear + WSD-con 9e-5,3,1
0.002504818961791151,train_selected_rho,0.002319903339367596,-7.382394705736539,0.009037630119278823,1.0,25,0.75,wsdcon_18.csv,WSD-con 18e-5,wsd_20000_24000.csv|wsdld_20000_24000.csv|wsdcon_9.csv,WSD sharp + WSD linear + WSD-con 9e-5,3,1
0.004487187642230267,train_selected_rho,0.0032099517506899117,-28.464062423418756,0.009037630119278823,1.0,25,0.75,wsdcon_3.csv,WSD-con 3e-5,wsd_20000_24000.csv|wsdld_20000_24000.csv|wsdcon_9.csv,WSD sharp + WSD linear + WSD-con 9e-5,3,1
0.007265129575917493,none,0.007058719256634103,-2.8411099502973824,0.018173728365055455,0.0,100,1.0,cosine_72000.csv,Cosine,wsd_20000_24000.csv|wsdld_20000_24000.csv|wsdcon_9.csv,WSD sharp + WSD linear + WSD-con 9e-5,3,1
0.0013816404339982303,none,0.0012230279945778144,-11.480008511434391,0.018173728365055455,0.0,100,1.0,wsdcon_18.csv,WSD-con 18e-5,wsd_20000_24000.csv|wsdld_20000_24000.csv|wsdcon_9.csv,WSD sharp + WSD linear + WSD-con 9e-5,3,1
0.0056693997340904675,none,0.004429702149253704,-21.866469873034035,0.018173728365055455,0.0,100,1.0,wsdcon_3.csv,WSD-con 3e-5,wsd_20000_24000.csv|wsdld_20000_24000.csv|wsdcon_9.csv,WSD sharp + WSD linear + WSD-con 9e-5,3,1
0.007265129575917493,constant_0p85,0.0070896808045265965,-2.4149434577529827,0.015447669110297137,0.0,100,0.85,cosine_72000.csv,Cosine,wsd_20000_24000.csv|wsdld_20000_24000.csv|wsdcon_9.csv,WSD sharp + WSD linear + WSD-con 9e-5,3,1
0.0013816404339982303,constant_0p85,0.0012209307003977193,-11.631805905929127,0.015447669110297137,0.0,100,0.85,wsdcon_18.csv,WSD-con 18e-5,wsd_20000_24000.csv|wsdld_20000_24000.csv|wsdcon_9.csv,WSD sharp + WSD linear + WSD-con 9e-5,3,1
0.0056693997340904675,constant_0p85,0.0044862431621162146,-20.869168297656916,0.015447669110297137,0.0,100,0.85,wsdcon_3.csv,WSD-con 3e-5,wsd_20000_24000.csv|wsdld_20000_24000.csv|wsdcon_9.csv,WSD sharp + WSD linear + WSD-con 9e-5,3,1
0.007265129575917493,train_size_rho0p25,0.007074596973502036,-2.622563031044012,0.01677574926005119,0.25,100,0.9230769230769231,cosine_72000.csv,Cosine,wsd_20000_24000.csv|wsdld_20000_24000.csv|wsdcon_9.csv,WSD sharp + WSD linear + WSD-con 9e-5,3,1
0.0013816404339982303,train_size_rho0p25,0.001221952459100841,-11.557853329124113,0.01677574926005119,0.25,100,0.9230769230769231,wsdcon_18.csv,WSD-con 18e-5,wsd_20000_24000.csv|wsdld_20000_24000.csv|wsdcon_9.csv,WSD sharp + WSD linear + WSD-con 9e-5,3,1
0.0056693997340904675,train_size_rho0p25,0.0044544216865203675,-21.430453038341224,0.01677574926005119,0.25,100,0.9230769230769231,wsdcon_3.csv,WSD-con 3e-5,wsd_20000_24000.csv|wsdld_20000_24000.csv|wsdcon_9.csv,WSD sharp + WSD linear + WSD-con 9e-5,3,1
0.007265129575917493,train_size_rho0p35,0.007080284513872655,-2.5442775674306417,0.016274980625422795,0.35,100,0.8955223880597015,cosine_72000.csv,Cosine,wsd_20000_24000.csv|wsdld_20000_24000.csv|wsdcon_9.csv,WSD sharp + WSD linear + WSD-con 9e-5,3,1
0.0013816404339982303,train_size_rho0p35,0.0012215671926613153,-11.585738039939276,0.016274980625422795,0.35,100,0.8955223880597015,wsdcon_18.csv,WSD-con 18e-5,wsd_20000_24000.csv|wsdld_20000_24000.csv|wsdcon_9.csv,WSD sharp + WSD linear + WSD-con 9e-5,3,1
0.0056693997340904675,train_size_rho0p35,0.004464352524984041,-21.255287431231906,0.016274980625422795,0.35,100,0.8955223880597015,wsdcon_3.csv,WSD-con 3e-5,wsd_20000_24000.csv|wsdld_20000_24000.csv|wsdcon_9.csv,WSD sharp + WSD linear + WSD-con 9e-5,3,1
0.007265129575917493,train_size_rho0p5,0.007088206445103144,-2.4352371002550943,0.015577481455761818,0.5,100,0.8571428571428571,cosine_72000.csv,Cosine,wsd_20000_24000.csv|wsdld_20000_24000.csv|wsdcon_9.csv,WSD sharp + WSD linear + WSD-con 9e-5,3,1
0.0013816404339982303,train_size_rho0p5,0.0012210305715491456,-11.624577458572727,0.015577481455761818,0.5,100,0.8571428571428571,wsdcon_18.csv,WSD-con 18e-5,wsd_20000_24000.csv|wsdld_20000_24000.csv|wsdcon_9.csv,WSD sharp + WSD linear + WSD-con 9e-5,3,1
0.0056693997340904675,train_size_rho0p5,0.004482808331465483,-20.929753735478084,0.015577481455761818,0.5,100,0.8571428571428571,wsdcon_3.csv,WSD-con 3e-5,wsd_20000_24000.csv|wsdld_20000_24000.csv|wsdcon_9.csv,WSD sharp + WSD linear + WSD-con 9e-5,3,1
0.007265129575917493,train_size_rho0p75,0.007100001320490771,-2.272887960238046,0.014538982692044365,0.75,100,0.8,cosine_72000.csv,Cosine,wsd_20000_24000.csv|wsdld_20000_24000.csv|wsdcon_9.csv,WSD sharp + WSD linear + WSD-con 9e-5,3,1
0.0013816404339982303,train_size_rho0p75,0.0012205362468580732,-11.660355558207659,0.014538982692044365,0.75,100,0.8,wsdcon_18.csv,WSD-con 18e-5,wsd_20000_24000.csv|wsdld_20000_24000.csv|wsdcon_9.csv,WSD sharp + WSD linear + WSD-con 9e-5,3,1
0.0056693997340904675,train_size_rho0p75,0.004515614415675065,-20.35110192491132,0.014538982692044365,0.75,100,0.8,wsdcon_3.csv,WSD-con 3e-5,wsd_20000_24000.csv|wsdld_20000_24000.csv|wsdcon_9.csv,WSD sharp + WSD linear + WSD-con 9e-5,3,1
0.007265129575917493,train_size_rho1p0,0.007110321836454934,-2.1308324627232644,0.01363029627379159,1.0,100,0.75,cosine_72000.csv,Cosine,wsd_20000_24000.csv|wsdld_20000_24000.csv|wsdcon_9.csv,WSD sharp + WSD linear + WSD-con 9e-5,3,1
0.0013816404339982303,train_size_rho1p0,0.001221510969111516,-11.589807372915917,0.01363029627379159,1.0,100,0.75,wsdcon_18.csv,WSD-con 18e-5,wsd_20000_24000.csv|wsdld_20000_24000.csv|wsdcon_9.csv,WSD sharp + WSD linear + WSD-con 9e-5,3,1
0.0056693997340904675,train_size_rho1p0,0.004551078969893033,-19.72555855380772,0.01363029627379159,1.0,100,0.75,wsdcon_3.csv,WSD-con 3e-5,wsd_20000_24000.csv|wsdld_20000_24000.csv|wsdcon_9.csv,WSD sharp + WSD linear + WSD-con 9e-5,3,1
0.007265129575917493,train_selected_rho,0.007110321836454934,-2.1308324627232644,0.01363029627379159,1.0,100,0.75,cosine_72000.csv,Cosine,wsd_20000_24000.csv|wsdld_20000_24000.csv|wsdcon_9.csv,WSD sharp + WSD linear + WSD-con 9e-5,3,1
0.0013816404339982303,train_selected_rho,0.001221510969111516,-11.589807372915917,0.01363029627379159,1.0,100,0.75,wsdcon_18.csv,WSD-con 18e-5,wsd_20000_24000.csv|wsdld_20000_24000.csv|wsdcon_9.csv,WSD sharp + WSD linear + WSD-con 9e-5,3,1
0.0056693997340904675,train_selected_rho,0.004551078969893033,-19.72555855380772,0.01363029627379159,1.0,100,0.75,wsdcon_3.csv,WSD-con 3e-5,wsd_20000_24000.csv|wsdld_20000_24000.csv|wsdcon_9.csv,WSD sharp + WSD linear + WSD-con 9e-5,3,1
0.005612615040270773,none,0.005380031697285561,-4.143938989515861,0.03152834011582178,0.0,400,1.0,cosine_72000.csv,Cosine,wsd_20000_24000.csv|wsdld_20000_24000.csv|wsdcon_9.csv,WSD sharp + WSD linear + WSD-con 9e-5,3,1
0.0025579541942073844,none,0.002378001661834007,-7.035017780259267,0.03152834011582178,0.0,400,1.0,wsdcon_18.csv,WSD-con 18e-5,wsd_20000_24000.csv|wsdld_20000_24000.csv|wsdcon_9.csv,WSD sharp + WSD linear + WSD-con 9e-5,3,1
0.008173606778800102,none,0.005129646081666978,-37.24134007802101,0.03152834011582178,0.0,400,1.0,wsdcon_3.csv,WSD-con 3e-5,wsd_20000_24000.csv|wsdld_20000_24000.csv|wsdcon_9.csv,WSD sharp + WSD linear + WSD-con 9e-5,3,1
0.005612615040270773,constant_0p85,0.00541358340709566,-3.5461479496999626,0.02679908909844851,0.0,400,0.85,cosine_72000.csv,Cosine,wsd_20000_24000.csv|wsdld_20000_24000.csv|wsdcon_9.csv,WSD sharp + WSD linear + WSD-con 9e-5,3,1
0.0025579541942073844,constant_0p85,0.0023863163320036445,-6.709966214110574,0.02679908909844851,0.0,400,0.85,wsdcon_18.csv,WSD-con 18e-5,wsd_20000_24000.csv|wsdld_20000_24000.csv|wsdcon_9.csv,WSD sharp + WSD linear + WSD-con 9e-5,3,1
0.008173606778800102,constant_0p85,0.005359155836369173,-34.43340276327918,0.02679908909844851,0.0,400,0.85,wsdcon_3.csv,WSD-con 3e-5,wsd_20000_24000.csv|wsdld_20000_24000.csv|wsdcon_9.csv,WSD sharp + WSD linear + WSD-con 9e-5,3,1
0.005612615040270773,train_size_rho0p25,0.005397221029798308,-3.8376765362848397,0.02910308318383549,0.25,400,0.9230769230769231,cosine_72000.csv,Cosine,wsd_20000_24000.csv|wsdld_20000_24000.csv|wsdcon_9.csv,WSD sharp + WSD linear + WSD-con 9e-5,3,1
0.0025579541942073844,train_size_rho0p25,0.002379392431994149,-6.980647371152992,0.02910308318383549,0.25,400,0.9230769230769231,wsdcon_18.csv,WSD-con 18e-5,wsd_20000_24000.csv|wsdld_20000_24000.csv|wsdcon_9.csv,WSD sharp + WSD linear + WSD-con 9e-5,3,1
0.008173606778800102,train_size_rho0p25,0.0052300866432999586,-36.01249993007686,0.02910308318383549,0.25,400,0.9230769230769231,wsdcon_3.csv,WSD-con 3e-5,wsd_20000_24000.csv|wsdld_20000_24000.csv|wsdcon_9.csv,WSD sharp + WSD linear + WSD-con 9e-5,3,1
0.005612615040270773,train_size_rho0p35,0.005403390661457947,-3.727752167423426,0.028234334432079206,0.35,400,0.8955223880597015,cosine_72000.csv,Cosine,wsd_20000_24000.csv|wsdld_20000_24000.csv|wsdcon_9.csv,WSD sharp + WSD linear + WSD-con 9e-5,3,1
0.0025579541942073844,train_size_rho0p35,0.002382003171982011,-6.8785837769817615,0.028234334432079206,0.35,400,0.8955223880597015,wsdcon_18.csv,WSD-con 18e-5,wsd_20000_24000.csv|wsdld_20000_24000.csv|wsdcon_9.csv,WSD sharp + WSD linear + WSD-con 9e-5,3,1
0.008173606778800102,train_size_rho0p35,0.005276305608672842,-35.44703395374971,0.028234334432079206,0.35,400,0.8955223880597015,wsdcon_3.csv,WSD-con 3e-5,wsd_20000_24000.csv|wsdld_20000_24000.csv|wsdcon_9.csv,WSD sharp + WSD linear + WSD-con 9e-5,3,1
0.005612615040270773,train_size_rho0p5,0.005411984076983897,-3.5746432250802873,0.027024291527847237,0.5,400,0.8571428571428571,cosine_72000.csv,Cosine,wsd_20000_24000.csv|wsdld_20000_24000.csv|wsdcon_9.csv,WSD sharp + WSD linear + WSD-con 9e-5,3,1
0.0025579541942073844,train_size_rho0p5,0.0023856395598222577,-6.736423770814259,0.027024291527847237,0.5,400,0.8571428571428571,wsdcon_18.csv,WSD-con 18e-5,wsd_20000_24000.csv|wsdld_20000_24000.csv|wsdcon_9.csv,WSD sharp + WSD linear + WSD-con 9e-5,3,1
0.008173606778800102,train_size_rho0p5,0.005345497524952548,-34.60050538744812,0.027024291527847237,0.5,400,0.8571428571428571,wsdcon_3.csv,WSD-con 3e-5,wsd_20000_24000.csv|wsdld_20000_24000.csv|wsdcon_9.csv,WSD sharp + WSD linear + WSD-con 9e-5,3,1
0.005612615040270773,train_size_rho0p75,0.005424778717878066,-3.3466810220364906,0.025222672092657425,0.75,400,0.8,cosine_72000.csv,Cosine,wsd_20000_24000.csv|wsdld_20000_24000.csv|wsdcon_9.csv,WSD sharp + WSD linear + WSD-con 9e-5,3,1
0.0025579541942073844,train_size_rho0p75,0.00239105373727332,-6.5247633171860215,0.025222672092657425,0.75,400,0.8,wsdcon_18.csv,WSD-con 18e-5,wsd_20000_24000.csv|wsdld_20000_24000.csv|wsdcon_9.csv,WSD sharp + WSD linear + WSD-con 9e-5,3,1
0.008173606778800102,train_size_rho0p75,0.0054631544046959786,-33.16103217901586,0.025222672092657425,0.75,400,0.8,wsdcon_3.csv,WSD-con 3e-5,wsd_20000_24000.csv|wsdld_20000_24000.csv|wsdcon_9.csv,WSD sharp + WSD linear + WSD-con 9e-5,3,1
0.005612615040270773,train_size_rho1p0,0.005436021667916377,-3.146365305429477,0.02364625508686633,1.0,400,0.75,cosine_72000.csv,Cosine,wsd_20000_24000.csv|wsdld_20000_24000.csv|wsdcon_9.csv,WSD sharp + WSD linear + WSD-con 9e-5,3,1
0.0025579541942073844,train_size_rho1p0,0.00239706770223834,-6.289654925540877,0.02364625508686633,1.0,400,0.75,wsdcon_18.csv,WSD-con 18e-5,wsd_20000_24000.csv|wsdld_20000_24000.csv|wsdcon_9.csv,WSD sharp + WSD linear + WSD-con 9e-5,3,1
0.008173606778800102,train_size_rho1p0,0.005577259959638279,-31.765007657280176,0.02364625508686633,1.0,400,0.75,wsdcon_3.csv,WSD-con 3e-5,wsd_20000_24000.csv|wsdld_20000_24000.csv|wsdcon_9.csv,WSD sharp + WSD linear + WSD-con 9e-5,3,1
0.005612615040270773,train_selected_rho,0.005436021667916377,-3.146365305429477,0.02364625508686633,1.0,400,0.75,cosine_72000.csv,Cosine,wsd_20000_24000.csv|wsdld_20000_24000.csv|wsdcon_9.csv,WSD sharp + WSD linear + WSD-con 9e-5,3,1
0.0025579541942073844,train_selected_rho,0.00239706770223834,-6.289654925540877,0.02364625508686633,1.0,400,0.75,wsdcon_18.csv,WSD-con 18e-5,wsd_20000_24000.csv|wsdld_20000_24000.csv|wsdcon_9.csv,WSD sharp + WSD linear + WSD-con 9e-5,3,1
0.008173606778800102,train_selected_rho,0.005577259959638279,-31.765007657280176,0.02364625508686633,1.0,400,0.75,wsdcon_3.csv,WSD-con 3e-5,wsd_20000_24000.csv|wsdld_20000_24000.csv|wsdcon_9.csv,WSD sharp + WSD linear + WSD-con 9e-5,3,1
0.00744534704076948,none,0.00724634135684378,-2.6728866073801316,0.01751592690931618,0.0,25,1.0,cosine_72000.csv,Cosine,wsd_20000_24000.csv|wsdld_20000_24000.csv|wsdcon_18.csv,WSD sharp + WSD linear + WSD-con 18e-5,3,1
0.004487187642230267,none,0.0027686628589086893,-38.29848270992785,0.01751592690931618,0.0,25,1.0,wsdcon_3.csv,WSD-con 3e-5,wsd_20000_24000.csv|wsdld_20000_24000.csv|wsdcon_18.csv,WSD sharp + WSD linear + WSD-con 18e-5,3,1
0.002926482771138891,none,0.0021959645521974756,-24.962327683792296,0.01751592690931618,0.0,25,1.0,wsdcon_9.csv,WSD-con 9e-5,wsd_20000_24000.csv|wsdld_20000_24000.csv|wsdcon_18.csv,WSD sharp + WSD linear + WSD-con 18e-5,3,1
0.00744534704076948,constant_0p85,0.007276192209432629,-2.2719536162731924,0.014888537872918751,0.0,25,0.85,cosine_72000.csv,Cosine,wsd_20000_24000.csv|wsdld_20000_24000.csv|wsdcon_18.csv,WSD sharp + WSD linear + WSD-con 18e-5,3,1
0.004487187642230267,constant_0p85,0.002796498652500893,-37.678143294427755,0.014888537872918751,0.0,25,0.85,wsdcon_3.csv,WSD-con 3e-5,wsd_20000_24000.csv|wsdld_20000_24000.csv|wsdcon_18.csv,WSD sharp + WSD linear + WSD-con 18e-5,3,1
0.002926482771138891,constant_0p85,0.0022214755694233554,-24.090598060865055,0.014888537872918751,0.0,25,0.85,wsdcon_9.csv,WSD-con 9e-5,wsd_20000_24000.csv|wsdld_20000_24000.csv|wsdcon_18.csv,WSD sharp + WSD linear + WSD-con 18e-5,3,1
0.00744534704076948,train_size_rho0p25,0.007261649486376522,-2.4672799452740257,0.016168547916291857,0.25,25,0.9230769230769231,cosine_72000.csv,Cosine,wsd_20000_24000.csv|wsdld_20000_24000.csv|wsdcon_18.csv,WSD sharp + WSD linear + WSD-con 18e-5,3,1
0.004487187642230267,train_size_rho0p25,0.002768371957486281,-38.30496564413078,0.016168547916291857,0.25,25,0.9230769230769231,wsdcon_3.csv,WSD-con 3e-5,wsd_20000_24000.csv|wsdld_20000_24000.csv|wsdcon_18.csv,WSD sharp + WSD linear + WSD-con 18e-5,3,1
0.002926482771138891,train_size_rho0p25,0.0021989689542277558,-24.85966512722747,0.016168547916291857,0.25,25,0.9230769230769231,wsdcon_9.csv,WSD-con 9e-5,wsd_20000_24000.csv|wsdld_20000_24000.csv|wsdcon_18.csv,WSD sharp + WSD linear + WSD-con 18e-5,3,1
0.00744534704076948,train_size_rho0p35,0.007267132995462876,-2.39362979765394,0.015685904694910012,0.35,25,0.8955223880597015,cosine_72000.csv,Cosine,wsd_20000_24000.csv|wsdld_20000_24000.csv|wsdcon_18.csv,WSD sharp + WSD linear + WSD-con 18e-5,3,1
0.004487187642230267,train_size_rho0p35,0.0027756474833893767,-38.14282564725116,0.015685904694910012,0.35,25,0.8955223880597015,wsdcon_3.csv,WSD-con 3e-5,wsd_20000_24000.csv|wsdld_20000_24000.csv|wsdcon_18.csv,WSD sharp + WSD linear + WSD-con 18e-5,3,1
0.002926482771138891,train_size_rho0p35,0.002206503132219595,-24.602216900771413,0.015685904694910012,0.35,25,0.8955223880597015,wsdcon_9.csv,WSD-con 9e-5,wsd_20000_24000.csv|wsdld_20000_24000.csv|wsdcon_18.csv,WSD sharp + WSD linear + WSD-con 18e-5,3,1
0.00744534704076948,train_size_rho0p5,0.007274770740261727,-2.291045663468827,0.015013651636556723,0.5,25,0.8571428571428571,cosine_72000.csv,Cosine,wsd_20000_24000.csv|wsdld_20000_24000.csv|wsdcon_18.csv,WSD sharp + WSD linear + WSD-con 18e-5,3,1
0.004487187642230267,train_size_rho0p5,0.002791806780005366,-37.78270483429675,0.015013651636556723,0.5,25,0.8571428571428571,wsdcon_3.csv,WSD-con 3e-5,wsd_20000_24000.csv|wsdld_20000_24000.csv|wsdcon_18.csv,WSD sharp + WSD linear + WSD-con 18e-5,3,1
0.002926482771138891,train_size_rho0p5,0.0022191262642883643,-24.17087549007666,0.015013651636556723,0.5,25,0.8571428571428571,wsdcon_9.csv,WSD-con 9e-5,wsd_20000_24000.csv|wsdld_20000_24000.csv|wsdcon_18.csv,WSD sharp + WSD linear + WSD-con 18e-5,3,1
0.00744534704076948,train_size_rho0p75,0.007286142493628923,-2.138309285904061,0.014012741527452945,0.75,25,0.8,cosine_72000.csv,Cosine,wsd_20000_24000.csv|wsdld_20000_24000.csv|wsdcon_18.csv,WSD sharp + WSD linear + WSD-con 18e-5,3,1
0.004487187642230267,train_size_rho0p75,0.0028293417599694385,-36.94621251534802,0.014012741527452945,0.75,25,0.8,wsdcon_3.csv,WSD-con 3e-5,wsd_20000_24000.csv|wsdld_20000_24000.csv|wsdcon_18.csv,WSD sharp + WSD linear + WSD-con 18e-5,3,1
0.002926482771138891,train_size_rho0p75,0.0022423837733990576,-23.37614984398505,0.014012741527452945,0.75,25,0.8,wsdcon_9.csv,WSD-con 9e-5,wsd_20000_24000.csv|wsdld_20000_24000.csv|wsdcon_18.csv,WSD sharp + WSD linear + WSD-con 18e-5,3,1
0.00744534704076948,train_size_rho1p0,0.007296092777825195,-2.004664955535229,0.013136945181987134,1.0,25,0.75,cosine_72000.csv,Cosine,wsd_20000_24000.csv|wsdld_20000_24000.csv|wsdcon_18.csv,WSD sharp + WSD linear + WSD-con 18e-5,3,1
0.004487187642230267,train_size_rho1p0,0.0028699711690016306,-36.040758759641065,0.013136945181987134,1.0,25,0.75,wsdcon_3.csv,WSD-con 3e-5,wsd_20000_24000.csv|wsdld_20000_24000.csv|wsdcon_18.csv,WSD sharp + WSD linear + WSD-con 18e-5,3,1
0.002926482771138891,train_size_rho1p0,0.00226739358497579,-22.521546774956924,0.013136945181987134,1.0,25,0.75,wsdcon_9.csv,WSD-con 9e-5,wsd_20000_24000.csv|wsdld_20000_24000.csv|wsdcon_18.csv,WSD sharp + WSD linear + WSD-con 18e-5,3,1
0.00744534704076948,train_selected_rho,0.007296092777825195,-2.004664955535229,0.013136945181987134,1.0,25,0.75,cosine_72000.csv,Cosine,wsd_20000_24000.csv|wsdld_20000_24000.csv|wsdcon_18.csv,WSD sharp + WSD linear + WSD-con 18e-5,3,1
0.004487187642230267,train_selected_rho,0.0028699711690016306,-36.040758759641065,0.013136945181987134,1.0,25,0.75,wsdcon_3.csv,WSD-con 3e-5,wsd_20000_24000.csv|wsdld_20000_24000.csv|wsdcon_18.csv,WSD sharp + WSD linear + WSD-con 18e-5,3,1
0.002926482771138891,train_selected_rho,0.00226739358497579,-22.521546774956924,0.013136945181987134,1.0,25,0.75,wsdcon_9.csv,WSD-con 9e-5,wsd_20000_24000.csv|wsdld_20000_24000.csv|wsdcon_18.csv,WSD sharp + WSD linear + WSD-con 18e-5,3,1
0.007265129575917493,none,0.006990734379133134,-3.7768795988708304,0.0241595661900408,0.0,100,1.0,cosine_72000.csv,Cosine,wsd_20000_24000.csv|wsdld_20000_24000.csv|wsdcon_18.csv,WSD sharp + WSD linear + WSD-con 18e-5,3,1
0.0056693997340904675,none,0.004523045166009297,-20.22003425138761,0.0241595661900408,0.0,100,1.0,wsdcon_3.csv,WSD-con 3e-5,wsd_20000_24000.csv|wsdld_20000_24000.csv|wsdcon_18.csv,WSD sharp + WSD linear + WSD-con 18e-5,3,1
0.004934623402238123,none,0.004813996913669455,-2.4444922891979304,0.0241595661900408,0.0,100,1.0,wsdcon_9.csv,WSD-con 9e-5,wsd_20000_24000.csv|wsdld_20000_24000.csv|wsdcon_18.csv,WSD sharp + WSD linear + WSD-con 18e-5,3,1
0.007265129575917493,constant_0p85,0.007031893658650784,-3.210347659040258,0.020535631261534678,0.0,100,0.85,cosine_72000.csv,Cosine,wsd_20000_24000.csv|wsdld_20000_24000.csv|wsdcon_18.csv,WSD sharp + WSD linear + WSD-con 18e-5,3,1
0.0056693997340904675,constant_0p85,0.004428308740410329,-21.891047586879044,0.020535631261534678,0.0,100,0.85,wsdcon_3.csv,WSD-con 3e-5,wsd_20000_24000.csv|wsdld_20000_24000.csv|wsdcon_18.csv,WSD sharp + WSD linear + WSD-con 18e-5,3,1
0.004934623402238123,constant_0p85,0.004720156307271451,-4.346169453770255,0.020535631261534678,0.0,100,0.85,wsdcon_9.csv,WSD-con 9e-5,wsd_20000_24000.csv|wsdld_20000_24000.csv|wsdcon_18.csv,WSD sharp + WSD linear + WSD-con 18e-5,3,1
0.007265129575917493,train_size_rho0p25,0.007011841701962705,-3.486350398957616,0.022301138021576124,0.25,100,0.9230769230769231,cosine_72000.csv,Cosine,wsd_20000_24000.csv|wsdld_20000_24000.csv|wsdcon_18.csv,WSD sharp + WSD linear + WSD-con 18e-5,3,1
0.0056693997340904675,train_size_rho0p25,0.004455604206089544,-21.40959510585031,0.022301138021576124,0.25,100,0.9230769230769231,wsdcon_3.csv,WSD-con 3e-5,wsd_20000_24000.csv|wsdld_20000_24000.csv|wsdcon_18.csv,WSD sharp + WSD linear + WSD-con 18e-5,3,1
0.004934623402238123,train_size_rho0p25,0.004761516021356451,-3.5080160484619483,0.022301138021576124,0.25,100,0.9230769230769231,wsdcon_9.csv,WSD-con 9e-5,wsd_20000_24000.csv|wsdld_20000_24000.csv|wsdcon_18.csv,WSD sharp + WSD linear + WSD-con 18e-5,3,1
0.007265129575917493,train_size_rho0p35,0.007019402534021049,-3.3822802377948213,0.02163543240899176,0.35,100,0.8955223880597015,cosine_72000.csv,Cosine,wsd_20000_24000.csv|wsdld_20000_24000.csv|wsdcon_18.csv,WSD sharp + WSD linear + WSD-con 18e-5,3,1
0.0056693997340904675,train_size_rho0p35,0.004442532173252365,-21.64016683214043,0.02163543240899176,0.35,100,0.8955223880597015,wsdcon_3.csv,WSD-con 3e-5,wsd_20000_24000.csv|wsdld_20000_24000.csv|wsdcon_18.csv,WSD sharp + WSD linear + WSD-con 18e-5,3,1
0.004934623402238123,train_size_rho0p35,0.004742716895751783,-3.8889797831238804,0.02163543240899176,0.35,100,0.8955223880597015,wsdcon_9.csv,WSD-con 9e-5,wsd_20000_24000.csv|wsdld_20000_24000.csv|wsdcon_18.csv,WSD sharp + WSD linear + WSD-con 18e-5,3,1
0.007265129575917493,train_size_rho0p5,0.0070299336929594575,-3.2373253704608973,0.02070819959146354,0.5,100,0.8571428571428571,cosine_72000.csv,Cosine,wsd_20000_24000.csv|wsdld_20000_24000.csv|wsdcon_18.csv,WSD sharp + WSD linear + WSD-con 18e-5,3,1
0.0056693997340904675,train_size_rho0p5,0.004429349767202011,-21.872685382051216,0.02070819959146354,0.5,100,0.8571428571428571,wsdcon_3.csv,WSD-con 3e-5,wsd_20000_24000.csv|wsdld_20000_24000.csv|wsdcon_18.csv,WSD sharp + WSD linear + WSD-con 18e-5,3,1
0.004934623402238123,train_size_rho0p5,0.00472363142815445,-4.275746229954979,0.02070819959146354,0.5,100,0.8571428571428571,wsdcon_9.csv,WSD-con 9e-5,wsd_20000_24000.csv|wsdld_20000_24000.csv|wsdcon_18.csv,WSD sharp + WSD linear + WSD-con 18e-5,3,1
0.007265129575917493,train_size_rho0p75,0.007045613418489999,-3.0215036790967598,0.01932765295203264,0.75,100,0.8,cosine_72000.csv,Cosine,wsd_20000_24000.csv|wsdld_20000_24000.csv|wsdcon_18.csv,WSD sharp + WSD linear + WSD-con 18e-5,3,1
0.0056693997340904675,train_size_rho0p75,0.004423693624610617,-21.972451545255122,0.01932765295203264,0.75,100,0.8,wsdcon_3.csv,WSD-con 3e-5,wsd_20000_24000.csv|wsdld_20000_24000.csv|wsdcon_18.csv,WSD sharp + WSD linear + WSD-con 18e-5,3,1
0.004934623402238123,train_size_rho0p75,0.00469583046109037,-4.8391320204789645,0.01932765295203264,0.75,100,0.8,wsdcon_9.csv,WSD-con 9e-5,wsd_20000_24000.csv|wsdld_20000_24000.csv|wsdcon_18.csv,WSD sharp + WSD linear + WSD-con 18e-5,3,1
0.007265129575917493,train_size_rho1p0,0.007059333178329217,-2.832659699153217,0.0181196746425306,1.0,100,0.75,cosine_72000.csv,Cosine,wsd_20000_24000.csv|wsdld_20000_24000.csv|wsdcon_18.csv,WSD sharp + WSD linear + WSD-con 18e-5,3,1
0.0056693997340904675,train_size_rho1p0,0.004430287943512892,-21.856137310740607,0.0181196746425306,1.0,100,0.75,wsdcon_3.csv,WSD-con 3e-5,wsd_20000_24000.csv|wsdld_20000_24000.csv|wsdcon_18.csv,WSD sharp + WSD linear + WSD-con 18e-5,3,1
0.004934623402238123,train_size_rho1p0,0.004676945391620267,-5.221837405079077,0.0181196746425306,1.0,100,0.75,wsdcon_9.csv,WSD-con 9e-5,wsd_20000_24000.csv|wsdld_20000_24000.csv|wsdcon_18.csv,WSD sharp + WSD linear + WSD-con 18e-5,3,1
0.007265129575917493,train_selected_rho,0.007059333178329217,-2.832659699153217,0.0181196746425306,1.0,100,0.75,cosine_72000.csv,Cosine,wsd_20000_24000.csv|wsdld_20000_24000.csv|wsdcon_18.csv,WSD sharp + WSD linear + WSD-con 18e-5,3,1
0.0056693997340904675,train_selected_rho,0.004430287943512892,-21.856137310740607,0.0181196746425306,1.0,100,0.75,wsdcon_3.csv,WSD-con 3e-5,wsd_20000_24000.csv|wsdld_20000_24000.csv|wsdcon_18.csv,WSD sharp + WSD linear + WSD-con 18e-5,3,1
0.004934623402238123,train_selected_rho,0.004676945391620267,-5.221837405079077,0.0181196746425306,1.0,100,0.75,wsdcon_9.csv,WSD-con 9e-5,wsd_20000_24000.csv|wsdld_20000_24000.csv|wsdcon_18.csv,WSD sharp + WSD linear + WSD-con 18e-5,3,1
0.005612615040270773,none,0.005307718362268093,-5.432346166894275,0.04209708478028282,0.0,400,1.0,cosine_72000.csv,Cosine,wsd_20000_24000.csv|wsdld_20000_24000.csv|wsdcon_18.csv,WSD sharp + WSD linear + WSD-con 18e-5,3,1
0.008173606778800102,none,0.0052842124606479425,-35.350297565652255,0.04209708478028282,0.0,400,1.0,wsdcon_3.csv,WSD-con 3e-5,wsd_20000_24000.csv|wsdld_20000_24000.csv|wsdcon_18.csv,WSD sharp + WSD linear + WSD-con 18e-5,3,1
0.006687305974578527,none,0.006359446546652076,-4.902713128018865,0.04209708478028282,0.0,400,1.0,wsdcon_9.csv,WSD-con 9e-5,wsd_20000_24000.csv|wsdld_20000_24000.csv|wsdcon_18.csv,WSD sharp + WSD linear + WSD-con 18e-5,3,1
0.005612615040270773,constant_0p85,0.005350689692495975,-4.6667256866090305,0.035782522063240396,0.0,400,0.85,cosine_72000.csv,Cosine,wsd_20000_24000.csv|wsdld_20000_24000.csv|wsdcon_18.csv,WSD sharp + WSD linear + WSD-con 18e-5,3,1
0.008173606778800102,constant_0p85,0.005062501031613014,-38.062826257514224,0.035782522063240396,0.0,400,0.85,wsdcon_3.csv,WSD-con 3e-5,wsd_20000_24000.csv|wsdld_20000_24000.csv|wsdcon_18.csv,WSD sharp + WSD linear + WSD-con 18e-5,3,1
0.006687305974578527,constant_0p85,0.006180534859910658,-7.5781056915047,0.035782522063240396,0.0,400,0.85,wsdcon_9.csv,WSD-con 9e-5,wsd_20000_24000.csv|wsdld_20000_24000.csv|wsdcon_18.csv,WSD sharp + WSD linear + WSD-con 18e-5,3,1
0.005612615040270773,train_size_rho0p25,0.005329740702159629,-5.039973988622193,0.03885884748949183,0.25,400,0.9230769230769231,cosine_72000.csv,Cosine,wsd_20000_24000.csv|wsdld_20000_24000.csv|wsdcon_18.csv,WSD sharp + WSD linear + WSD-con 18e-5,3,1
0.008173606778800102,train_size_rho0p25,0.005119539355987344,-37.36499082307334,0.03885884748949183,0.25,400,0.9230769230769231,wsdcon_3.csv,WSD-con 3e-5,wsd_20000_24000.csv|wsdld_20000_24000.csv|wsdcon_18.csv,WSD sharp + WSD linear + WSD-con 18e-5,3,1
0.006687305974578527,train_size_rho0p25,0.0062491556501189606,-6.551970645954808,0.03885884748949183,0.25,400,0.9230769230769231,wsdcon_9.csv,WSD-con 9e-5,wsd_20000_24000.csv|wsdld_20000_24000.csv|wsdcon_18.csv,WSD sharp + WSD linear + WSD-con 18e-5,3,1
0.005612615040270773,train_size_rho0p35,0.005337639771571603,-4.899236215671476,0.03769888189279058,0.35,400,0.8955223880597015,cosine_72000.csv,Cosine,wsd_20000_24000.csv|wsdld_20000_24000.csv|wsdcon_18.csv,WSD sharp + WSD linear + WSD-con 18e-5,3,1
0.008173606778800102,train_size_rho0p35,0.005086750700490677,-37.76614366029706,0.03769888189279058,0.35,400,0.8955223880597015,wsdcon_3.csv,WSD-con 3e-5,wsd_20000_24000.csv|wsdld_20000_24000.csv|wsdcon_18.csv,WSD sharp + WSD linear + WSD-con 18e-5,3,1
0.006687305974578527,train_size_rho0p35,0.006219125846250836,-7.001027470665411,0.03769888189279058,0.35,400,0.8955223880597015,wsdcon_9.csv,WSD-con 9e-5,wsd_20000_24000.csv|wsdld_20000_24000.csv|wsdcon_18.csv,WSD sharp + WSD linear + WSD-con 18e-5,3,1
0.005612615040270773,train_size_rho0p5,0.0053486420468239915,-4.703208603347342,0.0360832155259567,0.5,400,0.8571428571428571,cosine_72000.csv,Cosine,wsd_20000_24000.csv|wsdld_20000_24000.csv|wsdcon_18.csv,WSD sharp + WSD linear + WSD-con 18e-5,3,1
0.008173606778800102,train_size_rho0p5,0.005064151096221673,-38.04263854047187,0.0360832155259567,0.5,400,0.8571428571428571,wsdcon_3.csv,WSD-con 3e-5,wsd_20000_24000.csv|wsdld_20000_24000.csv|wsdcon_18.csv,WSD sharp + WSD linear + WSD-con 18e-5,3,1
0.006687305974578527,train_size_rho0p5,0.0061865901200623945,-7.48755711821143,0.0360832155259567,0.5,400,0.8571428571428571,wsdcon_9.csv,WSD-con 9e-5,wsd_20000_24000.csv|wsdld_20000_24000.csv|wsdcon_18.csv,WSD sharp + WSD linear + WSD-con 18e-5,3,1
0.005612615040270773,train_size_rho0p75,0.005365143549003967,-4.409201227791093,0.03367766782422626,0.75,400,0.8,cosine_72000.csv,Cosine,wsd_20000_24000.csv|wsdld_20000_24000.csv|wsdcon_18.csv,WSD sharp + WSD linear + WSD-con 18e-5,3,1
0.008173606778800102,train_size_rho0p75,0.005077411826415948,-37.880400124150334,0.03367766782422626,0.75,400,0.8,wsdcon_3.csv,WSD-con 3e-5,wsd_20000_24000.csv|wsdld_20000_24000.csv|wsdcon_18.csv,WSD sharp + WSD linear + WSD-con 18e-5,3,1
0.006687305974578527,train_size_rho0p75,0.006151515760054898,-8.012048746691269,0.03367766782422626,0.75,400,0.8,wsdcon_9.csv,WSD-con 9e-5,wsd_20000_24000.csv|wsdld_20000_24000.csv|wsdcon_18.csv,WSD sharp + WSD linear + WSD-con 18e-5,3,1
0.005612615040270773,train_size_rho1p0,0.005379719094993494,-4.149508626660481,0.03157281358521211,1.0,400,0.75,cosine_72000.csv,Cosine,wsd_20000_24000.csv|wsdld_20000_24000.csv|wsdcon_18.csv,WSD sharp + WSD linear + WSD-con 18e-5,3,1
0.008173606778800102,train_size_rho1p0,0.005128141422190391,-37.25974883583512,0.03157281358521211,1.0,400,0.75,wsdcon_3.csv,WSD-con 3e-5,wsd_20000_24000.csv|wsdld_20000_24000.csv|wsdcon_18.csv,WSD sharp + WSD linear + WSD-con 18e-5,3,1
0.006687305974578527,train_size_rho1p0,0.00614059363525524,-8.175374977630579,0.03157281358521211,1.0,400,0.75,wsdcon_9.csv,WSD-con 9e-5,wsd_20000_24000.csv|wsdld_20000_24000.csv|wsdcon_18.csv,WSD sharp + WSD linear + WSD-con 18e-5,3,1
0.005612615040270773,train_selected_rho,0.005379719094993494,-4.149508626660481,0.03157281358521211,1.0,400,0.75,cosine_72000.csv,Cosine,wsd_20000_24000.csv|wsdld_20000_24000.csv|wsdcon_18.csv,WSD sharp + WSD linear + WSD-con 18e-5,3,1
0.008173606778800102,train_selected_rho,0.005128141422190391,-37.25974883583512,0.03157281358521211,1.0,400,0.75,wsdcon_3.csv,WSD-con 3e-5,wsd_20000_24000.csv|wsdld_20000_24000.csv|wsdcon_18.csv,WSD sharp + WSD linear + WSD-con 18e-5,3,1
0.006687305974578527,train_selected_rho,0.00614059363525524,-8.175374977630579,0.03157281358521211,1.0,400,0.75,wsdcon_9.csv,WSD-con 9e-5,wsd_20000_24000.csv|wsdld_20000_24000.csv|wsdcon_18.csv,WSD sharp + WSD linear + WSD-con 18e-5,3,1
0.00744534704076948,none,0.007321159739554456,-1.6679853945691936,0.010930620916132911,0.0,25,1.0,cosine_72000.csv,Cosine,wsd_20000_24000.csv|wsdcon_3.csv|wsdcon_9.csv,WSD sharp + WSD-con 3e-5 + WSD-con 9e-5,3,1
0.002504818961791151,none,0.002281171551628702,-8.928685608580766,0.010930620916132911,0.0,25,1.0,wsdcon_18.csv,WSD-con 18e-5,wsd_20000_24000.csv|wsdcon_3.csv|wsdcon_9.csv,WSD sharp + WSD-con 3e-5 + WSD-con 9e-5,3,1
0.0031360955249893426,none,0.002891024579319558,-7.814524261681011,0.010930620916132911,0.0,25,1.0,wsdld_20000_24000.csv,WSD linear,wsd_20000_24000.csv|wsdcon_3.csv|wsdcon_9.csv,WSD sharp + WSD-con 3e-5 + WSD-con 9e-5,3,1
0.00744534704076948,constant_0p85,0.007339787834736708,-1.417787585383834,0.009291027778712975,0.0,25,0.85,cosine_72000.csv,Cosine,wsd_20000_24000.csv|wsdcon_3.csv|wsdcon_9.csv,WSD sharp + WSD-con 3e-5 + WSD-con 9e-5,3,1
0.002504818961791151,constant_0p85,0.002314718663153076,-7.589382767293385,0.009291027778712975,0.0,25,0.85,wsdcon_18.csv,WSD-con 18e-5,wsd_20000_24000.csv|wsdcon_3.csv|wsdcon_9.csv,WSD sharp + WSD-con 3e-5 + WSD-con 9e-5,3,1
0.0031360955249893426,constant_0p85,0.002927785221170021,-6.642345622429002,0.009291027778712975,0.0,25,0.85,wsdld_20000_24000.csv,WSD linear,wsd_20000_24000.csv|wsdcon_3.csv|wsdcon_9.csv,WSD sharp + WSD-con 3e-5 + WSD-con 9e-5,3,1
0.00744534704076948,train_size_rho0p25,0.0073307126088786945,-1.5396788257560967,0.010089803922584226,0.25,25,0.9230769230769231,cosine_72000.csv,Cosine,wsd_20000_24000.csv|wsdcon_3.csv|wsdcon_9.csv,WSD sharp + WSD-con 3e-5 + WSD-con 9e-5,3,1
0.002504818961791151,train_size_rho0p25,0.0022983751985642853,-8.241863638689539,0.010089803922584226,0.25,25,0.9230769230769231,wsdcon_18.csv,WSD-con 18e-5,wsd_20000_24000.csv|wsdcon_3.csv|wsdcon_9.csv,WSD sharp + WSD-con 3e-5 + WSD-con 9e-5,3,1
0.0031360955249893426,train_size_rho0p25,0.0029098761905249223,-7.213407010782591,0.010089803922584226,0.25,25,0.9230769230769231,wsdld_20000_24000.csv,WSD linear,wsd_20000_24000.csv|wsdcon_3.csv|wsdcon_9.csv,WSD sharp + WSD-con 3e-5 + WSD-con 9e-5,3,1
0.00744534704076948,train_size_rho0p35,0.007334134532218701,-1.4937182637934532,0.009788615745790668,0.35,25,0.8955223880597015,cosine_72000.csv,Cosine,wsd_20000_24000.csv|wsdcon_3.csv|wsdcon_9.csv,WSD sharp + WSD-con 3e-5 + WSD-con 9e-5,3,1
0.002504818961791151,train_size_rho0p35,0.0023045376989591026,-7.995837858430721,0.009788615745790668,0.35,25,0.8955223880597015,wsdcon_18.csv,WSD-con 18e-5,wsd_20000_24000.csv|wsdcon_3.csv|wsdcon_9.csv,WSD sharp + WSD-con 3e-5 + WSD-con 9e-5,3,1
0.0031360955249893426,train_size_rho0p35,0.0029166290064790773,-6.998081428371384,0.009788615745790668,0.35,25,0.8955223880597015,wsdld_20000_24000.csv,WSD linear,wsd_20000_24000.csv|wsdcon_3.csv|wsdcon_9.csv,WSD sharp + WSD-con 3e-5 + WSD-con 9e-5,3,1
0.00744534704076948,train_size_rho0p5,0.007338900782585174,-1.4297017667735834,0.009369103642399637,0.5,25,0.8571428571428571,cosine_72000.csv,Cosine,wsd_20000_24000.csv|wsdcon_3.csv|wsdcon_9.csv,WSD sharp + WSD-con 3e-5 + WSD-con 9e-5,3,1
0.002504818961791151,train_size_rho0p5,0.0023131211816519227,-7.653159093068684,0.009369103642399637,0.5,25,0.8571428571428571,wsdcon_18.csv,WSD-con 18e-5,wsd_20000_24000.csv|wsdcon_3.csv|wsdcon_9.csv,WSD sharp + WSD-con 3e-5 + WSD-con 9e-5,3,1
0.0031360955249893426,train_size_rho0p5,0.002926034714415235,-6.698163652869649,0.009369103642399637,0.5,25,0.8571428571428571,wsdld_20000_24000.csv,WSD linear,wsd_20000_24000.csv|wsdcon_3.csv|wsdcon_9.csv,WSD sharp + WSD-con 3e-5 + WSD-con 9e-5,3,1
0.00744534704076948,train_size_rho0p75,0.007345997199797449,-1.3343883156555103,0.008744496732906329,0.75,25,0.8,cosine_72000.csv,Cosine,wsd_20000_24000.csv|wsdcon_3.csv|wsdcon_9.csv,WSD sharp + WSD-con 3e-5 + WSD-con 9e-5,3,1
0.002504818961791151,train_size_rho0p75,0.002325901033661179,-7.14294848686513,0.008744496732906329,0.75,25,0.8,wsdcon_18.csv,WSD-con 18e-5,wsd_20000_24000.csv|wsdcon_3.csv|wsdcon_9.csv,WSD sharp + WSD-con 3e-5 + WSD-con 9e-5,3,1
0.0031360955249893426,train_size_rho0p75,0.002940038768453501,-6.251619409345244,0.008744496732906329,0.75,25,0.8,wsdld_20000_24000.csv,WSD linear,wsd_20000_24000.csv|wsdcon_3.csv|wsdcon_9.csv,WSD sharp + WSD-con 3e-5 + WSD-con 9e-5,3,1
0.00744534704076948,train_size_rho1p0,0.007352206564858216,-1.2509890459268425,0.008197965687099684,1.0,25,0.75,cosine_72000.csv,Cosine,wsd_20000_24000.csv|wsdcon_3.csv|wsdcon_9.csv,WSD sharp + WSD-con 3e-5 + WSD-con 9e-5,3,1
0.002504818961791151,train_size_rho1p0,0.0023370834041693146,-6.696514206435566,0.008197965687099684,1.0,25,0.75,wsdcon_18.csv,WSD-con 18e-5,wsd_20000_24000.csv|wsdcon_3.csv|wsdcon_9.csv,WSD sharp + WSD-con 3e-5 + WSD-con 9e-5,3,1
0.0031360955249893426,train_size_rho1p0,0.0029522923157369943,-5.860893196261074,0.008197965687099684,1.0,25,0.75,wsdld_20000_24000.csv,WSD linear,wsd_20000_24000.csv|wsdcon_3.csv|wsdcon_9.csv,WSD sharp + WSD-con 3e-5 + WSD-con 9e-5,3,1
0.00744534704076948,train_selected_rho,0.007321159739554456,-1.6679853945691936,0.010930620916132911,0.0,25,1.0,cosine_72000.csv,Cosine,wsd_20000_24000.csv|wsdcon_3.csv|wsdcon_9.csv,WSD sharp + WSD-con 3e-5 + WSD-con 9e-5,3,1
0.002504818961791151,train_selected_rho,0.002281171551628702,-8.928685608580766,0.010930620916132911,0.0,25,1.0,wsdcon_18.csv,WSD-con 18e-5,wsd_20000_24000.csv|wsdcon_3.csv|wsdcon_9.csv,WSD sharp + WSD-con 3e-5 + WSD-con 9e-5,3,1
0.0031360955249893426,train_selected_rho,0.002891024579319558,-7.814524261681011,0.010930620916132911,0.0,25,1.0,wsdld_20000_24000.csv,WSD linear,wsd_20000_24000.csv|wsdcon_3.csv|wsdcon_9.csv,WSD sharp + WSD-con 3e-5 + WSD-con 9e-5,3,1
0.007265129575917493,none,0.0070830063128800285,-2.5068136931950646,0.016035335456538104,0.0,100,1.0,cosine_72000.csv,Cosine,wsd_20000_24000.csv|wsdcon_3.csv|wsdcon_9.csv,WSD sharp + WSD-con 3e-5 + WSD-con 9e-5,3,1
0.0013816404339982303,none,0.0012213828216073685,-11.59908239852997,0.016035335456538104,0.0,100,1.0,wsdcon_18.csv,WSD-con 18e-5,wsd_20000_24000.csv|wsdcon_3.csv|wsdcon_9.csv,WSD sharp + WSD-con 3e-5 + WSD-con 9e-5,3,1
0.003248313740665229,none,0.0028908945603498223,-11.003222251623079,0.016035335456538104,0.0,100,1.0,wsdld_20000_24000.csv,WSD linear,wsd_20000_24000.csv|wsdcon_3.csv|wsdcon_9.csv,WSD sharp + WSD-con 3e-5 + WSD-con 9e-5,3,1
0.007265129575917493,constant_0p85,0.007110324802335643,-2.1307916392158788,0.013630035138057387,0.0,100,0.85,cosine_72000.csv,Cosine,wsd_20000_24000.csv|wsdcon_3.csv|wsdcon_9.csv,WSD sharp + WSD-con 3e-5 + WSD-con 9e-5,3,1
0.0013816404339982303,constant_0p85,0.0012215112492244599,-11.589787098976545,0.013630035138057387,0.0,100,0.85,wsdcon_18.csv,WSD-con 18e-5,wsd_20000_24000.csv|wsdcon_3.csv|wsdcon_9.csv,WSD sharp + WSD-con 3e-5 + WSD-con 9e-5,3,1
0.003248313740665229,constant_0p85,0.002944507437397138,-9.352738913879477,0.013630035138057387,0.0,100,0.85,wsdld_20000_24000.csv,WSD linear,wsd_20000_24000.csv|wsdcon_3.csv|wsdcon_9.csv,WSD sharp + WSD-con 3e-5 + WSD-con 9e-5,3,1
0.007265129575917493,train_size_rho0p25,0.007097015794652138,-2.313981870641635,0.014801848113727482,0.25,100,0.9230769230769231,cosine_72000.csv,Cosine,wsd_20000_24000.csv|wsdcon_3.csv|wsdcon_9.csv,WSD sharp + WSD-con 3e-5 + WSD-con 9e-5,3,1
0.0013816404339982303,train_size_rho0p25,0.001220433837897357,-11.667767686442787,0.014801848113727482,0.25,100,0.9230769230769231,wsdcon_18.csv,WSD-con 18e-5,wsd_20000_24000.csv|wsdcon_3.csv|wsdcon_9.csv,WSD sharp + WSD-con 3e-5 + WSD-con 9e-5,3,1
0.003248313740665229,train_size_rho0p25,0.002918388343451004,-10.156820539959877,0.014801848113727482,0.25,100,0.9230769230769231,wsdld_20000_24000.csv,WSD linear,wsd_20000_24000.csv|wsdcon_3.csv|wsdcon_9.csv,WSD sharp + WSD-con 3e-5 + WSD-con 9e-5,3,1
0.007265129575917493,train_size_rho0p35,0.007102034116480949,-2.2449077849509225,0.014360001901377407,0.35,100,0.8955223880597015,cosine_72000.csv,Cosine,wsd_20000_24000.csv|wsdcon_3.csv|wsdcon_9.csv,WSD sharp + WSD-con 3e-5 + WSD-con 9e-5,3,1
0.0013816404339982303,train_size_rho0p35,0.001220728234496598,-11.646459928505415,0.014360001901377407,0.35,100,0.8955223880597015,wsdcon_18.csv,WSD-con 18e-5,wsd_20000_24000.csv|wsdcon_3.csv|wsdcon_9.csv,WSD sharp + WSD-con 3e-5 + WSD-con 9e-5,3,1
0.003248313740665229,train_size_rho0p35,0.002928236862770836,-9.853631867125113,0.014360001901377407,0.35,100,0.8955223880597015,wsdld_20000_24000.csv,WSD linear,wsd_20000_24000.csv|wsdcon_3.csv|wsdcon_9.csv,WSD sharp + WSD-con 3e-5 + WSD-con 9e-5,3,1
0.007265129575917493,train_size_rho0p5,0.0071090239218853735,-2.1486974513101553,0.01374457324846123,0.5,100,0.8571428571428571,cosine_72000.csv,Cosine,wsd_20000_24000.csv|wsdcon_3.csv|wsdcon_9.csv,WSD sharp + WSD-con 3e-5 + WSD-con 9e-5,3,1
0.0013816404339982303,train_size_rho0p5,0.0012213883874287543,-11.598679557005587,0.01374457324846123,0.5,100,0.8571428571428571,wsdcon_18.csv,WSD-con 18e-5,wsd_20000_24000.csv|wsdcon_3.csv|wsdcon_9.csv,WSD sharp + WSD-con 3e-5 + WSD-con 9e-5,3,1
0.003248313740665229,train_size_rho0p5,0.0029419544432520224,-9.4313333585341,0.01374457324846123,0.5,100,0.8571428571428571,wsdld_20000_24000.csv,WSD linear,wsd_20000_24000.csv|wsdcon_3.csv|wsdcon_9.csv,WSD sharp + WSD-con 3e-5 + WSD-con 9e-5,3,1
0.007265129575917493,train_size_rho0p75,0.0071194309654875184,-2.0054509545560983,0.012828268365230483,0.75,100,0.8,cosine_72000.csv,Cosine,wsd_20000_24000.csv|wsdcon_3.csv|wsdcon_9.csv,WSD sharp + WSD-con 3e-5 + WSD-con 9e-5,3,1
0.0013816404339982303,train_size_rho0p75,0.0012238764983786175,-11.418595731385128,0.012828268365230483,0.75,100,0.8,wsdcon_18.csv,WSD-con 18e-5,wsd_20000_24000.csv|wsdcon_3.csv|wsdcon_9.csv,WSD sharp + WSD-con 3e-5 + WSD-con 9e-5,3,1
0.003248313740665229,train_size_rho0p75,0.002962378396412897,-8.80257780129866,0.012828268365230483,0.75,100,0.8,wsdld_20000_24000.csv,WSD linear,wsd_20000_24000.csv|wsdcon_3.csv|wsdcon_9.csv,WSD sharp + WSD-con 3e-5 + WSD-con 9e-5,3,1
0.007265129575917493,train_size_rho1p0,0.007128537128639398,-1.8801102698962624,0.012026501592403578,1.0,100,0.75,cosine_72000.csv,Cosine,wsd_20000_24000.csv|wsdcon_3.csv|wsdcon_9.csv,WSD sharp + WSD-con 3e-5 + WSD-con 9e-5,3,1
0.0013816404339982303,train_size_rho1p0,0.0012306210577216002,-10.930439827937432,0.012026501592403578,1.0,100,0.75,wsdcon_18.csv,WSD-con 18e-5,wsd_20000_24000.csv|wsdcon_3.csv|wsdcon_9.csv,WSD sharp + WSD-con 3e-5 + WSD-con 9e-5,3,1
0.003248313740665229,train_size_rho1p0,0.002980249355428683,-8.252416688717034,0.012026501592403578,1.0,100,0.75,wsdld_20000_24000.csv,WSD linear,wsd_20000_24000.csv|wsdcon_3.csv|wsdcon_9.csv,WSD sharp + WSD-con 3e-5 + WSD-con 9e-5,3,1
0.007265129575917493,train_selected_rho,0.0070830063128800285,-2.5068136931950646,0.016035335456538104,0.0,100,1.0,cosine_72000.csv,Cosine,wsd_20000_24000.csv|wsdcon_3.csv|wsdcon_9.csv,WSD sharp + WSD-con 3e-5 + WSD-con 9e-5,3,1
0.0013816404339982303,train_selected_rho,0.0012213828216073685,-11.59908239852997,0.016035335456538104,0.0,100,1.0,wsdcon_18.csv,WSD-con 18e-5,wsd_20000_24000.csv|wsdcon_3.csv|wsdcon_9.csv,WSD sharp + WSD-con 3e-5 + WSD-con 9e-5,3,1
0.003248313740665229,train_selected_rho,0.0028908945603498223,-11.003222251623079,0.016035335456538104,0.0,100,1.0,wsdld_20000_24000.csv,WSD linear,wsd_20000_24000.csv|wsdcon_3.csv|wsdcon_9.csv,WSD sharp + WSD-con 3e-5 + WSD-con 9e-5,3,1
0.005612615040270773,none,0.005422176664390591,-3.3930418265599505,0.02558906847479772,0.0,400,1.0,cosine_72000.csv,Cosine,wsd_20000_24000.csv|wsdcon_3.csv|wsdcon_9.csv,WSD sharp + WSD-con 3e-5 + WSD-con 9e-5,3,1
0.0025579541942073844,none,0.0023899526528868872,-6.5678088255428975,0.02558906847479772,0.0,400,1.0,wsdcon_18.csv,WSD-con 18e-5,wsd_20000_24000.csv|wsdcon_3.csv|wsdcon_9.csv,WSD sharp + WSD-con 3e-5 + WSD-con 9e-5,3,1
0.0038535563963712593,none,0.0032792458509123463,-14.903390177440201,0.02558906847479772,0.0,400,1.0,wsdld_20000_24000.csv,WSD linear,wsd_20000_24000.csv|wsdcon_3.csv|wsdcon_9.csv,WSD sharp + WSD-con 3e-5 + WSD-con 9e-5,3,1
0.005612615040270773,constant_0p85,0.0054497515053914215,-2.9017406986012517,0.02175070820357806,0.0,400,0.85,cosine_72000.csv,Cosine,wsd_20000_24000.csv|wsdcon_3.csv|wsdcon_9.csv,WSD sharp + WSD-con 3e-5 + WSD-con 9e-5,3,1
0.0025579541942073844,constant_0p85,0.002406255786823233,-5.930458322032517,0.02175070820357806,0.0,400,0.85,wsdcon_18.csv,WSD-con 18e-5,wsd_20000_24000.csv|wsdcon_3.csv|wsdcon_9.csv,WSD sharp + WSD-con 3e-5 + WSD-con 9e-5,3,1
0.0038535563963712593,constant_0p85,0.0033653924327311895,-12.66788165082401,0.02175070820357806,0.0,400,0.85,wsdld_20000_24000.csv,WSD linear,wsd_20000_24000.csv|wsdcon_3.csv|wsdcon_9.csv,WSD sharp + WSD-con 3e-5 + WSD-con 9e-5,3,1
0.005612615040270773,train_size_rho0p25,0.005436205150739367,-3.1430961907356503,0.023620678592120976,0.25,400,0.9230769230769231,cosine_72000.csv,Cosine,wsd_20000_24000.csv|wsdcon_3.csv|wsdcon_9.csv,WSD sharp + WSD-con 3e-5 + WSD-con 9e-5,3,1
0.0025579541942073844,train_size_rho0p25,0.002397191676485111,-6.2848083083867685,0.023620678592120976,0.25,400,0.9230769230769231,wsdcon_18.csv,WSD-con 18e-5,wsd_20000_24000.csv|wsdcon_3.csv|wsdcon_9.csv,WSD sharp + WSD-con 3e-5 + WSD-con 9e-5,3,1
0.0038535563963712593,train_size_rho0p25,0.0033234235851784246,-13.756975548406135,0.023620678592120976,0.25,400,0.9230769230769231,wsdld_20000_24000.csv,WSD linear,wsd_20000_24000.csv|wsdcon_3.csv|wsdcon_9.csv,WSD sharp + WSD-con 3e-5 + WSD-con 9e-5,3,1
0.005612615040270773,train_size_rho0p35,0.00544128790472076,-3.0525367287927874,0.02291558370877408,0.35,400,0.8955223880597015,cosine_72000.csv,Cosine,wsd_20000_24000.csv|wsdcon_3.csv|wsdcon_9.csv,WSD sharp + WSD-con 3e-5 + WSD-con 9e-5,3,1
0.0025579541942073844,train_size_rho0p35,0.0024006094085843423,-6.151196373232848,0.02291558370877408,0.35,400,0.8955223880597015,wsdcon_18.csv,WSD-con 18e-5,wsd_20000_24000.csv|wsdcon_3.csv|wsdcon_9.csv,WSD sharp + WSD-con 3e-5 + WSD-con 9e-5,3,1
0.0038535563963712593,train_size_rho0p35,0.003339248445214028,-13.346319561886643,0.02291558370877408,0.35,400,0.8955223880597015,wsdld_20000_24000.csv,WSD linear,wsd_20000_24000.csv|wsdcon_3.csv|wsdcon_9.csv,WSD sharp + WSD-con 3e-5 + WSD-con 9e-5,3,1
0.005612615040270773,train_size_rho0p5,0.005448414086276194,-2.925569503991099,0.02193348726411233,0.5,400,0.8571428571428571,cosine_72000.csv,Cosine,wsd_20000_24000.csv|wsdcon_3.csv|wsdcon_9.csv,WSD sharp + WSD-con 3e-5 + WSD-con 9e-5,3,1
0.0025579541942073844,train_size_rho0p5,0.0024053698211510635,-5.965094034985297,0.02193348726411233,0.5,400,0.8571428571428571,wsdcon_18.csv,WSD-con 18e-5,wsd_20000_24000.csv|wsdcon_3.csv|wsdcon_9.csv,WSD sharp + WSD-con 3e-5 + WSD-con 9e-5,3,1
0.0038535563963712593,train_size_rho0p5,0.00336129021454933,-12.77433443780599,0.02193348726411233,0.5,400,0.8571428571428571,wsdld_20000_24000.csv,WSD linear,wsd_20000_24000.csv|wsdcon_3.csv|wsdcon_9.csv,WSD sharp + WSD-con 3e-5 + WSD-con 9e-5,3,1
0.005612615040270773,train_size_rho0p75,0.005459113439197967,-2.7349390608731428,0.020471254779838178,0.75,400,0.8,cosine_72000.csv,Cosine,wsd_20000_24000.csv|wsdcon_3.csv|wsdcon_9.csv,WSD sharp + WSD-con 3e-5 + WSD-con 9e-5,3,1
0.0025579541942073844,train_size_rho0p75,0.0024124575465282894,-5.688008331368066,0.020471254779838178,0.75,400,0.8,wsdcon_18.csv,WSD-con 18e-5,wsd_20000_24000.csv|wsdcon_3.csv|wsdcon_9.csv,WSD sharp + WSD-con 3e-5 + WSD-con 9e-5,3,1
0.0038535563963712593,train_size_rho0p75,0.003394107960004133,-11.922712141952063,0.020471254779838178,0.75,400,0.8,wsdld_20000_24000.csv,WSD linear,wsd_20000_24000.csv|wsdcon_3.csv|wsdcon_9.csv,WSD sharp + WSD-con 3e-5 + WSD-con 9e-5,3,1
0.005612615040270773,train_size_rho1p0,0.005468475373004526,-2.5681374231448006,0.01919180135609829,1.0,400,0.75,cosine_72000.csv,Cosine,wsd_20000_24000.csv|wsdcon_3.csv|wsdcon_9.csv,WSD sharp + WSD-con 3e-5 + WSD-con 9e-5,3,1
0.0025579541942073844,train_size_rho1p0,0.0024186593062332927,-5.445558340705703,0.01919180135609829,1.0,400,0.75,wsdcon_18.csv,WSD-con 18e-5,wsd_20000_24000.csv|wsdcon_3.csv|wsdcon_9.csv,WSD sharp + WSD-con 3e-5 + WSD-con 9e-5,3,1
0.0038535563963712593,train_size_rho1p0,0.003422823487277079,-11.17754263308004,0.01919180135609829,1.0,400,0.75,wsdld_20000_24000.csv,WSD linear,wsd_20000_24000.csv|wsdcon_3.csv|wsdcon_9.csv,WSD sharp + WSD-con 3e-5 + WSD-con 9e-5,3,1
0.005612615040270773,train_selected_rho,0.005422176664390591,-3.3930418265599505,0.02558906847479772,0.0,400,1.0,cosine_72000.csv,Cosine,wsd_20000_24000.csv|wsdcon_3.csv|wsdcon_9.csv,WSD sharp + WSD-con 3e-5 + WSD-con 9e-5,3,1
0.0025579541942073844,train_selected_rho,0.0023899526528868872,-6.5678088255428975,0.02558906847479772,0.0,400,1.0,wsdcon_18.csv,WSD-con 18e-5,wsd_20000_24000.csv|wsdcon_3.csv|wsdcon_9.csv,WSD sharp + WSD-con 3e-5 + WSD-con 9e-5,3,1
0.0038535563963712593,train_selected_rho,0.0032792458509123463,-14.903390177440201,0.02558906847479772,0.0,400,1.0,wsdld_20000_24000.csv,WSD linear,wsd_20000_24000.csv|wsdcon_3.csv|wsdcon_9.csv,WSD sharp + WSD-con 3e-5 + WSD-con 9e-5,3,1
0.00744534704076948,none,0.00731646353397637,-1.7310611055114888,0.011343967872029499,0.0,25,1.0,cosine_72000.csv,Cosine,wsd_20000_24000.csv|wsdcon_3.csv|wsdcon_18.csv,WSD sharp + WSD-con 3e-5 + WSD-con 18e-5,3,1
0.002926482771138891,none,0.002343211705913567,-19.930787598600276,0.011343967872029499,0.0,25,1.0,wsdcon_9.csv,WSD-con 9e-5,wsd_20000_24000.csv|wsdcon_3.csv|wsdcon_18.csv,WSD sharp + WSD-con 3e-5 + WSD-con 18e-5,3,1
0.0031360955249893426,none,0.0028817570976139325,-8.110034447253467,0.011343967872029499,0.0,25,1.0,wsdld_20000_24000.csv,WSD linear,wsd_20000_24000.csv|wsdcon_3.csv|wsdcon_18.csv,WSD sharp + WSD-con 3e-5 + WSD-con 18e-5,3,1
0.00744534704076948,constant_0p85,0.007335796059995334,-1.471401939684791,0.009642372691225073,0.0,25,0.85,cosine_72000.csv,Cosine,wsd_20000_24000.csv|wsdcon_3.csv|wsdcon_18.csv,WSD sharp + WSD-con 3e-5 + WSD-con 18e-5,3,1
0.002926482771138891,constant_0p85,0.0024226346976318285,-17.21684742093941,0.009642372691225073,0.0,25,0.85,wsdcon_9.csv,WSD-con 9e-5,wsd_20000_24000.csv|wsdcon_3.csv|wsdcon_18.csv,WSD sharp + WSD-con 3e-5 + WSD-con 18e-5,3,1
0.0031360955249893426,constant_0p85,0.0029199078617202488,-6.893529280165289,0.009642372691225073,0.0,25,0.85,wsdld_20000_24000.csv,WSD linear,wsd_20000_24000.csv|wsdcon_3.csv|wsdcon_18.csv,WSD sharp + WSD-con 3e-5 + WSD-con 18e-5,3,1
0.00744534704076948,train_size_rho0p25,0.007326377649883532,-1.5979025589336837,0.010471354958796461,0.25,25,0.9230769230769231,cosine_72000.csv,Cosine,wsd_20000_24000.csv|wsdcon_3.csv|wsdcon_18.csv,WSD sharp + WSD-con 3e-5 + WSD-con 18e-5,3,1
0.002926482771138891,train_size_rho0p25,0.002382804445703231,-18.57787548922005,0.010471354958796461,0.25,25,0.9230769230769231,wsdcon_9.csv,WSD-con 9e-5,wsd_20000_24000.csv|wsdcon_3.csv|wsdcon_18.csv,WSD sharp + WSD-con 3e-5 + WSD-con 18e-5,3,1
0.0031360955249893426,train_size_rho0p25,0.0029013215920274268,-7.486185643618548,0.010471354958796461,0.25,25,0.9230769230769231,wsdld_20000_24000.csv,WSD linear,wsd_20000_24000.csv|wsdcon_3.csv|wsdcon_18.csv,WSD sharp + WSD-con 3e-5 + WSD-con 18e-5,3,1
0.00744534704076948,train_size_rho0p35,0.007329928974984602,-1.5502039750849517,0.010158777198832387,0.35,25,0.8955223880597015,cosine_72000.csv,Cosine,wsd_20000_24000.csv|wsdcon_3.csv|wsdcon_18.csv,WSD sharp + WSD-con 3e-5 + WSD-con 18e-5,3,1
0.002926482771138891,train_size_rho0p35,0.002397393383333065,-18.079361102813586,0.010158777198832387,0.35,25,0.8955223880597015,wsdcon_9.csv,WSD-con 9e-5,wsd_20000_24000.csv|wsdcon_3.csv|wsdcon_18.csv,WSD sharp + WSD-con 3e-5 + WSD-con 18e-5,3,1
0.0031360955249893426,train_size_rho0p35,0.002908329769130768,-7.2627174154508145,0.010158777198832387,0.35,25,0.8955223880597015,wsdld_20000_24000.csv,WSD linear,wsd_20000_24000.csv|wsdcon_3.csv|wsdcon_18.csv,WSD sharp + WSD-con 3e-5 + WSD-con 18e-5,3,1
0.00744534704076948,train_size_rho0p5,0.007334875463518244,-1.4837666618669698,0.009723401033168141,0.5,25,0.8571428571428571,cosine_72000.csv,Cosine,wsd_20000_24000.csv|wsdcon_3.csv|wsdcon_18.csv,WSD sharp + WSD-con 3e-5 + WSD-con 18e-5,3,1
0.002926482771138891,train_size_rho0p5,0.0024185080906851354,-17.357856518528834,0.009723401033168141,0.5,25,0.8571428571428571,wsdcon_9.csv,WSD-con 9e-5,wsd_20000_24000.csv|wsdcon_3.csv|wsdcon_18.csv,WSD sharp + WSD-con 3e-5 + WSD-con 18e-5,3,1
0.0031360955249893426,train_size_rho0p5,0.002918091158667566,-6.951458097645724,0.009723401033168141,0.5,25,0.8571428571428571,wsdld_20000_24000.csv,WSD linear,wsd_20000_24000.csv|wsdcon_3.csv|wsdcon_18.csv,WSD sharp + WSD-con 3e-5 + WSD-con 18e-5,3,1
0.00744534704076948,train_size_rho0p75,0.0073422402353349936,-1.3848488844091622,0.0090751742976236,0.75,25,0.8,cosine_72000.csv,Cosine,wsd_20000_24000.csv|wsdcon_3.csv|wsdcon_18.csv,WSD sharp + WSD-con 3e-5 + WSD-con 18e-5,3,1
0.002926482771138891,train_size_rho0p75,0.0024515209462585914,-16.229783737816426,0.0090751742976236,0.75,25,0.8,wsdcon_9.csv,WSD-con 9e-5,wsd_20000_24000.csv|wsdcon_3.csv|wsdcon_18.csv,WSD sharp + WSD-con 3e-5 + WSD-con 18e-5,3,1
0.0031360955249893426,train_size_rho0p75,0.002932624783089011,-6.488027557802878,0.0090751742976236,0.75,25,0.8,wsdld_20000_24000.csv,WSD linear,wsd_20000_24000.csv|wsdcon_3.csv|wsdcon_18.csv,WSD sharp + WSD-con 3e-5 + WSD-con 18e-5,3,1
0.00744534704076948,train_size_rho1p0,0.007348684410674652,-1.2982958291335556,0.008507975904022124,1.0,25,0.75,cosine_72000.csv,Cosine,wsd_20000_24000.csv|wsdcon_3.csv|wsdcon_18.csv,WSD sharp + WSD-con 3e-5 + WSD-con 18e-5,3,1
0.002926482771138891,train_size_rho1p0,0.00248040719488534,-15.242720054693937,0.008507975904022124,1.0,25,0.75,wsdcon_9.csv,WSD-con 9e-5,wsd_20000_24000.csv|wsdcon_3.csv|wsdcon_18.csv,WSD sharp + WSD-con 3e-5 + WSD-con 18e-5,3,1
0.0031360955249893426,train_size_rho1p0,0.0029453417044577896,-6.082525835439956,0.008507975904022124,1.0,25,0.75,wsdld_20000_24000.csv,WSD linear,wsd_20000_24000.csv|wsdcon_3.csv|wsdcon_18.csv,WSD sharp + WSD-con 3e-5 + WSD-con 18e-5,3,1
0.00744534704076948,train_selected_rho,0.00731646353397637,-1.7310611055114888,0.011343967872029499,0.0,25,1.0,cosine_72000.csv,Cosine,wsd_20000_24000.csv|wsdcon_3.csv|wsdcon_18.csv,WSD sharp + WSD-con 3e-5 + WSD-con 18e-5,3,1
0.002926482771138891,train_selected_rho,0.002343211705913567,-19.930787598600276,0.011343967872029499,0.0,25,1.0,wsdcon_9.csv,WSD-con 9e-5,wsd_20000_24000.csv|wsdcon_3.csv|wsdcon_18.csv,WSD sharp + WSD-con 3e-5 + WSD-con 18e-5,3,1
0.0031360955249893426,train_selected_rho,0.0028817570976139325,-8.110034447253467,0.011343967872029499,0.0,25,1.0,wsdld_20000_24000.csv,WSD linear,wsd_20000_24000.csv|wsdcon_3.csv|wsdcon_18.csv,WSD sharp + WSD-con 3e-5 + WSD-con 18e-5,3,1
0.007265129575917493,none,0.0070817931087925915,-2.5235126945653774,0.016142153960636417,0.0,100,1.0,cosine_72000.csv,Cosine,wsd_20000_24000.csv|wsdcon_3.csv|wsdcon_18.csv,WSD sharp + WSD-con 3e-5 + WSD-con 18e-5,3,1
0.004934623402238123,none,0.004661309928540155,-5.53868961051831,0.016142153960636417,0.0,100,1.0,wsdcon_9.csv,WSD-con 9e-5,wsd_20000_24000.csv|wsdcon_3.csv|wsdcon_18.csv,WSD sharp + WSD-con 3e-5 + WSD-con 18e-5,3,1
0.003248313740665229,none,0.0028885136321627736,-11.076519610718726,0.016142153960636417,0.0,100,1.0,wsdld_20000_24000.csv,WSD linear,wsd_20000_24000.csv|wsdcon_3.csv|wsdcon_18.csv,WSD sharp + WSD-con 3e-5 + WSD-con 18e-5,3,1
0.007265129575917493,constant_0p85,0.007109293578861325,-2.1449857903805825,0.013720830866540953,0.0,100,0.85,cosine_72000.csv,Cosine,wsd_20000_24000.csv|wsdcon_3.csv|wsdcon_18.csv,WSD sharp + WSD-con 3e-5 + WSD-con 18e-5,3,1
0.004934623402238123,constant_0p85,0.00465632251515347,-5.639759398020683,0.013720830866540953,0.0,100,0.85,wsdcon_9.csv,WSD-con 9e-5,wsd_20000_24000.csv|wsdcon_3.csv|wsdcon_18.csv,WSD sharp + WSD-con 3e-5 + WSD-con 18e-5,3,1
0.003248313740665229,constant_0p85,0.0029424836484381383,-9.415041669111035,0.013720830866540953,0.0,100,0.85,wsdld_20000_24000.csv,WSD linear,wsd_20000_24000.csv|wsdcon_3.csv|wsdcon_18.csv,WSD sharp + WSD-con 3e-5 + WSD-con 18e-5,3,1
0.007265129575917493,train_size_rho0p25,0.007095895913956044,-2.3293963334449774,0.014900449809818231,0.25,100,0.9230769230769231,cosine_72000.csv,Cosine,wsd_20000_24000.csv|wsdcon_3.csv|wsdcon_18.csv,WSD sharp + WSD-con 3e-5 + WSD-con 18e-5,3,1
0.004934623402238123,train_size_rho0p25,0.004657205528272465,-5.621865162797102,0.014900449809818231,0.25,100,0.9230769230769231,wsdcon_9.csv,WSD-con 9e-5,wsd_20000_24000.csv|wsdcon_3.csv|wsdcon_18.csv,WSD sharp + WSD-con 3e-5 + WSD-con 18e-5,3,1
0.003248313740665229,train_size_rho0p25,0.002916190563586036,-10.224479640663553,0.014900449809818231,0.25,100,0.9230769230769231,wsdld_20000_24000.csv,WSD linear,wsd_20000_24000.csv|wsdcon_3.csv|wsdcon_18.csv,WSD sharp + WSD-con 3e-5 + WSD-con 18e-5,3,1
0.007265129575917493,train_size_rho0p35,0.007100947665059365,-2.2598621145362596,0.014455660263256493,0.35,100,0.8955223880597015,cosine_72000.csv,Cosine,wsd_20000_24000.csv|wsdcon_3.csv|wsdcon_18.csv,WSD sharp + WSD-con 3e-5 + WSD-con 18e-5,3,1
0.004934623402238123,train_size_rho0p35,0.004656872577528446,-5.628612399959465,0.014455660263256493,0.35,100,0.8955223880597015,wsdcon_9.csv,WSD-con 9e-5,wsd_20000_24000.csv|wsdcon_3.csv|wsdcon_18.csv,WSD sharp + WSD-con 3e-5 + WSD-con 18e-5,3,1
0.003248313740665229,train_size_rho0p35,0.002926104688274961,-9.919271293181243,0.014455660263256493,0.35,100,0.8955223880597015,wsdld_20000_24000.csv,WSD linear,wsd_20000_24000.csv|wsdcon_3.csv|wsdcon_18.csv,WSD sharp + WSD-con 3e-5 + WSD-con 18e-5,3,1
0.007265129575917493,train_size_rho0p5,0.00710798403266758,-2.1630108810560045,0.013836131966259786,0.5,100,0.8571428571428571,cosine_72000.csv,Cosine,wsd_20000_24000.csv|wsdcon_3.csv|wsdcon_18.csv,WSD sharp + WSD-con 3e-5 + WSD-con 18e-5,3,1
0.004934623402238123,train_size_rho0p5,0.004656408824706455,-5.638010337434918,0.013836131966259786,0.5,100,0.8571428571428571,wsdcon_9.csv,WSD-con 9e-5,wsd_20000_24000.csv|wsdcon_3.csv|wsdcon_18.csv,WSD sharp + WSD-con 3e-5 + WSD-con 18e-5,3,1
0.003248313740665229,train_size_rho0p5,0.0029399136476631125,-9.494159666330704,0.013836131966259786,0.5,100,0.8571428571428571,wsdld_20000_24000.csv,WSD linear,wsd_20000_24000.csv|wsdcon_3.csv|wsdcon_18.csv,WSD sharp + WSD-con 3e-5 + WSD-con 18e-5,3,1
0.007265129575917493,train_size_rho0p75,0.00711846040221757,-2.0188101556523175,0.012913723168509134,0.75,100,0.8,cosine_72000.csv,Cosine,wsd_20000_24000.csv|wsdcon_3.csv|wsdcon_18.csv,WSD sharp + WSD-con 3e-5 + WSD-con 18e-5,3,1
0.004934623402238123,train_size_rho0p75,0.004659521422696257,-5.574933629526657,0.012913723168509134,0.75,100,0.8,wsdcon_9.csv,WSD-con 9e-5,wsd_20000_24000.csv|wsdcon_3.csv|wsdcon_18.csv,WSD sharp + WSD-con 3e-5 + WSD-con 18e-5,3,1
0.003248313740665229,train_size_rho0p75,0.0029604736538632677,-8.861215688574886,0.012913723168509134,0.75,100,0.8,wsdld_20000_24000.csv,WSD linear,wsd_20000_24000.csv|wsdcon_3.csv|wsdcon_18.csv,WSD sharp + WSD-con 3e-5 + WSD-con 18e-5,3,1
0.007265129575917493,train_size_rho1p0,0.007127627225573814,-1.8926345209240636,0.012106615470477313,1.0,100,0.75,cosine_72000.csv,Cosine,wsd_20000_24000.csv|wsdcon_3.csv|wsdcon_18.csv,WSD sharp + WSD-con 3e-5 + WSD-con 18e-5,3,1
0.004934623402238123,train_size_rho1p0,0.004663041907066327,-5.503591115962747,0.012106615470477313,1.0,100,0.75,wsdcon_9.csv,WSD-con 9e-5,wsd_20000_24000.csv|wsdcon_3.csv|wsdcon_18.csv,WSD sharp + WSD-con 3e-5 + WSD-con 18e-5,3,1
0.003248313740665229,train_size_rho1p0,0.0029784636592883763,-8.307389708039391,0.012106615470477313,1.0,100,0.75,wsdld_20000_24000.csv,WSD linear,wsd_20000_24000.csv|wsdcon_3.csv|wsdcon_18.csv,WSD sharp + WSD-con 3e-5 + WSD-con 18e-5,3,1
0.007265129575917493,train_selected_rho,0.0070817931087925915,-2.5235126945653774,0.016142153960636417,0.0,100,1.0,cosine_72000.csv,Cosine,wsd_20000_24000.csv|wsdcon_3.csv|wsdcon_18.csv,WSD sharp + WSD-con 3e-5 + WSD-con 18e-5,3,1
0.004934623402238123,train_selected_rho,0.004661309928540155,-5.53868961051831,0.016142153960636417,0.0,100,1.0,wsdcon_9.csv,WSD-con 9e-5,wsd_20000_24000.csv|wsdcon_3.csv|wsdcon_18.csv,WSD sharp + WSD-con 3e-5 + WSD-con 18e-5,3,1
0.003248313740665229,train_selected_rho,0.0028885136321627736,-11.076519610718726,0.016142153960636417,0.0,100,1.0,wsdld_20000_24000.csv,WSD linear,wsd_20000_24000.csv|wsdcon_3.csv|wsdcon_18.csv,WSD sharp + WSD-con 3e-5 + WSD-con 18e-5,3,1
0.005612615040270773,none,0.005424007251996973,-3.3604262348393754,0.02533130256821682,0.0,400,1.0,cosine_72000.csv,Cosine,wsd_20000_24000.csv|wsdcon_3.csv|wsdcon_18.csv,WSD sharp + WSD-con 3e-5 + WSD-con 18e-5,3,1
0.006687305974578527,none,0.0061608987613872915,-7.871738113858518,0.02533130256821682,0.0,400,1.0,wsdcon_9.csv,WSD-con 9e-5,wsd_20000_24000.csv|wsdcon_3.csv|wsdcon_18.csv,WSD sharp + WSD-con 3e-5 + WSD-con 18e-5,3,1
0.0038535563963712593,none,0.003285031043075747,-14.753264123262088,0.02533130256821682,0.0,400,1.0,wsdld_20000_24000.csv,WSD linear,wsd_20000_24000.csv|wsdcon_3.csv|wsdcon_18.csv,WSD sharp + WSD-con 3e-5 + WSD-con 18e-5,3,1
0.005612615040270773,constant_0p85,0.005451354697202607,-2.8731766192962804,0.021531607182984296,0.0,400,0.85,cosine_72000.csv,Cosine,wsd_20000_24000.csv|wsdcon_3.csv|wsdcon_18.csv,WSD sharp + WSD-con 3e-5 + WSD-con 18e-5,3,1
0.006687305974578527,constant_0p85,0.006202203135773487,-7.254084688948515,0.021531607182984296,0.0,400,0.85,wsdcon_9.csv,WSD-con 9e-5,wsd_20000_24000.csv|wsdcon_3.csv|wsdcon_18.csv,WSD sharp + WSD-con 3e-5 + WSD-con 18e-5,3,1
0.0038535563963712593,constant_0p85,0.0033703098460700805,-12.540274504772597,0.021531607182984296,0.0,400,0.85,wsdld_20000_24000.csv,WSD linear,wsd_20000_24000.csv|wsdcon_3.csv|wsdcon_18.csv,WSD sharp + WSD-con 3e-5 + WSD-con 18e-5,3,1
0.005612615040270773,train_size_rho0p25,0.005437912088782273,-3.1126836641208855,0.023382740832200145,0.25,400,0.9230769230769231,cosine_72000.csv,Cosine,wsd_20000_24000.csv|wsdcon_3.csv|wsdcon_18.csv,WSD sharp + WSD-con 3e-5 + WSD-con 18e-5,3,1
0.006687305974578527,train_size_rho0p25,0.006178272503258179,-7.611936305223876,0.023382740832200145,0.25,400,0.9230769230769231,wsdcon_9.csv,WSD-con 9e-5,wsd_20000_24000.csv|wsdcon_3.csv|wsdcon_18.csv,WSD sharp + WSD-con 3e-5 + WSD-con 18e-5,3,1
0.0038535563963712593,train_size_rho0p25,0.0033287637625600205,-13.618397652241843,0.023382740832200145,0.25,400,0.9230769230769231,wsdld_20000_24000.csv,WSD linear,wsd_20000_24000.csv|wsdcon_3.csv|wsdcon_18.csv,WSD sharp + WSD-con 3e-5 + WSD-con 18e-5,3,1
0.005612615040270773,train_size_rho0p35,0.005442960463566649,-3.022736736562992,0.022684748568552376,0.35,400,0.8955223880597015,cosine_72000.csv,Cosine,wsd_20000_24000.csv|wsdcon_3.csv|wsdcon_18.csv,WSD sharp + WSD-con 3e-5 + WSD-con 18e-5,3,1
0.006687305974578527,train_size_rho0p35,0.006187241176843627,-7.477821407243401,0.022684748568552376,0.35,400,0.8955223880597015,wsdcon_9.csv,WSD-con 9e-5,wsd_20000_24000.csv|wsdcon_3.csv|wsdcon_18.csv,WSD sharp + WSD-con 3e-5 + WSD-con 18e-5,3,1
0.0038535563963712593,train_size_rho0p35,0.0033444292143155765,-13.211878319339188,0.022684748568552376,0.35,400,0.8955223880597015,wsdld_20000_24000.csv,WSD linear,wsd_20000_24000.csv|wsdcon_3.csv|wsdcon_18.csv,WSD sharp + WSD-con 3e-5 + WSD-con 18e-5,3,1
0.005612615040270773,train_size_rho0p5,0.0054500307502874925,-2.89676539040592,0.02171254505847156,0.5,400,0.8571428571428571,cosine_72000.csv,Cosine,wsd_20000_24000.csv|wsdcon_3.csv|wsdcon_18.csv,WSD sharp + WSD-con 3e-5 + WSD-con 18e-5,3,1
0.006687305974578527,train_size_rho0p5,0.006199855474770432,-7.289190918751364,0.02171254505847156,0.5,400,0.8571428571428571,wsdcon_9.csv,WSD-con 9e-5,wsd_20000_24000.csv|wsdcon_3.csv|wsdcon_18.csv,WSD sharp + WSD-con 3e-5 + WSD-con 18e-5,3,1
0.0038535563963712593,train_size_rho0p5,0.003366248950689391,-12.645654962796094,0.02171254505847156,0.5,400,0.8571428571428571,wsdld_20000_24000.csv,WSD linear,wsd_20000_24000.csv|wsdcon_3.csv|wsdcon_18.csv,WSD sharp + WSD-con 3e-5 + WSD-con 18e-5,3,1
0.005612615040270773,train_size_rho0p75,0.005460622325608517,-2.708055221526895,0.020265042054573457,0.75,400,0.8,cosine_72000.csv,Cosine,wsd_20000_24000.csv|wsdcon_3.csv|wsdcon_18.csv,WSD sharp + WSD-con 3e-5 + WSD-con 18e-5,3,1
0.006687305974578527,train_size_rho0p75,0.006219291196047855,-6.998554878598473,0.020265042054573457,0.75,400,0.8,wsdcon_9.csv,WSD-con 9e-5,wsd_20000_24000.csv|wsdcon_3.csv|wsdcon_18.csv,WSD sharp + WSD-con 3e-5 + WSD-con 18e-5,3,1
0.0038535563963712593,train_size_rho0p75,0.003398736113734859,-11.802611298609422,0.020265042054573457,0.75,400,0.8,wsdld_20000_24000.csv,WSD linear,wsd_20000_24000.csv|wsdcon_3.csv|wsdcon_18.csv,WSD sharp + WSD-con 3e-5 + WSD-con 18e-5,3,1
0.005612615040270773,train_size_rho1p0,0.005469889954014411,-2.542933823757787,0.018998476926162616,1.0,400,0.75,cosine_72000.csv,Cosine,wsd_20000_24000.csv|wsdcon_3.csv|wsdcon_18.csv,WSD sharp + WSD-con 3e-5 + WSD-con 18e-5,3,1
0.006687305974578527,train_size_rho1p0,0.006240306148018071,-6.684303488724829,0.018998476926162616,1.0,400,0.75,wsdcon_9.csv,WSD-con 9e-5,wsd_20000_24000.csv|wsdcon_3.csv|wsdcon_18.csv,WSD sharp + WSD-con 3e-5 + WSD-con 18e-5,3,1
0.0038535563963712593,train_size_rho1p0,0.0034271623813996325,-11.06494809244637,0.018998476926162616,1.0,400,0.75,wsdld_20000_24000.csv,WSD linear,wsd_20000_24000.csv|wsdcon_3.csv|wsdcon_18.csv,WSD sharp + WSD-con 3e-5 + WSD-con 18e-5,3,1
0.005612615040270773,train_selected_rho,0.005424007251996973,-3.3604262348393754,0.02533130256821682,0.0,400,1.0,cosine_72000.csv,Cosine,wsd_20000_24000.csv|wsdcon_3.csv|wsdcon_18.csv,WSD sharp + WSD-con 3e-5 + WSD-con 18e-5,3,1
0.006687305974578527,train_selected_rho,0.0061608987613872915,-7.871738113858518,0.02533130256821682,0.0,400,1.0,wsdcon_9.csv,WSD-con 9e-5,wsd_20000_24000.csv|wsdcon_3.csv|wsdcon_18.csv,WSD sharp + WSD-con 3e-5 + WSD-con 18e-5,3,1
0.0038535563963712593,train_selected_rho,0.003285031043075747,-14.753264123262088,0.02533130256821682,0.0,400,1.0,wsdld_20000_24000.csv,WSD linear,wsd_20000_24000.csv|wsdcon_3.csv|wsdcon_18.csv,WSD sharp + WSD-con 3e-5 + WSD-con 18e-5,3,1
0.00744534704076948,none,0.007296711877896847,-1.9963496940939351,0.013082453715258046,0.0,25,1.0,cosine_72000.csv,Cosine,wsd_20000_24000.csv|wsdcon_9.csv|wsdcon_18.csv,WSD sharp + WSD-con 9e-5 + WSD-con 18e-5,3,1
0.004487187642230267,none,0.0028733390899525137,-35.965702372001154,0.013082453715258046,0.0,25,1.0,wsdcon_3.csv,WSD-con 3e-5,wsd_20000_24000.csv|wsdcon_9.csv|wsdcon_18.csv,WSD sharp + WSD-con 9e-5 + WSD-con 18e-5,3,1
0.0031360955249893426,none,0.0028427792231727274,-9.352913502773863,0.013082453715258046,0.0,25,1.0,wsdld_20000_24000.csv,WSD linear,wsd_20000_24000.csv|wsdcon_9.csv|wsdcon_18.csv,WSD sharp + WSD-con 9e-5 + WSD-con 18e-5,3,1
0.00744534704076948,constant_0p85,0.0073190071523277465,-1.6968972399797888,0.011120085657969339,0.0,25,0.85,cosine_72000.csv,Cosine,wsd_20000_24000.csv|wsdcon_9.csv|wsdcon_18.csv,WSD sharp + WSD-con 9e-5 + WSD-con 18e-5,3,1
0.004487187642230267,constant_0p85,0.003009341551335974,-32.934795883859216,0.011120085657969339,0.0,25,0.85,wsdcon_3.csv,WSD-con 3e-5,wsd_20000_24000.csv|wsdcon_9.csv|wsdcon_18.csv,WSD sharp + WSD-con 9e-5 + WSD-con 18e-5,3,1
0.0031360955249893426,constant_0p85,0.002886776668445216,-7.9499764773579,0.011120085657969339,0.0,25,0.85,wsdld_20000_24000.csv,WSD linear,wsd_20000_24000.csv|wsdcon_9.csv|wsdcon_18.csv,WSD sharp + WSD-con 9e-5 + WSD-con 18e-5,3,1
0.00744534704076948,train_size_rho0p25,0.007308145351963968,-1.8427843330098503,0.012076111121776659,0.25,25,0.9230769230769231,cosine_72000.csv,Cosine,wsd_20000_24000.csv|wsdcon_9.csv|wsdcon_18.csv,WSD sharp + WSD-con 9e-5 + WSD-con 18e-5,3,1
0.004487187642230267,train_size_rho0p25,0.0029374986339482114,-34.53586370441629,0.012076111121776659,0.25,25,0.9230769230769231,wsdcon_3.csv,WSD-con 3e-5,wsd_20000_24000.csv|wsdcon_9.csv|wsdcon_18.csv,WSD sharp + WSD-con 9e-5 + WSD-con 18e-5,3,1
0.0031360955249893426,train_size_rho0p25,0.002865342015620157,-8.633458617945177,0.012076111121776659,0.25,25,0.9230769230769231,wsdld_20000_24000.csv,WSD linear,wsd_20000_24000.csv|wsdcon_9.csv|wsdcon_18.csv,WSD sharp + WSD-con 9e-5 + WSD-con 18e-5,3,1
0.00744534704076948,train_size_rho0p35,0.007312240924764139,-1.787775845457229,0.0117156301927684,0.35,25,0.8955223880597015,cosine_72000.csv,Cosine,wsd_20000_24000.csv|wsdcon_9.csv|wsdcon_18.csv,WSD sharp + WSD-con 9e-5 + WSD-con 18e-5,3,1
0.004487187642230267,train_size_rho0p35,0.0029629936931974015,-33.96768913089838,0.0117156301927684,0.35,25,0.8955223880597015,wsdcon_3.csv,WSD-con 3e-5,wsd_20000_24000.csv|wsdcon_9.csv|wsdcon_18.csv,WSD sharp + WSD-con 9e-5 + WSD-con 18e-5,3,1
0.0031360955249893426,train_size_rho0p35,0.0028734242099296725,-8.375743435320349,0.0117156301927684,0.35,25,0.8955223880597015,wsdld_20000_24000.csv,WSD linear,wsd_20000_24000.csv|wsdcon_9.csv|wsdcon_18.csv,WSD sharp + WSD-con 9e-5 + WSD-con 18e-5,3,1
0.00744534704076948,train_size_rho0p5,0.007317945472592945,-1.711156880651843,0.011213531755935468,0.5,25,0.8571428571428571,cosine_72000.csv,Cosine,wsd_20000_24000.csv|wsdcon_9.csv|wsdcon_18.csv,WSD sharp + WSD-con 9e-5 + WSD-con 18e-5,3,1
0.004487187642230267,train_size_rho0p5,0.0030020280913745185,-33.097781266788736,0.011213531755935468,0.5,25,0.8571428571428571,wsdcon_3.csv,WSD-con 3e-5,wsd_20000_24000.csv|wsdcon_9.csv|wsdcon_18.csv,WSD sharp + WSD-con 9e-5 + WSD-con 18e-5,3,1
0.0031360955249893426,train_size_rho0p5,0.0028846815520036616,-8.016783002377947,0.011213531755935468,0.5,25,0.8571428571428571,wsdld_20000_24000.csv,WSD linear,wsd_20000_24000.csv|wsdcon_9.csv|wsdcon_18.csv,WSD sharp + WSD-con 9e-5 + WSD-con 18e-5,3,1
0.00744534704076948,train_size_rho0p75,0.007326438910471369,-1.5970797552752214,0.010465962972206437,0.75,25,0.8,cosine_72000.csv,Cosine,wsd_20000_24000.csv|wsdcon_9.csv|wsdcon_18.csv,WSD sharp + WSD-con 9e-5 + WSD-con 18e-5,3,1
0.004487187642230267,train_size_rho0p75,0.003062956928271043,-31.739941083706025,0.010465962972206437,0.75,25,0.8,wsdcon_3.csv,WSD-con 3e-5,wsd_20000_24000.csv|wsdcon_9.csv|wsdcon_18.csv,WSD sharp + WSD-con 9e-5 + WSD-con 18e-5,3,1
0.0031360955249893426,train_size_rho0p75,0.0029014424835360425,-7.482330802219339,0.010465962972206437,0.75,25,0.8,wsdld_20000_24000.csv,WSD linear,wsd_20000_24000.csv|wsdcon_9.csv|wsdcon_18.csv,WSD sharp + WSD-con 9e-5 + WSD-con 18e-5,3,1
0.00744534704076948,train_size_rho1p0,0.007333870668615009,-1.4972622705703986,0.009811840286443534,1.0,25,0.75,cosine_72000.csv,Cosine,wsd_20000_24000.csv|wsdcon_9.csv|wsdcon_18.csv,WSD sharp + WSD-con 9e-5 + WSD-con 18e-5,3,1
0.004487187642230267,train_size_rho1p0,0.0031217943748048475,-30.428708944000793,0.009811840286443534,1.0,25,0.75,wsdcon_3.csv,WSD-con 3e-5,wsd_20000_24000.csv|wsdcon_9.csv|wsdcon_18.csv,WSD sharp + WSD-con 9e-5 + WSD-con 18e-5,3,1
0.0031360955249893426,train_size_rho1p0,0.002916108298626866,-7.014685127080888,0.009811840286443534,1.0,25,0.75,wsdld_20000_24000.csv,WSD linear,wsd_20000_24000.csv|wsdcon_9.csv|wsdcon_18.csv,WSD sharp + WSD-con 9e-5 + WSD-con 18e-5,3,1
0.00744534704076948,train_selected_rho,0.007317945472592945,-1.711156880651843,0.011213531755935468,0.5,25,0.8571428571428571,cosine_72000.csv,Cosine,wsd_20000_24000.csv|wsdcon_9.csv|wsdcon_18.csv,WSD sharp + WSD-con 9e-5 + WSD-con 18e-5,3,1
0.004487187642230267,train_selected_rho,0.0030020280913745185,-33.097781266788736,0.011213531755935468,0.5,25,0.8571428571428571,wsdcon_3.csv,WSD-con 3e-5,wsd_20000_24000.csv|wsdcon_9.csv|wsdcon_18.csv,WSD sharp + WSD-con 9e-5 + WSD-con 18e-5,3,1
0.0031360955249893426,train_selected_rho,0.0028846815520036616,-8.016783002377947,0.011213531755935468,0.5,25,0.8571428571428571,wsdld_20000_24000.csv,WSD linear,wsd_20000_24000.csv|wsdcon_9.csv|wsdcon_18.csv,WSD sharp + WSD-con 9e-5 + WSD-con 18e-5,3,1
0.007265129575917493,none,0.007064685043308527,-2.7589945989869302,0.017648461087326827,0.0,100,1.0,cosine_72000.csv,Cosine,wsd_20000_24000.csv|wsdcon_9.csv|wsdcon_18.csv,WSD sharp + WSD-con 9e-5 + WSD-con 18e-5,3,1
0.0056693997340904675,none,0.004438015948424814,-21.719826496996898,0.017648461087326827,0.0,100,1.0,wsdcon_3.csv,WSD-con 3e-5,wsd_20000_24000.csv|wsdcon_9.csv|wsdcon_18.csv,WSD sharp + WSD-con 9e-5 + WSD-con 18e-5,3,1
0.003248313740665229,none,0.002854938839793488,-12.110126431050372,0.017648461087326827,0.0,100,1.0,wsdld_20000_24000.csv,WSD linear,wsd_20000_24000.csv|wsdcon_9.csv|wsdcon_18.csv,WSD sharp + WSD-con 9e-5 + WSD-con 18e-5,3,1
0.007265129575917493,constant_0p85,0.00709475172319987,-2.3451454091389268,0.015001191924227802,0.0,100,0.85,cosine_72000.csv,Cosine,wsd_20000_24000.csv|wsdcon_9.csv|wsdcon_18.csv,WSD sharp + WSD-con 9e-5 + WSD-con 18e-5,3,1
0.0056693997340904675,constant_0p85,0.00449997660933992,-20.626930179552005,0.015001191924227802,0.0,100,0.85,wsdcon_3.csv,WSD-con 3e-5,wsd_20000_24000.csv|wsdcon_9.csv|wsdcon_18.csv,WSD sharp + WSD-con 9e-5 + WSD-con 18e-5,3,1
0.003248313740665229,constant_0p85,0.0029139450749242506,-10.293607466392773,0.015001191924227802,0.0,100,0.85,wsdld_20000_24000.csv,WSD linear,wsd_20000_24000.csv|wsdcon_9.csv|wsdcon_18.csv,WSD sharp + WSD-con 9e-5 + WSD-con 18e-5,3,1
0.007265129575917493,train_size_rho0p25,0.007080103853509208,-2.5467642452188355,0.016290887157532456,0.25,100,0.9230769230769231,cosine_72000.csv,Cosine,wsd_20000_24000.csv|wsdcon_9.csv|wsdcon_18.csv,WSD sharp + WSD-con 9e-5 + WSD-con 18e-5,3,1
0.0056693997340904675,train_size_rho0p25,0.004463931638635829,-21.26271125682109,0.016290887157532456,0.25,100,0.9230769230769231,wsdcon_3.csv,WSD-con 3e-5,wsd_20000_24000.csv|wsdcon_9.csv|wsdcon_18.csv,WSD sharp + WSD-con 9e-5 + WSD-con 18e-5,3,1
0.003248313740665229,train_size_rho0p25,0.002885198447552855,-11.178578244046433,0.016290887157532456,0.25,100,0.9230769230769231,wsdld_20000_24000.csv,WSD linear,wsd_20000_24000.csv|wsdcon_9.csv|wsdcon_18.csv,WSD sharp + WSD-con 9e-5 + WSD-con 18e-5,3,1
0.007265129575917493,train_size_rho0p35,0.007085627009401989,-2.470741431928758,0.015804592018501637,0.35,100,0.8955223880597015,cosine_72000.csv,Cosine,wsd_20000_24000.csv|wsdcon_9.csv|wsdcon_18.csv,WSD sharp + WSD-con 9e-5 + WSD-con 18e-5,3,1
0.0056693997340904675,train_size_rho0p35,0.004476798992991501,-21.035749762497446,0.015804592018501637,0.35,100,0.8955223880597015,wsdcon_3.csv,WSD-con 3e-5,wsd_20000_24000.csv|wsdcon_9.csv|wsdcon_18.csv,WSD sharp + WSD-con 9e-5 + WSD-con 18e-5,3,1
0.003248313740665229,train_size_rho0p35,0.002896037710033815,-10.844889341239272,0.015804592018501637,0.35,100,0.8955223880597015,wsdld_20000_24000.csv,WSD linear,wsd_20000_24000.csv|wsdcon_9.csv|wsdcon_18.csv,WSD sharp + WSD-con 9e-5 + WSD-con 18e-5,3,1
0.007265129575917493,train_size_rho0p5,0.0070933199765383734,-2.364852513417448,0.01512725236056585,0.5,100,0.8571428571428571,cosine_72000.csv,Cosine,wsd_20000_24000.csv|wsdcon_9.csv|wsdcon_18.csv,WSD sharp + WSD-con 9e-5 + WSD-con 18e-5,3,1
0.0056693997340904675,train_size_rho0p5,0.004495711638948325,-20.702158080064102,0.01512725236056585,0.5,100,0.8571428571428571,wsdcon_3.csv,WSD-con 3e-5,wsd_20000_24000.csv|wsdcon_9.csv|wsdcon_18.csv,WSD sharp + WSD-con 9e-5 + WSD-con 18e-5,3,1
0.003248313740665229,train_size_rho0p5,0.0029111352542037397,-10.380108369471653,0.01512725236056585,0.5,100,0.8571428571428571,wsdld_20000_24000.csv,WSD linear,wsd_20000_24000.csv|wsdcon_9.csv|wsdcon_18.csv,WSD sharp + WSD-con 9e-5 + WSD-con 18e-5,3,1
0.007265129575917493,train_size_rho0p75,0.0071047739498303316,-2.2071956791893887,0.014118768869861463,0.75,100,0.8,cosine_72000.csv,Cosine,wsd_20000_24000.csv|wsdcon_9.csv|wsdcon_18.csv,WSD sharp + WSD-con 9e-5 + WSD-con 18e-5,3,1
0.0056693997340904675,train_size_rho0p75,0.004531086875838321,-20.07819013726263,0.014118768869861463,0.75,100,0.8,wsdcon_3.csv,WSD-con 3e-5,wsd_20000_24000.csv|wsdcon_9.csv|wsdcon_18.csv,WSD sharp + WSD-con 9e-5 + WSD-con 18e-5,3,1
0.003248313740665229,train_size_rho0p75,0.002933613819967833,-9.688101144840388,0.014118768869861463,0.75,100,0.8,wsdld_20000_24000.csv,WSD linear,wsd_20000_24000.csv|wsdcon_9.csv|wsdcon_18.csv,WSD sharp + WSD-con 9e-5 + WSD-con 18e-5,3,1
0.007265129575917493,train_size_rho1p0,0.007114796176460767,-2.069245949240228,0.01323634581549512,1.0,100,0.75,cosine_72000.csv,Cosine,wsd_20000_24000.csv|wsdcon_9.csv|wsdcon_18.csv,WSD sharp + WSD-con 9e-5 + WSD-con 18e-5,3,1
0.0056693997340904675,train_size_rho1p0,0.004567202483634689,-19.441163123993444,0.01323634581549512,1.0,100,0.75,wsdcon_3.csv,WSD-con 3e-5,wsd_20000_24000.csv|wsdcon_9.csv|wsdcon_18.csv,WSD sharp + WSD-con 9e-5 + WSD-con 18e-5,3,1
0.003248313740665229,train_size_rho1p0,0.0029532825650114207,-9.08259482328786,0.01323634581549512,1.0,100,0.75,wsdld_20000_24000.csv,WSD linear,wsd_20000_24000.csv|wsdcon_9.csv|wsdcon_18.csv,WSD sharp + WSD-con 9e-5 + WSD-con 18e-5,3,1
0.007265129575917493,train_selected_rho,0.0070933199765383734,-2.364852513417448,0.01512725236056585,0.5,100,0.8571428571428571,cosine_72000.csv,Cosine,wsd_20000_24000.csv|wsdcon_9.csv|wsdcon_18.csv,WSD sharp + WSD-con 9e-5 + WSD-con 18e-5,3,1
0.0056693997340904675,train_selected_rho,0.004495711638948325,-20.702158080064102,0.01512725236056585,0.5,100,0.8571428571428571,wsdcon_3.csv,WSD-con 3e-5,wsd_20000_24000.csv|wsdcon_9.csv|wsdcon_18.csv,WSD sharp + WSD-con 9e-5 + WSD-con 18e-5,3,1
0.003248313740665229,train_selected_rho,0.0029111352542037397,-10.380108369471653,0.01512725236056585,0.5,100,0.8571428571428571,wsdld_20000_24000.csv,WSD linear,wsd_20000_24000.csv|wsdcon_9.csv|wsdcon_18.csv,WSD sharp + WSD-con 9e-5 + WSD-con 18e-5,3,1
0.005612615040270773,none,0.005387762792957637,-4.006194005821017,0.03043490198638913,0.0,400,1.0,cosine_72000.csv,Cosine,wsd_20000_24000.csv|wsdcon_9.csv|wsdcon_18.csv,WSD sharp + WSD-con 9e-5 + WSD-con 18e-5,3,1
0.008173606778800102,none,0.005172034683822427,-36.722736684163195,0.03043490198638913,0.0,400,1.0,wsdcon_3.csv,WSD-con 3e-5,wsd_20000_24000.csv|wsdcon_9.csv|wsdcon_18.csv,WSD sharp + WSD-con 9e-5 + WSD-con 18e-5,3,1
0.0038535563963712593,none,0.0031704879533755157,-17.72566358802902,0.03043490198638913,0.0,400,1.0,wsdld_20000_24000.csv,WSD linear,wsd_20000_24000.csv|wsdcon_9.csv|wsdcon_18.csv,WSD sharp + WSD-con 9e-5 + WSD-con 18e-5,3,1
0.005612615040270773,constant_0p85,0.005420183927573449,-3.428546431861479,0.02586966668843076,0.0,400,0.85,cosine_72000.csv,Cosine,wsd_20000_24000.csv|wsdcon_9.csv|wsdcon_18.csv,WSD sharp + WSD-con 9e-5 + WSD-con 18e-5,3,1
0.008173606778800102,constant_0p85,0.005419977969290006,-33.689274319535265,0.02586966668843076,0.0,400,0.85,wsdcon_3.csv,WSD-con 3e-5,wsd_20000_24000.csv|wsdcon_9.csv|wsdcon_18.csv,WSD sharp + WSD-con 9e-5 + WSD-con 18e-5,3,1
0.0038535563963712593,constant_0p85,0.00327294821982488,-15.066814049824595,0.02586966668843076,0.0,400,0.85,wsdld_20000_24000.csv,WSD linear,wsd_20000_24000.csv|wsdcon_9.csv|wsdcon_18.csv,WSD sharp + WSD-con 9e-5 + WSD-con 18e-5,3,1
0.005612615040270773,train_size_rho0p25,0.005404389015837544,-3.7099644807135013,0.028093755679743815,0.25,400,0.9230769230769231,cosine_72000.csv,Cosine,wsd_20000_24000.csv|wsdcon_9.csv|wsdcon_18.csv,WSD sharp + WSD-con 9e-5 + WSD-con 18e-5,3,1
0.008173606778800102,train_size_rho0p25,0.00528394269551143,-35.35359800747449,0.028093755679743815,0.25,400,0.9230769230769231,wsdcon_3.csv,WSD-con 3e-5,wsd_20000_24000.csv|wsdcon_9.csv|wsdcon_18.csv,WSD sharp + WSD-con 9e-5 + WSD-con 18e-5,3,1
0.0038535563963712593,train_size_rho0p25,0.003223031679759801,-16.362151004334557,0.028093755679743815,0.25,400,0.9230769230769231,wsdld_20000_24000.csv,WSD linear,wsd_20000_24000.csv|wsdcon_9.csv|wsdcon_18.csv,WSD sharp + WSD-con 9e-5 + WSD-con 18e-5,3,1
0.005612615040270773,train_size_rho0p35,0.0054103446777646865,-3.6038524120180604,0.027255136107214147,0.35,400,0.8955223880597015,cosine_72000.csv,Cosine,wsd_20000_24000.csv|wsdcon_9.csv|wsdcon_18.csv,WSD sharp + WSD-con 9e-5 + WSD-con 18e-5,3,1
0.008173606778800102,train_size_rho0p35,0.005331497022550109,-34.771794547562266,0.027255136107214147,0.35,400,0.8955223880597015,wsdcon_3.csv,WSD-con 3e-5,wsd_20000_24000.csv|wsdcon_9.csv|wsdcon_18.csv,WSD sharp + WSD-con 9e-5 + WSD-con 18e-5,3,1
0.0038535563963712593,train_size_rho0p35,0.00324185331309149,-15.873728586294611,0.027255136107214147,0.35,400,0.8955223880597015,wsdld_20000_24000.csv,WSD linear,wsd_20000_24000.csv|wsdcon_9.csv|wsdcon_18.csv,WSD sharp + WSD-con 9e-5 + WSD-con 18e-5,3,1
0.005612615040270773,train_size_rho0p5,0.005418640064020319,-3.4560534591928094,0.026087058845476397,0.5,400,0.8571428571428571,cosine_72000.csv,Cosine,wsd_20000_24000.csv|wsdcon_9.csv|wsdcon_18.csv,WSD sharp + WSD-con 9e-5 + WSD-con 18e-5,3,1
0.008173606778800102,train_size_rho0p5,0.0054054705553367045,-33.86676528950618,0.026087058845476397,0.5,400,0.8571428571428571,wsdcon_3.csv,WSD-con 3e-5,wsd_20000_24000.csv|wsdcon_9.csv|wsdcon_18.csv,WSD sharp + WSD-con 9e-5 + WSD-con 18e-5,3,1
0.0038535563963712593,train_size_rho0p5,0.00326806915951776,-15.193425932596426,0.026087058845476397,0.5,400,0.8571428571428571,wsdld_20000_24000.csv,WSD linear,wsd_20000_24000.csv|wsdcon_9.csv|wsdcon_18.csv,WSD sharp + WSD-con 9e-5 + WSD-con 18e-5,3,1
0.005612615040270773,train_size_rho0p75,0.005430990972445408,-3.235997240541244,0.024347921589111306,0.75,400,0.8,cosine_72000.csv,Cosine,wsd_20000_24000.csv|wsdcon_9.csv|wsdcon_18.csv,WSD sharp + WSD-con 9e-5 + WSD-con 18e-5,3,1
0.008173606778800102,train_size_rho0p75,0.005526326397575617,-32.388154371344854,0.024347921589111306,0.75,400,0.8,wsdcon_3.csv,WSD-con 3e-5,wsd_20000_24000.csv|wsdcon_9.csv|wsdcon_18.csv,WSD sharp + WSD-con 9e-5 + WSD-con 18e-5,3,1
0.0038535563963712593,train_size_rho0p75,0.0033071016419746664,-14.18053087042317,0.024347921589111306,0.75,400,0.8,wsdld_20000_24000.csv,WSD linear,wsd_20000_24000.csv|wsdcon_9.csv|wsdcon_18.csv,WSD sharp + WSD-con 9e-5 + WSD-con 18e-5,3,1
0.005612615040270773,train_size_rho1p0,0.005441935721317712,-3.040994576118783,0.02282617648979185,1.0,400,0.75,cosine_72000.csv,Cosine,wsd_20000_24000.csv|wsdcon_9.csv|wsdcon_18.csv,WSD sharp + WSD-con 9e-5 + WSD-con 18e-5,3,1
0.008173606778800102,train_size_rho1p0,0.005640852198640857,-30.9869883480137,0.02282617648979185,1.0,400,0.75,wsdcon_3.csv,WSD-con 3e-5,wsd_20000_24000.csv|wsdcon_9.csv|wsdcon_18.csv,WSD sharp + WSD-con 9e-5 + WSD-con 18e-5,3,1
0.0038535563963712593,train_size_rho1p0,0.0033412550641244523,-13.294247691021743,0.02282617648979185,1.0,400,0.75,wsdld_20000_24000.csv,WSD linear,wsd_20000_24000.csv|wsdcon_9.csv|wsdcon_18.csv,WSD sharp + WSD-con 9e-5 + WSD-con 18e-5,3,1
0.005612615040270773,train_selected_rho,0.005418640064020319,-3.4560534591928094,0.026087058845476397,0.5,400,0.8571428571428571,cosine_72000.csv,Cosine,wsd_20000_24000.csv|wsdcon_9.csv|wsdcon_18.csv,WSD sharp + WSD-con 9e-5 + WSD-con 18e-5,3,1
0.008173606778800102,train_selected_rho,0.0054054705553367045,-33.86676528950618,0.026087058845476397,0.5,400,0.8571428571428571,wsdcon_3.csv,WSD-con 3e-5,wsd_20000_24000.csv|wsdcon_9.csv|wsdcon_18.csv,WSD sharp + WSD-con 9e-5 + WSD-con 18e-5,3,1
0.0038535563963712593,train_selected_rho,0.00326806915951776,-15.193425932596426,0.026087058845476397,0.5,400,0.8571428571428571,wsdld_20000_24000.csv,WSD linear,wsd_20000_24000.csv|wsdcon_9.csv|wsdcon_18.csv,WSD sharp + WSD-con 9e-5 + WSD-con 18e-5,3,1
0.00744534704076948,none,0.007321038464967137,-1.6696142586994256,0.010941295168071392,0.0,25,1.0,cosine_72000.csv,Cosine,wsdld_20000_24000.csv|wsdcon_3.csv|wsdcon_9.csv,WSD linear + WSD-con 3e-5 + WSD-con 9e-5,3,1
0.003408385839825258,none,0.0030674862794998845,-10.001789009393692,0.010941295168071392,0.0,25,1.0,wsd_20000_24000.csv,WSD sharp,wsdld_20000_24000.csv|wsdcon_3.csv|wsdcon_9.csv,WSD linear + WSD-con 3e-5 + WSD-con 9e-5,3,1
0.002504818961791151,none,0.0022809531496898057,-8.937404879004218,0.010941295168071392,0.0,25,1.0,wsdcon_18.csv,WSD-con 18e-5,wsdld_20000_24000.csv|wsdcon_3.csv|wsdcon_9.csv,WSD linear + WSD-con 3e-5 + WSD-con 9e-5,3,1
0.00744534704076948,constant_0p85,0.007339684751337489,-1.4191721198945184,0.009300100892860683,0.0,25,0.85,cosine_72000.csv,Cosine,wsdld_20000_24000.csv|wsdcon_3.csv|wsdcon_9.csv,WSD linear + WSD-con 3e-5 + WSD-con 9e-5,3,1
0.003408385839825258,constant_0p85,0.003118621213548681,-8.501520657984907,0.009300100892860683,0.0,25,0.85,wsd_20000_24000.csv,WSD sharp,wsdld_20000_24000.csv|wsdcon_3.csv|wsdcon_9.csv,WSD linear + WSD-con 3e-5 + WSD-con 9e-5,3,1
0.002504818961791151,constant_0p85,0.0023145330215050106,-7.596794147153463,0.009300100892860683,0.0,25,0.85,wsdcon_18.csv,WSD-con 18e-5,wsdld_20000_24000.csv|wsdcon_3.csv|wsdcon_9.csv,WSD linear + WSD-con 3e-5 + WSD-con 9e-5,3,1
0.00744534704076948,train_size_rho0p25,0.0073306006631057765,-1.541182392645657,0.010099657078219746,0.25,25,0.9230769230769231,cosine_72000.csv,Cosine,wsdld_20000_24000.csv|wsdcon_3.csv|wsdcon_9.csv,WSD linear + WSD-con 3e-5 + WSD-con 9e-5,3,1
0.003408385839825258,train_size_rho0p25,0.0030937093226018307,-9.23242062405587,0.010099657078219746,0.25,25,0.9230769230769231,wsd_20000_24000.csv,WSD sharp,wsdld_20000_24000.csv|wsdcon_3.csv|wsdcon_9.csv,WSD linear + WSD-con 3e-5 + WSD-con 9e-5,3,1
0.002504818961791151,train_size_rho0p25,0.002298173596774516,-8.24991219600425,0.010099657078219746,0.25,25,0.9230769230769231,wsdcon_18.csv,WSD-con 18e-5,wsdld_20000_24000.csv|wsdcon_3.csv|wsdcon_9.csv,WSD linear + WSD-con 3e-5 + WSD-con 9e-5,3,1
0.00744534704076948,train_size_rho0p35,0.007334025928110655,-1.495176948089183,0.009798174777377367,0.35,25,0.8955223880597015,cosine_72000.csv,Cosine,wsdld_20000_24000.csv|wsdcon_3.csv|wsdcon_9.csv,WSD linear + WSD-con 3e-5 + WSD-con 9e-5,3,1
0.003408385839825258,train_size_rho0p35,0.0031031026514741753,-8.956825978561566,0.009798174777377367,0.35,25,0.8955223880597015,wsd_20000_24000.csv,WSD sharp,wsdld_20000_24000.csv|wsdcon_3.csv|wsdcon_9.csv,WSD linear + WSD-con 3e-5 + WSD-con 9e-5,3,1
0.002504818961791151,train_size_rho0p35,0.002304342115133228,-8.003646160302358,0.009798174777377367,0.35,25,0.8955223880597015,wsdcon_18.csv,WSD-con 18e-5,wsdld_20000_24000.csv|wsdcon_3.csv|wsdcon_9.csv,WSD linear + WSD-con 3e-5 + WSD-con 9e-5,3,1
0.00744534704076948,train_size_rho0p5,0.007338796832938898,-1.431097936028114,0.00937825300120405,0.5,25,0.8571428571428571,cosine_72000.csv,Cosine,wsdld_20000_24000.csv|wsdcon_3.csv|wsdcon_9.csv,WSD linear + WSD-con 3e-5 + WSD-con 9e-5,3,1
0.003408385839825258,train_size_rho0p5,0.00311618621668922,-8.572962008051842,0.00937825300120405,0.5,25,0.8571428571428571,wsd_20000_24000.csv,WSD sharp,wsdld_20000_24000.csv|wsdcon_3.csv|wsdcon_9.csv,WSD linear + WSD-con 3e-5 + WSD-con 9e-5,3,1
0.002504818961791151,train_size_rho0p5,0.0023129339799899985,-7.660632753432162,0.00937825300120405,0.5,25,0.8571428571428571,wsdcon_18.csv,WSD-con 18e-5,wsdld_20000_24000.csv|wsdcon_3.csv|wsdcon_9.csv,WSD linear + WSD-con 3e-5 + WSD-con 9e-5,3,1
0.00744534704076948,train_size_rho0p75,0.0073459001801276045,-1.3356914069595605,0.008753036134457114,0.75,25,0.8,cosine_72000.csv,Cosine,wsdld_20000_24000.csv|wsdcon_3.csv|wsdcon_9.csv,WSD linear + WSD-con 3e-5 + WSD-con 9e-5,3,1
0.003408385839825258,train_size_rho0p75,0.0031356661915649484,-8.001431207515264,0.008753036134457114,0.75,25,0.8,wsd_20000_24000.csv,WSD sharp,wsdld_20000_24000.csv|wsdcon_3.csv|wsdcon_9.csv,WSD linear + WSD-con 3e-5 + WSD-con 9e-5,3,1
0.002504818961791151,train_size_rho0p75,0.0023257263121100524,-7.14992390320427,0.008753036134457114,0.75,25,0.8,wsdcon_18.csv,WSD-con 18e-5,wsdld_20000_24000.csv|wsdcon_3.csv|wsdcon_9.csv,WSD linear + WSD-con 3e-5 + WSD-con 9e-5,3,1
0.00744534704076948,train_size_rho1p0,0.007352115608917724,-1.252210694024558,0.008205971376053544,1.0,25,0.75,cosine_72000.csv,Cosine,wsdld_20000_24000.csv|wsdcon_3.csv|wsdcon_9.csv,WSD linear + WSD-con 3e-5 + WSD-con 9e-5,3,1
0.003408385839825258,train_size_rho1p0,0.0031527111695812213,-7.501341757045454,0.008205971376053544,1.0,25,0.75,wsd_20000_24000.csv,WSD sharp,wsdld_20000_24000.csv|wsdcon_3.csv|wsdcon_9.csv,WSD linear + WSD-con 3e-5 + WSD-con 9e-5,3,1
0.002504818961791151,train_size_rho1p0,0.0023369196027151363,-6.7030536592533885,0.008205971376053544,1.0,25,0.75,wsdcon_18.csv,WSD-con 18e-5,wsdld_20000_24000.csv|wsdcon_3.csv|wsdcon_9.csv,WSD linear + WSD-con 3e-5 + WSD-con 9e-5,3,1
0.00744534704076948,train_selected_rho,0.007321038464967137,-1.6696142586994256,0.010941295168071392,0.0,25,1.0,cosine_72000.csv,Cosine,wsdld_20000_24000.csv|wsdcon_3.csv|wsdcon_9.csv,WSD linear + WSD-con 3e-5 + WSD-con 9e-5,3,1
0.003408385839825258,train_selected_rho,0.0030674862794998845,-10.001789009393692,0.010941295168071392,0.0,25,1.0,wsd_20000_24000.csv,WSD sharp,wsdld_20000_24000.csv|wsdcon_3.csv|wsdcon_9.csv,WSD linear + WSD-con 3e-5 + WSD-con 9e-5,3,1
0.002504818961791151,train_selected_rho,0.0022809531496898057,-8.937404879004218,0.010941295168071392,0.0,25,1.0,wsdcon_18.csv,WSD-con 18e-5,wsdld_20000_24000.csv|wsdcon_3.csv|wsdcon_9.csv,WSD linear + WSD-con 3e-5 + WSD-con 9e-5,3,1
0.007265129575917493,none,0.007083533290481244,-2.4995601735474327,0.01598893686652364,0.0,100,1.0,cosine_72000.csv,Cosine,wsdld_20000_24000.csv|wsdcon_3.csv|wsdcon_9.csv,WSD linear + WSD-con 3e-5 + WSD-con 9e-5,3,1
0.0037480705220761528,none,0.003252814111859847,-13.21363638435411,0.01598893686652364,0.0,100,1.0,wsd_20000_24000.csv,WSD sharp,wsdld_20000_24000.csv|wsdcon_3.csv|wsdcon_9.csv,WSD linear + WSD-con 3e-5 + WSD-con 9e-5,3,1
0.0013816404339982303,none,0.001221347124843752,-11.60166604929308,0.01598893686652364,0.0,100,1.0,wsdcon_18.csv,WSD-con 18e-5,wsdld_20000_24000.csv|wsdcon_3.csv|wsdcon_9.csv,WSD linear + WSD-con 3e-5 + WSD-con 9e-5,3,1
0.007265129575917493,constant_0p85,0.007110772733296678,-2.1246261475153627,0.013590596336545094,0.0,100,0.85,cosine_72000.csv,Cosine,wsdld_20000_24000.csv|wsdcon_3.csv|wsdcon_9.csv,WSD linear + WSD-con 3e-5 + WSD-con 9e-5,3,1
0.0037480705220761528,constant_0p85,0.0033271025733923004,-11.231590926700797,0.013590596336545094,0.0,100,0.85,wsd_20000_24000.csv,WSD sharp,wsdld_20000_24000.csv|wsdcon_3.csv|wsdcon_9.csv,WSD linear + WSD-con 3e-5 + WSD-con 9e-5,3,1
0.0013816404339982303,constant_0p85,0.001221553554112827,-11.586725167136237,0.013590596336545094,0.0,100,0.85,wsdcon_18.csv,WSD-con 18e-5,wsdld_20000_24000.csv|wsdcon_3.csv|wsdcon_9.csv,WSD linear + WSD-con 3e-5 + WSD-con 9e-5,3,1
0.007265129575917493,train_size_rho0p25,0.007097502235514801,-2.3072863140437883,0.014759018646021822,0.25,100,0.9230769230769231,cosine_72000.csv,Cosine,wsdld_20000_24000.csv|wsdcon_3.csv|wsdcon_9.csv,WSD linear + WSD-con 3e-5 + WSD-con 9e-5,3,1
0.0037480705220761528,train_size_rho0p25,0.0032909107587995646,-12.197202816326824,0.014759018646021822,0.25,100,0.9230769230769231,wsd_20000_24000.csv,WSD sharp,wsdld_20000_24000.csv|wsdcon_3.csv|wsdcon_9.csv,WSD linear + WSD-con 3e-5 + WSD-con 9e-5,3,1
0.0013816404339982303,train_size_rho0p25,0.0012204008870386426,-11.67015259483889,0.014759018646021822,0.25,100,0.9230769230769231,wsdcon_18.csv,WSD-con 18e-5,wsdld_20000_24000.csv|wsdcon_3.csv|wsdcon_9.csv,WSD linear + WSD-con 3e-5 + WSD-con 9e-5,3,1
0.007265129575917493,train_size_rho0p35,0.007102506036720863,-2.2384120957139597,0.01431845092524505,0.35,100,0.8955223880597015,cosine_72000.csv,Cosine,wsdld_20000_24000.csv|wsdcon_3.csv|wsdcon_9.csv,WSD linear + WSD-con 3e-5 + WSD-con 9e-5,3,1
0.0037480705220761528,train_size_rho0p35,0.003304557318897373,-11.83310720986932,0.01431845092524505,0.35,100,0.8955223880597015,wsd_20000_24000.csv,WSD sharp,wsdld_20000_24000.csv|wsdcon_3.csv|wsdcon_9.csv,WSD linear + WSD-con 3e-5 + WSD-con 9e-5,3,1
0.0013816404339982303,train_size_rho0p35,0.0012207728050550144,-11.643234012607218,0.01431845092524505,0.35,100,0.8955223880597015,wsdcon_18.csv,WSD-con 18e-5,wsdld_20000_24000.csv|wsdcon_3.csv|wsdcon_9.csv,WSD linear + WSD-con 3e-5 + WSD-con 9e-5,3,1
0.007265129575917493,train_size_rho0p5,0.007109475616972134,-2.142480148754977,0.013704803028448833,0.5,100,0.8571428571428571,cosine_72000.csv,Cosine,wsdld_20000_24000.csv|wsdcon_3.csv|wsdcon_9.csv,WSD linear + WSD-con 3e-5 + WSD-con 9e-5,3,1
0.0037480705220761528,train_size_rho0p5,0.0033235650276050325,-11.325974043732124,0.013704803028448833,0.5,100,0.8571428571428571,wsd_20000_24000.csv,WSD sharp,wsdld_20000_24000.csv|wsdcon_3.csv|wsdcon_9.csv,WSD linear + WSD-con 3e-5 + WSD-con 9e-5,3,1
0.0013816404339982303,train_size_rho0p5,0.0012214310478203855,-11.595591894645585,0.013704803028448833,0.5,100,0.8571428571428571,wsdcon_18.csv,WSD-con 18e-5,wsdld_20000_24000.csv|wsdcon_3.csv|wsdcon_9.csv,WSD linear + WSD-con 3e-5 + WSD-con 9e-5,3,1
0.007265129575917493,train_size_rho0p75,0.007119852547568496,-1.9996481388379173,0.012791149493218912,0.75,100,0.8,cosine_72000.csv,Cosine,wsdld_20000_24000.csv|wsdcon_3.csv|wsdcon_9.csv,WSD linear + WSD-con 3e-5 + WSD-con 9e-5,3,1
0.0037480705220761528,train_size_rho0p75,0.003351865393903115,-10.570909107483118,0.012791149493218912,0.75,100,0.8,wsd_20000_24000.csv,WSD sharp,wsdld_20000_24000.csv|wsdcon_3.csv|wsdcon_9.csv,WSD linear + WSD-con 3e-5 + WSD-con 9e-5,3,1
0.0013816404339982303,train_size_rho0p75,0.0012241887468323,-11.395995896724898,0.012791149493218912,0.75,100,0.8,wsdcon_18.csv,WSD-con 18e-5,wsdld_20000_24000.csv|wsdcon_3.csv|wsdcon_9.csv,WSD linear + WSD-con 3e-5 + WSD-con 9e-5,3,1
0.007265129575917493,train_size_rho1p0,0.0071289323618402975,-1.8746701301606938,0.01199170264989273,1.0,100,0.75,cosine_72000.csv,Cosine,wsdld_20000_24000.csv|wsdcon_3.csv|wsdcon_9.csv,WSD linear + WSD-con 3e-5 + WSD-con 9e-5,3,1
0.0037480705220761528,train_size_rho1p0,0.0033766282144139345,-9.910227288265293,0.01199170264989273,1.0,100,0.75,wsd_20000_24000.csv,WSD sharp,wsdld_20000_24000.csv|wsdcon_3.csv|wsdcon_9.csv,WSD linear + WSD-con 3e-5 + WSD-con 9e-5,3,1
0.0013816404339982303,train_size_rho1p0,0.0012309137906469294,-10.909252482943332,0.01199170264989273,1.0,100,0.75,wsdcon_18.csv,WSD-con 18e-5,wsdld_20000_24000.csv|wsdcon_3.csv|wsdcon_9.csv,WSD linear + WSD-con 3e-5 + WSD-con 9e-5,3,1
0.007265129575917493,train_selected_rho,0.007083533290481244,-2.4995601735474327,0.01598893686652364,0.0,100,1.0,cosine_72000.csv,Cosine,wsdld_20000_24000.csv|wsdcon_3.csv|wsdcon_9.csv,WSD linear + WSD-con 3e-5 + WSD-con 9e-5,3,1
0.0037480705220761528,train_selected_rho,0.003252814111859847,-13.21363638435411,0.01598893686652364,0.0,100,1.0,wsd_20000_24000.csv,WSD sharp,wsdld_20000_24000.csv|wsdcon_3.csv|wsdcon_9.csv,WSD linear + WSD-con 3e-5 + WSD-con 9e-5,3,1
0.0013816404339982303,train_selected_rho,0.001221347124843752,-11.60166604929308,0.01598893686652364,0.0,100,1.0,wsdcon_18.csv,WSD-con 18e-5,wsdld_20000_24000.csv|wsdcon_3.csv|wsdcon_9.csv,WSD linear + WSD-con 3e-5 + WSD-con 9e-5,3,1
0.005612615040270773,none,0.005423179958458978,-3.3751661293815793,0.025447794162549497,0.0,400,1.0,cosine_72000.csv,Cosine,wsdld_20000_24000.csv|wsdcon_3.csv|wsdcon_9.csv,WSD linear + WSD-con 3e-5 + WSD-con 9e-5,3,1
0.004701998914275349,none,0.003907056179407881,-16.906484866553416,0.025447794162549497,0.0,400,1.0,wsd_20000_24000.csv,WSD sharp,wsdld_20000_24000.csv|wsdcon_3.csv|wsdcon_9.csv,WSD linear + WSD-con 3e-5 + WSD-con 9e-5,3,1
0.0025579541942073844,none,0.0023903772065861253,-6.551211432978176,0.025447794162549497,0.0,400,1.0,wsdcon_18.csv,WSD-con 18e-5,wsdld_20000_24000.csv|wsdcon_3.csv|wsdcon_9.csv,WSD linear + WSD-con 3e-5 + WSD-con 9e-5,3,1
0.005612615040270773,constant_0p85,0.005450630170159515,-2.8860855225061655,0.02163062503816707,0.0,400,0.85,cosine_72000.csv,Cosine,wsdld_20000_24000.csv|wsdcon_3.csv|wsdcon_9.csv,WSD linear + WSD-con 3e-5 + WSD-con 9e-5,3,1
0.004701998914275349,constant_0p85,0.0040262975896380076,-14.370512136570268,0.02163062503816707,0.0,400,0.85,wsd_20000_24000.csv,WSD sharp,wsdld_20000_24000.csv|wsdcon_3.csv|wsdcon_9.csv,WSD linear + WSD-con 3e-5 + WSD-con 9e-5,3,1
0.0025579541942073844,constant_0p85,0.0024068378532921607,-5.907703165968892,0.02163062503816707,0.0,400,0.85,wsdcon_18.csv,WSD-con 18e-5,wsdld_20000_24000.csv|wsdcon_3.csv|wsdcon_9.csv,WSD linear + WSD-con 3e-5 + WSD-con 9e-5,3,1
0.005612615040270773,train_size_rho0p25,0.0054371406759267625,-3.126427932166631,0.023490271534661076,0.25,400,0.9230769230769231,cosine_72000.csv,Cosine,wsdld_20000_24000.csv|wsdcon_3.csv|wsdcon_9.csv,WSD linear + WSD-con 3e-5 + WSD-con 9e-5,3,1
0.004701998914275349,train_size_rho0p25,0.0039682056205515275,-15.605986030664798,0.023490271534661076,0.25,400,0.9230769230769231,wsd_20000_24000.csv,WSD sharp,wsdld_20000_24000.csv|wsdcon_3.csv|wsdcon_9.csv,WSD linear + WSD-con 3e-5 + WSD-con 9e-5,3,1
0.0025579541942073844,train_size_rho0p25,0.0023978237848676608,-6.2600968266885655,0.023490271534661076,0.25,400,0.9230769230769231,wsdcon_18.csv,WSD-con 18e-5,wsdld_20000_24000.csv|wsdcon_3.csv|wsdcon_9.csv,WSD linear + WSD-con 3e-5 + WSD-con 9e-5,3,1
0.005612615040270773,train_size_rho0p35,0.005442204587628069,-3.0362041832550646,0.02278906939929806,0.35,400,0.8955223880597015,cosine_72000.csv,Cosine,wsdld_20000_24000.csv|wsdcon_3.csv|wsdcon_9.csv,WSD linear + WSD-con 3e-5 + WSD-con 9e-5,3,1
0.004701998914275349,train_size_rho0p35,0.0039901098979761235,-15.140135701391122,0.02278906939929806,0.35,400,0.8955223880597015,wsd_20000_24000.csv,WSD sharp,wsdld_20000_24000.csv|wsdcon_3.csv|wsdcon_9.csv,WSD linear + WSD-con 3e-5 + WSD-con 9e-5,3,1
0.0025579541942073844,train_size_rho0p35,0.0024012226480599292,-6.127222547705569,0.02278906939929806,0.35,400,0.8955223880597015,wsdcon_18.csv,WSD-con 18e-5,wsdld_20000_24000.csv|wsdcon_3.csv|wsdcon_9.csv,WSD linear + WSD-con 3e-5 + WSD-con 9e-5,3,1
0.005612615040270773,train_size_rho0p5,0.005449300134781831,-2.9097827717944336,0.021812394996471,0.5,400,0.8571428571428571,cosine_72000.csv,Cosine,wsdld_20000_24000.csv|wsdcon_3.csv|wsdcon_9.csv,WSD linear + WSD-con 3e-5 + WSD-con 9e-5,3,1
0.004701998914275349,train_size_rho0p5,0.0040206194272460905,-14.491272742760074,0.021812394996471,0.5,400,0.8571428571428571,wsd_20000_24000.csv,WSD sharp,wsdld_20000_24000.csv|wsdcon_3.csv|wsdcon_9.csv,WSD linear + WSD-con 3e-5 + WSD-con 9e-5,3,1
0.0025579541942073844,train_size_rho0p5,0.002405956778934888,-5.942147659121588,0.021812394996471,0.5,400,0.8571428571428571,wsdcon_18.csv,WSD-con 18e-5,wsdld_20000_24000.csv|wsdcon_3.csv|wsdcon_9.csv,WSD linear + WSD-con 3e-5 + WSD-con 9e-5,3,1
0.005612615040270773,train_size_rho0p75,0.005459940417803244,-2.72020477748931,0.0203582353300396,0.75,400,0.8,cosine_72000.csv,Cosine,wsdld_20000_24000.csv|wsdcon_3.csv|wsdcon_9.csv,WSD linear + WSD-con 3e-5 + WSD-con 9e-5,3,1
0.004701998914275349,train_size_rho0p75,0.004066044726381371,-13.525187893242807,0.0203582353300396,0.75,400,0.8,wsd_20000_24000.csv,WSD sharp,wsdld_20000_24000.csv|wsdcon_3.csv|wsdcon_9.csv,WSD linear + WSD-con 3e-5 + WSD-con 9e-5,3,1
0.0025579541942073844,train_size_rho0p75,0.00241300537379315,-5.6665917138969295,0.0203582353300396,0.75,400,0.8,wsdcon_18.csv,WSD-con 18e-5,wsdld_20000_24000.csv|wsdcon_3.csv|wsdcon_9.csv,WSD linear + WSD-con 3e-5 + WSD-con 9e-5,3,1
0.005612615040270773,train_size_rho1p0,0.005469250665446967,-2.554324032472577,0.019085845621912123,1.0,400,0.75,cosine_72000.csv,Cosine,wsdld_20000_24000.csv|wsdcon_3.csv|wsdcon_9.csv,WSD linear + WSD-con 3e-5 + WSD-con 9e-5,3,1
0.004701998914275349,train_size_rho1p0,0.004105791863124742,-12.679863649915191,0.019085845621912123,1.0,400,0.75,wsd_20000_24000.csv,WSD sharp,wsdld_20000_24000.csv|wsdcon_3.csv|wsdcon_9.csv,WSD linear + WSD-con 3e-5 + WSD-con 9e-5,3,1
0.0025579541942073844,train_size_rho1p0,0.002419172894294131,-5.425480261825266,0.019085845621912123,1.0,400,0.75,wsdcon_18.csv,WSD-con 18e-5,wsdld_20000_24000.csv|wsdcon_3.csv|wsdcon_9.csv,WSD linear + WSD-con 3e-5 + WSD-con 9e-5,3,1
0.005612615040270773,train_selected_rho,0.005423179958458978,-3.3751661293815793,0.025447794162549497,0.0,400,1.0,cosine_72000.csv,Cosine,wsdld_20000_24000.csv|wsdcon_3.csv|wsdcon_9.csv,WSD linear + WSD-con 3e-5 + WSD-con 9e-5,3,1
0.004701998914275349,train_selected_rho,0.003907056179407881,-16.906484866553416,0.025447794162549497,0.0,400,1.0,wsd_20000_24000.csv,WSD sharp,wsdld_20000_24000.csv|wsdcon_3.csv|wsdcon_9.csv,WSD linear + WSD-con 3e-5 + WSD-con 9e-5,3,1
0.0025579541942073844,train_selected_rho,0.0023903772065861253,-6.551211432978176,0.025447794162549497,0.0,400,1.0,wsdcon_18.csv,WSD-con 18e-5,wsdld_20000_24000.csv|wsdcon_3.csv|wsdcon_9.csv,WSD linear + WSD-con 3e-5 + WSD-con 9e-5,3,1
0.00744534704076948,none,0.007316281920783537,-1.7335003899644152,0.011359952960236317,0.0,25,1.0,cosine_72000.csv,Cosine,wsdld_20000_24000.csv|wsdcon_3.csv|wsdcon_18.csv,WSD linear + WSD-con 3e-5 + WSD-con 18e-5,3,1
0.003408385839825258,none,0.003054442096422516,-10.384497531561387,0.011359952960236317,0.0,25,1.0,wsd_20000_24000.csv,WSD sharp,wsdld_20000_24000.csv|wsdcon_3.csv|wsdcon_18.csv,WSD linear + WSD-con 3e-5 + WSD-con 18e-5,3,1
0.002926482771138891,none,0.0023424864204768386,-19.955571118390015,0.011359952960236317,0.0,25,1.0,wsdcon_9.csv,WSD-con 9e-5,wsdld_20000_24000.csv|wsdcon_3.csv|wsdcon_18.csv,WSD linear + WSD-con 3e-5 + WSD-con 18e-5,3,1
0.00744534704076948,constant_0p85,0.007335641688781441,-1.473475331469587,0.009655960016200869,0.0,25,0.85,cosine_72000.csv,Cosine,wsdld_20000_24000.csv|wsdcon_3.csv|wsdcon_18.csv,WSD linear + WSD-con 3e-5 + WSD-con 18e-5,3,1
0.003408385839825258,constant_0p85,0.0031075336579329312,-8.82682290182707,0.009655960016200869,0.0,25,0.85,wsd_20000_24000.csv,WSD sharp,wsdld_20000_24000.csv|wsdcon_3.csv|wsdcon_18.csv,WSD linear + WSD-con 3e-5 + WSD-con 18e-5,3,1
0.002926482771138891,constant_0p85,0.0024219427230919616,-17.24049268366541,0.009655960016200869,0.0,25,0.85,wsdcon_9.csv,WSD-con 9e-5,wsdld_20000_24000.csv|wsdcon_3.csv|wsdcon_18.csv,WSD linear + WSD-con 3e-5 + WSD-con 18e-5,3,1
0.00744534704076948,train_size_rho0p25,0.007326210006936317,-1.6001542061208074,0.010486110424833524,0.25,25,0.9230769230769231,cosine_72000.csv,Cosine,wsdld_20000_24000.csv|wsdcon_3.csv|wsdcon_18.csv,WSD linear + WSD-con 3e-5 + WSD-con 18e-5,3,1
0.003408385839825258,train_size_rho0p25,0.003081668538222725,-9.585690029133643,0.010486110424833524,0.25,25,0.9230769230769231,wsd_20000_24000.csv,WSD sharp,wsdld_20000_24000.csv|wsdcon_3.csv|wsdcon_18.csv,WSD linear + WSD-con 3e-5 + WSD-con 18e-5,3,1
0.002926482771138891,train_size_rho0p25,0.0023821349514539475,-18.60075258441043,0.010486110424833524,0.25,25,0.9230769230769231,wsdcon_9.csv,WSD-con 9e-5,wsdld_20000_24000.csv|wsdcon_3.csv|wsdcon_18.csv,WSD linear + WSD-con 3e-5 + WSD-con 18e-5,3,1
0.00744534704076948,train_size_rho0p35,0.007329766336304469,-1.5523884089231887,0.010173092203196702,0.35,25,0.8955223880597015,cosine_72000.csv,Cosine,wsdld_20000_24000.csv|wsdcon_3.csv|wsdcon_18.csv,WSD linear + WSD-con 3e-5 + WSD-con 18e-5,3,1
0.003408385839825258,train_size_rho0p35,0.0030914212934944453,-9.299550028263903,0.010173092203196702,0.35,25,0.8955223880597015,wsd_20000_24000.csv,WSD sharp,wsdld_20000_24000.csv|wsdcon_3.csv|wsdcon_18.csv,WSD linear + WSD-con 3e-5 + WSD-con 18e-5,3,1
0.002926482771138891,train_size_rho0p35,0.0023967018240085643,-18.102992177334887,0.010173092203196702,0.35,25,0.8955223880597015,wsdcon_9.csv,WSD-con 9e-5,wsdld_20000_24000.csv|wsdcon_3.csv|wsdcon_18.csv,WSD linear + WSD-con 3e-5 + WSD-con 18e-5,3,1
0.00744534704076948,train_size_rho0p5,0.007334719795067263,-1.4858574771120958,0.009737102537345414,0.5,25,0.8571428571428571,cosine_72000.csv,Cosine,wsdld_20000_24000.csv|wsdcon_3.csv|wsdcon_18.csv,WSD linear + WSD-con 3e-5 + WSD-con 18e-5,3,1
0.003408385839825258,train_size_rho0p5,0.003105005488337188,-8.900997884195638,0.009737102537345414,0.5,25,0.8571428571428571,wsd_20000_24000.csv,WSD sharp,wsdld_20000_24000.csv|wsdcon_3.csv|wsdcon_18.csv,WSD linear + WSD-con 3e-5 + WSD-con 18e-5,3,1
0.002926482771138891,train_size_rho0p5,0.00241781030123317,-17.381700480941564,0.009737102537345414,0.5,25,0.8571428571428571,wsdcon_9.csv,WSD-con 9e-5,wsdld_20000_24000.csv|wsdcon_3.csv|wsdcon_18.csv,WSD linear + WSD-con 3e-5 + WSD-con 18e-5,3,1
0.00744534704076948,train_size_rho0p75,0.007342094944780743,-1.3868003119713035,0.009087962368189054,0.75,25,0.8,cosine_72000.csv,Cosine,wsdld_20000_24000.csv|wsdcon_3.csv|wsdcon_18.csv,WSD linear + WSD-con 3e-5 + WSD-con 18e-5,3,1
0.003408385839825258,train_size_rho0p75,0.003125230845103062,-8.307598025249185,0.009087962368189054,0.75,25,0.8,wsd_20000_24000.csv,WSD sharp,wsdld_20000_24000.csv|wsdcon_3.csv|wsdcon_18.csv,WSD linear + WSD-con 3e-5 + WSD-con 18e-5,3,1
0.002926482771138891,train_size_rho0p75,0.0024508696761034294,-16.25203810273479,0.009087962368189054,0.75,25,0.8,wsdcon_9.csv,WSD-con 9e-5,wsdld_20000_24000.csv|wsdcon_3.csv|wsdcon_18.csv,WSD linear + WSD-con 3e-5 + WSD-con 18e-5,3,1
0.00744534704076948,train_size_rho1p0,0.007348548200780028,-1.3001252924732531,0.008519964720177239,1.0,25,0.75,cosine_72000.csv,Cosine,wsdld_20000_24000.csv|wsdcon_3.csv|wsdcon_18.csv,WSD linear + WSD-con 3e-5 + WSD-con 18e-5,3,1
0.003408385839825258,train_size_rho1p0,0.0031429280322732003,-7.788373148671079,0.008519964720177239,1.0,25,0.75,wsd_20000_24000.csv,WSD sharp,wsdld_20000_24000.csv|wsdcon_3.csv|wsdcon_18.csv,WSD linear + WSD-con 3e-5 + WSD-con 18e-5,3,1
0.002926482771138891,train_size_rho1p0,0.002479796629114869,-15.263583521805124,0.008519964720177239,1.0,25,0.75,wsdcon_9.csv,WSD-con 9e-5,wsdld_20000_24000.csv|wsdcon_3.csv|wsdcon_18.csv,WSD linear + WSD-con 3e-5 + WSD-con 18e-5,3,1
0.00744534704076948,train_selected_rho,0.007316281920783537,-1.7335003899644152,0.011359952960236317,0.0,25,1.0,cosine_72000.csv,Cosine,wsdld_20000_24000.csv|wsdcon_3.csv|wsdcon_18.csv,WSD linear + WSD-con 3e-5 + WSD-con 18e-5,3,1
0.003408385839825258,train_selected_rho,0.003054442096422516,-10.384497531561387,0.011359952960236317,0.0,25,1.0,wsd_20000_24000.csv,WSD sharp,wsdld_20000_24000.csv|wsdcon_3.csv|wsdcon_18.csv,WSD linear + WSD-con 3e-5 + WSD-con 18e-5,3,1
0.002926482771138891,train_selected_rho,0.0023424864204768386,-19.955571118390015,0.011359952960236317,0.0,25,1.0,wsdcon_9.csv,WSD-con 9e-5,wsdld_20000_24000.csv|wsdcon_3.csv|wsdcon_18.csv,WSD linear + WSD-con 3e-5 + WSD-con 18e-5,3,1
0.007265129575917493,none,0.007082531783160971,-2.513345300293035,0.016077116188455705,0.0,100,1.0,cosine_72000.csv,Cosine,wsdld_20000_24000.csv|wsdcon_3.csv|wsdcon_18.csv,WSD linear + WSD-con 3e-5 + WSD-con 18e-5,3,1
0.0037480705220761528,none,0.0032500827623773917,-13.286509865959317,0.016077116188455705,0.0,100,1.0,wsd_20000_24000.csv,WSD sharp,wsdld_20000_24000.csv|wsdcon_3.csv|wsdcon_18.csv,WSD linear + WSD-con 3e-5 + WSD-con 18e-5,3,1
0.004934623402238123,none,0.00466088829270095,-5.547234048560212,0.016077116188455705,0.0,100,1.0,wsdcon_9.csv,WSD-con 9e-5,wsdld_20000_24000.csv|wsdcon_3.csv|wsdcon_18.csv,WSD linear + WSD-con 3e-5 + WSD-con 18e-5,3,1
0.007265129575917493,constant_0p85,0.00710992145207446,-2.1363435052489277,0.013665548760187348,0.0,100,0.85,cosine_72000.csv,Cosine,wsdld_20000_24000.csv|wsdcon_3.csv|wsdcon_18.csv,WSD linear + WSD-con 3e-5 + WSD-con 18e-5,3,1
0.0037480705220761528,constant_0p85,0.003324780926332209,-11.293533386065334,0.013665548760187348,0.0,100,0.85,wsd_20000_24000.csv,WSD sharp,wsdld_20000_24000.csv|wsdcon_3.csv|wsdcon_18.csv,WSD linear + WSD-con 3e-5 + WSD-con 18e-5,3,1
0.004934623402238123,constant_0p85,0.004656281133294153,-5.6405980001984934,0.013665548760187348,0.0,100,0.85,wsdcon_9.csv,WSD-con 9e-5,wsdld_20000_24000.csv|wsdcon_3.csv|wsdcon_18.csv,WSD linear + WSD-con 3e-5 + WSD-con 18e-5,3,1
0.007265129575917493,train_size_rho0p25,0.00709657776721916,-2.3200110464244084,0.014840414943189882,0.25,100,0.9230769230769231,cosine_72000.csv,Cosine,wsdld_20000_24000.csv|wsdcon_3.csv|wsdcon_18.csv,WSD linear + WSD-con 3e-5 + WSD-con 18e-5,3,1
0.0037480705220761528,train_size_rho0p25,0.0032883895131234544,-12.264470645500802,0.014840414943189882,0.25,100,0.9230769230769231,wsd_20000_24000.csv,WSD sharp,wsdld_20000_24000.csv|wsdcon_3.csv|wsdcon_18.csv,WSD linear + WSD-con 3e-5 + WSD-con 18e-5,3,1
0.004934623402238123,train_size_rho0p25,0.004657160588696731,-5.6227758619948105,0.014840414943189882,0.25,100,0.9230769230769231,wsdcon_9.csv,WSD-con 9e-5,wsdld_20000_24000.csv|wsdcon_3.csv|wsdcon_18.csv,WSD linear + WSD-con 3e-5 + WSD-con 18e-5,3,1
0.007265129575917493,train_size_rho0p35,0.007101609164493755,-2.250756985336877,0.01439741748219914,0.35,100,0.8955223880597015,cosine_72000.csv,Cosine,wsdld_20000_24000.csv|wsdcon_3.csv|wsdcon_18.csv,WSD linear + WSD-con 3e-5 + WSD-con 18e-5,3,1
0.0037480705220761528,train_size_rho0p35,0.0033021113342862275,-11.898367044142411,0.01439741748219914,0.35,100,0.8955223880597015,wsd_20000_24000.csv,WSD sharp,wsdld_20000_24000.csv|wsdcon_3.csv|wsdcon_18.csv,WSD linear + WSD-con 3e-5 + WSD-con 18e-5,3,1
0.004934623402238123,train_size_rho0p35,0.004656828979432568,-5.629495914106841,0.01439741748219914,0.35,100,0.8955223880597015,wsdcon_9.csv,WSD-con 9e-5,wsdld_20000_24000.csv|wsdcon_3.csv|wsdcon_18.csv,WSD linear + WSD-con 3e-5 + WSD-con 18e-5,3,1
0.007265129575917493,train_size_rho0p5,0.007108617182126195,-2.154295971679665,0.013780385304390604,0.5,100,0.8571428571428571,cosine_72000.csv,Cosine,wsdld_20000_24000.csv|wsdcon_3.csv|wsdcon_18.csv,WSD linear + WSD-con 3e-5 + WSD-con 18e-5,3,1
0.0037480705220761528,train_size_rho0p5,0.003321223870905795,-11.388437027964905,0.013780385304390604,0.5,100,0.8571428571428571,wsd_20000_24000.csv,WSD sharp,wsdld_20000_24000.csv|wsdcon_3.csv|wsdcon_18.csv,WSD linear + WSD-con 3e-5 + WSD-con 18e-5,3,1
0.004934623402238123,train_size_rho0p5,0.004656367095100417,-5.638855986689917,0.013780385304390604,0.5,100,0.8571428571428571,wsdcon_9.csv,WSD-con 9e-5,wsdld_20000_24000.csv|wsdcon_3.csv|wsdcon_18.csv,WSD linear + WSD-con 3e-5 + WSD-con 18e-5,3,1
0.007265129575917493,train_size_rho0p75,0.007119051341712292,-2.0106762402342104,0.012861692950764565,0.75,100,0.8,cosine_72000.csv,Cosine,wsdld_20000_24000.csv|wsdcon_3.csv|wsdcon_18.csv,WSD linear + WSD-con 3e-5 + WSD-con 18e-5,3,1
0.0037480705220761528,train_size_rho0p75,0.0033496803143171507,-10.629207892767278,0.012861692950764565,0.75,100,0.8,wsd_20000_24000.csv,WSD sharp,wsdld_20000_24000.csv|wsdcon_3.csv|wsdcon_18.csv,WSD linear + WSD-con 3e-5 + WSD-con 18e-5,3,1
0.004934623402238123,train_size_rho0p75,0.004659748370808368,-5.570334532622767,0.012861692950764565,0.75,100,0.8,wsdcon_9.csv,WSD-con 9e-5,wsdld_20000_24000.csv|wsdcon_3.csv|wsdcon_18.csv,WSD linear + WSD-con 3e-5 + WSD-con 18e-5,3,1
0.007265129575917493,train_size_rho1p0,0.007128181231350114,-1.8850089752196042,0.012057837141341779,1.0,100,0.75,cosine_72000.csv,Cosine,wsdld_20000_24000.csv|wsdcon_3.csv|wsdcon_18.csv,WSD linear + WSD-con 3e-5 + WSD-con 18e-5,3,1
0.0037480705220761528,train_size_rho1p0,0.003374579702302087,-9.964882399469355,0.012057837141341779,1.0,100,0.75,wsd_20000_24000.csv,WSD sharp,wsdld_20000_24000.csv|wsdcon_3.csv|wsdcon_18.csv,WSD linear + WSD-con 3e-5 + WSD-con 18e-5,3,1
0.004934623402238123,train_size_rho1p0,0.004663254670921452,-5.499279462614915,0.012057837141341779,1.0,100,0.75,wsdcon_9.csv,WSD-con 9e-5,wsdld_20000_24000.csv|wsdcon_3.csv|wsdcon_18.csv,WSD linear + WSD-con 3e-5 + WSD-con 18e-5,3,1
0.007265129575917493,train_selected_rho,0.007082531783160971,-2.513345300293035,0.016077116188455705,0.0,100,1.0,cosine_72000.csv,Cosine,wsdld_20000_24000.csv|wsdcon_3.csv|wsdcon_18.csv,WSD linear + WSD-con 3e-5 + WSD-con 18e-5,3,1
0.0037480705220761528,train_selected_rho,0.0032500827623773917,-13.286509865959317,0.016077116188455705,0.0,100,1.0,wsd_20000_24000.csv,WSD sharp,wsdld_20000_24000.csv|wsdcon_3.csv|wsdcon_18.csv,WSD linear + WSD-con 3e-5 + WSD-con 18e-5,3,1
0.004934623402238123,train_selected_rho,0.00466088829270095,-5.547234048560212,0.016077116188455705,0.0,100,1.0,wsdcon_9.csv,WSD-con 9e-5,wsdld_20000_24000.csv|wsdcon_3.csv|wsdcon_18.csv,WSD linear + WSD-con 3e-5 + WSD-con 18e-5,3,1
0.005612615040270773,none,0.005425402116554823,-3.335573923611157,0.02513489103016353,0.0,400,1.0,cosine_72000.csv,Cosine,wsdld_20000_24000.csv|wsdcon_3.csv|wsdcon_18.csv,WSD linear + WSD-con 3e-5 + WSD-con 18e-5,3,1
0.004701998914275349,none,0.0039168307032907195,-16.698604684931873,0.02513489103016353,0.0,400,1.0,wsd_20000_24000.csv,WSD sharp,wsdld_20000_24000.csv|wsdcon_3.csv|wsdcon_18.csv,WSD linear + WSD-con 3e-5 + WSD-con 18e-5,3,1
0.006687305974578527,none,0.006162650003495504,-7.8455505561952465,0.02513489103016353,0.0,400,1.0,wsdcon_9.csv,WSD-con 9e-5,wsdld_20000_24000.csv|wsdcon_3.csv|wsdcon_18.csv,WSD linear + WSD-con 3e-5 + WSD-con 18e-5,3,1
0.005612615040270773,constant_0p85,0.005452576291530628,-2.8514114649207056,0.021364657375639,0.0,400,0.85,cosine_72000.csv,Cosine,wsdld_20000_24000.csv|wsdcon_3.csv|wsdcon_18.csv,WSD linear + WSD-con 3e-5 + WSD-con 18e-5,3,1
0.004701998914275349,constant_0p85,0.004034605934938418,-14.193813982192015,0.021364657375639,0.0,400,0.85,wsd_20000_24000.csv,WSD sharp,wsdld_20000_24000.csv|wsdcon_3.csv|wsdcon_18.csv,WSD linear + WSD-con 3e-5 + WSD-con 18e-5,3,1
0.006687305974578527,constant_0p85,0.006204369302205548,-7.221692475398012,0.021364657375639,0.0,400,0.85,wsdcon_9.csv,WSD-con 9e-5,wsdld_20000_24000.csv|wsdcon_3.csv|wsdcon_18.csv,WSD linear + WSD-con 3e-5 + WSD-con 18e-5,3,1
0.005612615040270773,train_size_rho0p25,0.005439216695319033,-3.089439480662748,0.023201437873997106,0.25,400,0.9230769230769231,cosine_72000.csv,Cosine,wsdld_20000_24000.csv|wsdcon_3.csv|wsdcon_18.csv,WSD linear + WSD-con 3e-5 + WSD-con 18e-5,3,1
0.004701998914275349,train_size_rho0p25,0.003977228257981845,-15.4140966322448,0.023201437873997106,0.25,400,0.9230769230769231,wsd_20000_24000.csv,WSD sharp,wsdld_20000_24000.csv|wsdcon_3.csv|wsdcon_18.csv,WSD linear + WSD-con 3e-5 + WSD-con 18e-5,3,1
0.006687305974578527,train_size_rho0p25,0.006180537155754557,-7.578071360132588,0.023201437873997106,0.25,400,0.9230769230769231,wsdcon_9.csv,WSD-con 9e-5,wsdld_20000_24000.csv|wsdcon_3.csv|wsdcon_18.csv,WSD linear + WSD-con 3e-5 + WSD-con 18e-5,3,1
0.005612615040270773,train_size_rho0p35,0.0054442349139381665,-3.0000298457042107,0.022508857638952415,0.35,400,0.8955223880597015,cosine_72000.csv,Cosine,wsdld_20000_24000.csv|wsdcon_3.csv|wsdcon_18.csv,WSD linear + WSD-con 3e-5 + WSD-con 18e-5,3,1
0.004701998914275349,train_size_rho0p35,0.003998863202945831,-14.953974344715082,0.022508857638952415,0.35,400,0.8955223880597015,wsd_20000_24000.csv,WSD sharp,wsdld_20000_24000.csv|wsdcon_3.csv|wsdcon_18.csv,WSD linear + WSD-con 3e-5 + WSD-con 18e-5,3,1
0.006687305974578527,train_size_rho0p35,0.006189523353945037,-7.4436944043802855,0.022508857638952415,0.35,400,0.8955223880597015,wsdcon_9.csv,WSD-con 9e-5,wsdld_20000_24000.csv|wsdcon_3.csv|wsdcon_18.csv,WSD linear + WSD-con 3e-5 + WSD-con 18e-5,3,1
0.005612615040270773,train_size_rho0p5,0.0054512626101140445,-2.8748173355738427,0.02154419231156874,0.5,400,0.8571428571428571,cosine_72000.csv,Cosine,wsdld_20000_24000.csv|wsdcon_3.csv|wsdcon_18.csv,WSD linear + WSD-con 3e-5 + WSD-con 18e-5,3,1
0.004701998914275349,train_size_rho0p5,0.00402899759057424,-14.313089729941563,0.02154419231156874,0.5,400,0.8571428571428571,wsd_20000_24000.csv,WSD sharp,wsdld_20000_24000.csv|wsdcon_3.csv|wsdcon_18.csv,WSD linear + WSD-con 3e-5 + WSD-con 18e-5,3,1
0.006687305974578527,train_size_rho0p5,0.00620203984428177,-7.256526501725413,0.02154419231156874,0.5,400,0.8571428571428571,wsdcon_9.csv,WSD-con 9e-5,wsdld_20000_24000.csv|wsdcon_3.csv|wsdcon_18.csv,WSD linear + WSD-con 3e-5 + WSD-con 18e-5,3,1
0.005612615040270773,train_size_rho0p75,0.005461772061446634,-2.687570370350245,0.020107912824130825,0.75,400,0.8,cosine_72000.csv,Cosine,wsdld_20000_24000.csv|wsdcon_3.csv|wsdcon_18.csv,WSD linear + WSD-con 3e-5 + WSD-con 18e-5,3,1
0.004701998914275349,train_size_rho0p75,0.0040738643454876445,-13.358883747945516,0.020107912824130825,0.75,400,0.8,wsd_20000_24000.csv,WSD sharp,wsdld_20000_24000.csv|wsdcon_3.csv|wsdcon_18.csv,WSD linear + WSD-con 3e-5 + WSD-con 18e-5,3,1
0.006687305974578527,train_size_rho0p75,0.006221898297062096,-6.959569059433745,0.020107912824130825,0.75,400,0.8,wsdcon_9.csv,WSD-con 9e-5,wsdld_20000_24000.csv|wsdcon_3.csv|wsdcon_18.csv,WSD linear + WSD-con 3e-5 + WSD-con 18e-5,3,1
0.005612615040270773,train_size_rho1p0,0.005470967831362652,-2.523729275779585,0.018851168272622648,1.0,400,0.75,cosine_72000.csv,Cosine,wsdld_20000_24000.csv|wsdcon_3.csv|wsdcon_18.csv,WSD linear + WSD-con 3e-5 + WSD-con 18e-5,3,1
0.004701998914275349,train_size_rho1p0,0.004113122756036874,-12.52395351369896,0.018851168272622648,1.0,400,0.75,wsd_20000_24000.csv,WSD sharp,wsdld_20000_24000.csv|wsdcon_3.csv|wsdcon_18.csv,WSD linear + WSD-con 3e-5 + WSD-con 18e-5,3,1
0.006687305974578527,train_size_rho1p0,0.006242750305218911,-6.647754283258067,0.018851168272622648,1.0,400,0.75,wsdcon_9.csv,WSD-con 9e-5,wsdld_20000_24000.csv|wsdcon_3.csv|wsdcon_18.csv,WSD linear + WSD-con 3e-5 + WSD-con 18e-5,3,1
0.005612615040270773,train_selected_rho,0.005425402116554823,-3.335573923611157,0.02513489103016353,0.0,400,1.0,cosine_72000.csv,Cosine,wsdld_20000_24000.csv|wsdcon_3.csv|wsdcon_18.csv,WSD linear + WSD-con 3e-5 + WSD-con 18e-5,3,1
0.004701998914275349,train_selected_rho,0.0039168307032907195,-16.698604684931873,0.02513489103016353,0.0,400,1.0,wsd_20000_24000.csv,WSD sharp,wsdld_20000_24000.csv|wsdcon_3.csv|wsdcon_18.csv,WSD linear + WSD-con 3e-5 + WSD-con 18e-5,3,1
0.006687305974578527,train_selected_rho,0.006162650003495504,-7.8455505561952465,0.02513489103016353,0.0,400,1.0,wsdcon_9.csv,WSD-con 9e-5,wsdld_20000_24000.csv|wsdcon_3.csv|wsdcon_18.csv,WSD linear + WSD-con 3e-5 + WSD-con 18e-5,3,1
0.00744534704076948,none,0.007298421707584066,-1.9733846170081226,0.012931959260839085,0.0,25,1.0,cosine_72000.csv,Cosine,wsdld_20000_24000.csv|wsdcon_9.csv|wsdcon_18.csv,WSD linear + WSD-con 9e-5 + WSD-con 18e-5,3,1
0.003408385839825258,none,0.0030054628623855753,-11.82151893520188,0.012931959260839085,0.0,25,1.0,wsd_20000_24000.csv,WSD sharp,wsdld_20000_24000.csv|wsdcon_9.csv|wsdcon_18.csv,WSD linear + WSD-con 9e-5 + WSD-con 18e-5,3,1
0.004487187642230267,none,0.0028828038653471296,-35.754773475122846,0.012931959260839085,0.0,25,1.0,wsdcon_3.csv,WSD-con 3e-5,wsdld_20000_24000.csv|wsdcon_9.csv|wsdcon_18.csv,WSD linear + WSD-con 9e-5 + WSD-con 18e-5,3,1
0.00744534704076948,constant_0p85,0.007320460507561886,-1.677376924456797,0.010992165371713221,0.0,25,0.85,cosine_72000.csv,Cosine,wsdld_20000_24000.csv|wsdcon_9.csv|wsdcon_18.csv,WSD linear + WSD-con 9e-5 + WSD-con 18e-5,3,1
0.003408385839825258,constant_0p85,0.003065901309001531,-10.048291094921503,0.010992165371713221,0.0,25,0.85,wsd_20000_24000.csv,WSD sharp,wsdld_20000_24000.csv|wsdcon_9.csv|wsdcon_18.csv,WSD linear + WSD-con 9e-5 + WSD-con 18e-5,3,1
0.004487187642230267,constant_0p85,0.0030193530971592466,-32.711681839573416,0.010992165371713221,0.0,25,0.85,wsdcon_3.csv,WSD-con 3e-5,wsdld_20000_24000.csv|wsdcon_9.csv|wsdcon_18.csv,WSD linear + WSD-con 9e-5 + WSD-con 18e-5,3,1
0.00744534704076948,train_size_rho0p25,0.007309723656290629,-1.821585800315284,0.011937193163851464,0.25,25,0.9230769230769231,cosine_72000.csv,Cosine,wsdld_20000_24000.csv|wsdcon_9.csv|wsdcon_18.csv,WSD linear + WSD-con 9e-5 + WSD-con 18e-5,3,1
0.003408385839825258,train_size_rho0p25,0.003036456937573245,-10.912171324801678,0.011937193163851464,0.25,25,0.9230769230769231,wsd_20000_24000.csv,WSD sharp,wsdld_20000_24000.csv|wsdcon_9.csv|wsdcon_18.csv,WSD linear + WSD-con 9e-5 + WSD-con 18e-5,3,1
0.004487187642230267,train_size_rho0p25,0.00294732362407411,-34.31690717954461,0.011937193163851464,0.25,25,0.9230769230769231,wsdcon_3.csv,WSD-con 3e-5,wsdld_20000_24000.csv|wsdcon_9.csv|wsdcon_18.csv,WSD linear + WSD-con 9e-5 + WSD-con 18e-5,3,1
0.00744534704076948,train_size_rho0p35,0.007313772115528809,-1.7672101047834121,0.01158085903955739,0.35,25,0.8955223880597015,cosine_72000.csv,Cosine,wsdld_20000_24000.csv|wsdcon_9.csv|wsdcon_18.csv,WSD linear + WSD-con 9e-5 + WSD-con 18e-5,3,1
0.003408385839825258,train_size_rho0p35,0.0030475592928643496,-10.586434867344929,0.01158085903955739,0.35,25,0.8955223880597015,wsd_20000_24000.csv,WSD sharp,wsdld_20000_24000.csv|wsdcon_9.csv|wsdcon_18.csv,WSD linear + WSD-con 9e-5 + WSD-con 18e-5,3,1
0.004487187642230267,train_size_rho0p35,0.0029732796102715773,-33.73846053841939,0.01158085903955739,0.35,25,0.8955223880597015,wsdcon_3.csv,WSD-con 3e-5,wsdld_20000_24000.csv|wsdcon_9.csv|wsdcon_18.csv,WSD linear + WSD-con 9e-5 + WSD-con 18e-5,3,1
0.00744534704076948,train_size_rho0p5,0.0073194110408962626,-1.6914725288641796,0.011084536509290643,0.5,25,0.8571428571428571,cosine_72000.csv,Cosine,wsdld_20000_24000.csv|wsdcon_9.csv|wsdcon_18.csv,WSD linear + WSD-con 9e-5 + WSD-con 18e-5,3,1
0.003408385839825258,train_size_rho0p5,0.0030630232877341007,-10.132730515887346,0.011084536509290643,0.5,25,0.8571428571428571,wsd_20000_24000.csv,WSD sharp,wsdld_20000_24000.csv|wsdcon_9.csv|wsdcon_18.csv,WSD linear + WSD-con 9e-5 + WSD-con 18e-5,3,1
0.004487187642230267,train_size_rho0p5,0.003012123767834957,-32.87279231456787,0.011084536509290643,0.5,25,0.8571428571428571,wsdcon_3.csv,WSD-con 3e-5,wsdld_20000_24000.csv|wsdcon_9.csv|wsdcon_18.csv,WSD linear + WSD-con 9e-5 + WSD-con 18e-5,3,1
0.00744534704076948,train_size_rho0p75,0.007327806774221153,-1.5787076936064404,0.010345567408671269,0.75,25,0.8,cosine_72000.csv,Cosine,wsdld_20000_24000.csv|wsdcon_9.csv|wsdcon_18.csv,WSD linear + WSD-con 9e-5 + WSD-con 18e-5,3,1
0.003408385839825258,train_size_rho0p75,0.003086047457873514,-9.457215148161435,0.010345567408671269,0.75,25,0.8,wsd_20000_24000.csv,WSD sharp,wsdld_20000_24000.csv|wsdcon_9.csv|wsdcon_18.csv,WSD linear + WSD-con 9e-5 + WSD-con 18e-5,3,1
0.004487187642230267,train_size_rho0p75,0.0030732530068825845,-31.510486034520156,0.010345567408671269,0.75,25,0.8,wsdcon_3.csv,WSD-con 3e-5,wsdld_20000_24000.csv|wsdcon_9.csv|wsdcon_18.csv,WSD linear + WSD-con 9e-5 + WSD-con 18e-5,3,1
0.00744534704076948,train_size_rho1p0,0.00733515304088042,-1.4800384627560836,0.009698969445629313,1.0,25,0.75,cosine_72000.csv,Cosine,wsdld_20000_24000.csv|wsdcon_9.csv|wsdcon_18.csv,WSD linear + WSD-con 9e-5 + WSD-con 18e-5,3,1
0.003408385839825258,train_size_rho1p0,0.003106193606745499,-8.866139201401324,0.009698969445629313,1.0,25,0.75,wsd_20000_24000.csv,WSD sharp,wsdld_20000_24000.csv|wsdcon_9.csv|wsdcon_18.csv,WSD linear + WSD-con 9e-5 + WSD-con 18e-5,3,1
0.004487187642230267,train_size_rho1p0,0.0031343365374442798,-30.149198398879072,0.009698969445629313,1.0,25,0.75,wsdcon_3.csv,WSD-con 3e-5,wsdld_20000_24000.csv|wsdcon_9.csv|wsdcon_18.csv,WSD linear + WSD-con 9e-5 + WSD-con 18e-5,3,1
0.00744534704076948,train_selected_rho,0.0073194110408962626,-1.6914725288641796,0.011084536509290643,0.5,25,0.8571428571428571,cosine_72000.csv,Cosine,wsdld_20000_24000.csv|wsdcon_9.csv|wsdcon_18.csv,WSD linear + WSD-con 9e-5 + WSD-con 18e-5,3,1
0.003408385839825258,train_selected_rho,0.0030630232877341007,-10.132730515887346,0.011084536509290643,0.5,25,0.8571428571428571,wsd_20000_24000.csv,WSD sharp,wsdld_20000_24000.csv|wsdcon_9.csv|wsdcon_18.csv,WSD linear + WSD-con 9e-5 + WSD-con 18e-5,3,1
0.004487187642230267,train_selected_rho,0.003012123767834957,-32.87279231456787,0.011084536509290643,0.5,25,0.8571428571428571,wsdcon_3.csv,WSD-con 3e-5,wsdld_20000_24000.csv|wsdcon_9.csv|wsdcon_18.csv,WSD linear + WSD-con 9e-5 + WSD-con 18e-5,3,1
0.007265129575917493,none,0.00706911949567383,-2.697957114122218,0.01725802260045869,0.0,100,1.0,cosine_72000.csv,Cosine,wsdld_20000_24000.csv|wsdcon_9.csv|wsdcon_18.csv,WSD linear + WSD-con 9e-5 + WSD-con 18e-5,3,1
0.0037480705220761528,none,0.003213504253418828,-14.262438913801834,0.01725802260045869,0.0,100,1.0,wsd_20000_24000.csv,WSD sharp,wsdld_20000_24000.csv|wsdcon_9.csv|wsdcon_18.csv,WSD linear + WSD-con 9e-5 + WSD-con 18e-5,3,1
0.0056693997340904675,none,0.004445355635315496,-21.590365050725126,0.01725802260045869,0.0,100,1.0,wsdcon_3.csv,WSD-con 3e-5,wsdld_20000_24000.csv|wsdcon_9.csv|wsdcon_18.csv,WSD linear + WSD-con 9e-5 + WSD-con 18e-5,3,1
0.007265129575917493,constant_0p85,0.007098521007710376,-2.293263547003932,0.014669319210389886,0.0,100,0.85,cosine_72000.csv,Cosine,wsdld_20000_24000.csv|wsdcon_9.csv|wsdcon_18.csv,WSD linear + WSD-con 9e-5 + WSD-con 18e-5,3,1
0.0037480705220761528,constant_0p85,0.0032936891937174325,-12.123073076731405,0.014669319210389886,0.0,100,0.85,wsd_20000_24000.csv,WSD sharp,wsdld_20000_24000.csv|wsdcon_9.csv|wsdcon_18.csv,WSD linear + WSD-con 9e-5 + WSD-con 18e-5,3,1
0.0056693997340904675,constant_0p85,0.0045112047736983,-20.428881622649854,0.014669319210389886,0.0,100,0.85,wsdcon_3.csv,WSD-con 3e-5,wsdld_20000_24000.csv|wsdcon_9.csv|wsdcon_18.csv,WSD linear + WSD-con 9e-5 + WSD-con 18e-5,3,1
0.007265129575917493,train_size_rho0p25,0.007084197194154114,-2.49042195149739,0.01593048240042341,0.25,100,0.9230769230769231,cosine_72000.csv,Cosine,wsdld_20000_24000.csv|wsdcon_9.csv|wsdcon_18.csv,WSD linear + WSD-con 9e-5 + WSD-con 18e-5,3,1
0.0037480705220761528,train_size_rho0p25,0.0032546247356232353,-13.165328228124828,0.01593048240042341,0.25,100,0.9230769230769231,wsd_20000_24000.csv,WSD sharp,wsdld_20000_24000.csv|wsdcon_9.csv|wsdcon_18.csv,WSD linear + WSD-con 9e-5 + WSD-con 18e-5,3,1
0.0056693997340904675,train_size_rho0p25,0.0044734679373749624,-21.094504759018662,0.01593048240042341,0.25,100,0.9230769230769231,wsdcon_3.csv,WSD-con 3e-5,wsdld_20000_24000.csv|wsdcon_9.csv|wsdcon_18.csv,WSD linear + WSD-con 9e-5 + WSD-con 18e-5,3,1
0.007265129575917493,train_size_rho0p35,0.007089598160773921,-2.4160809977212927,0.015454945612351067,0.35,100,0.8955223880597015,cosine_72000.csv,Cosine,wsdld_20000_24000.csv|wsdcon_9.csv|wsdcon_18.csv,WSD linear + WSD-con 9e-5 + WSD-con 18e-5,3,1
0.0037480705220761528,train_size_rho0p35,0.003269354460591984,-12.772333355643362,0.015454945612351067,0.35,100,0.8955223880597015,wsd_20000_24000.csv,WSD sharp,wsdld_20000_24000.csv|wsdcon_9.csv|wsdcon_18.csv,WSD linear + WSD-con 9e-5 + WSD-con 18e-5,3,1
0.0056693997340904675,train_size_rho0p35,0.004486050626096646,-20.87256435418139,0.015454945612351067,0.35,100,0.8955223880597015,wsdcon_3.csv,WSD-con 3e-5,wsdld_20000_24000.csv|wsdcon_9.csv|wsdcon_18.csv,WSD linear + WSD-con 9e-5 + WSD-con 18e-5,3,1
0.007265129575917493,train_size_rho0p5,0.007097120935708631,-2.3125346692477122,0.014792590800393163,0.5,100,0.8571428571428571,cosine_72000.csv,Cosine,wsdld_20000_24000.csv|wsdcon_9.csv|wsdcon_18.csv,WSD linear + WSD-con 9e-5 + WSD-con 18e-5,3,1
0.0037480705220761528,train_size_rho0p5,0.003289870863227017,-12.224947640401574,0.014792590800393163,0.5,100,0.8571428571428571,wsd_20000_24000.csv,WSD sharp,wsdld_20000_24000.csv|wsdcon_9.csv|wsdcon_18.csv,WSD linear + WSD-con 9e-5 + WSD-con 18e-5,3,1
0.0056693997340904675,train_size_rho0p5,0.004507034157629047,-20.502445249574507,0.014792590800393163,0.5,100,0.8571428571428571,wsdcon_3.csv,WSD-con 3e-5,wsdld_20000_24000.csv|wsdcon_9.csv|wsdcon_18.csv,WSD linear + WSD-con 9e-5 + WSD-con 18e-5,3,1
0.007265129575917493,train_size_rho0p75,0.007108321511722574,-2.1583656912976146,0.013806418080366954,0.75,100,0.8,cosine_72000.csv,Cosine,wsdld_20000_24000.csv|wsdcon_9.csv|wsdcon_18.csv,WSD linear + WSD-con 9e-5 + WSD-con 18e-5,3,1
0.0037480705220761528,train_size_rho0p75,0.0033204175071502944,-11.40995113104143,0.013806418080366954,0.75,100,0.8,wsd_20000_24000.csv,WSD sharp,wsdld_20000_24000.csv|wsdcon_9.csv|wsdcon_18.csv,WSD linear + WSD-con 9e-5 + WSD-con 18e-5,3,1
0.0056693997340904675,train_size_rho0p75,0.004543870697104602,-19.852702045650204,0.013806418080366954,0.75,100,0.8,wsdcon_3.csv,WSD-con 3e-5,wsdld_20000_24000.csv|wsdcon_9.csv|wsdcon_18.csv,WSD linear + WSD-con 9e-5 + WSD-con 18e-5,3,1
0.007265129575917493,train_size_rho1p0,0.007118122015734748,-2.0234678355916302,0.012943516950344017,1.0,100,0.75,cosine_72000.csv,Cosine,wsdld_20000_24000.csv|wsdcon_9.csv|wsdcon_18.csv,WSD linear + WSD-con 9e-5 + WSD-con 18e-5,3,1
0.0037480705220761528,train_size_rho1p0,0.0033471458205831593,-10.696829185351376,0.012943516950344017,1.0,100,0.75,wsd_20000_24000.csv,WSD sharp,wsdld_20000_24000.csv|wsdcon_9.csv|wsdcon_18.csv,WSD linear + WSD-con 9e-5 + WSD-con 18e-5,3,1
0.0056693997340904675,train_size_rho1p0,0.004580934391873459,-19.198952151353797,0.012943516950344017,1.0,100,0.75,wsdcon_3.csv,WSD-con 3e-5,wsdld_20000_24000.csv|wsdcon_9.csv|wsdcon_18.csv,WSD linear + WSD-con 9e-5 + WSD-con 18e-5,3,1
0.007265129575917493,train_selected_rho,0.007097120935708631,-2.3125346692477122,0.014792590800393163,0.5,100,0.8571428571428571,cosine_72000.csv,Cosine,wsdld_20000_24000.csv|wsdcon_9.csv|wsdcon_18.csv,WSD linear + WSD-con 9e-5 + WSD-con 18e-5,3,1
0.0037480705220761528,train_selected_rho,0.003289870863227017,-12.224947640401574,0.014792590800393163,0.5,100,0.8571428571428571,wsd_20000_24000.csv,WSD sharp,wsdld_20000_24000.csv|wsdcon_9.csv|wsdcon_18.csv,WSD linear + WSD-con 9e-5 + WSD-con 18e-5,3,1
0.0056693997340904675,train_selected_rho,0.004507034157629047,-20.502445249574507,0.014792590800393163,0.5,100,0.8571428571428571,wsdcon_3.csv,WSD-con 3e-5,wsdld_20000_24000.csv|wsdcon_9.csv|wsdcon_18.csv,WSD linear + WSD-con 9e-5 + WSD-con 18e-5,3,1
0.005612615040270773,none,0.005393133140075546,-3.9105104950265424,0.029678700868954785,0.0,400,1.0,cosine_72000.csv,Cosine,wsdld_20000_24000.csv|wsdcon_9.csv|wsdcon_18.csv,WSD linear + WSD-con 9e-5 + WSD-con 18e-5,3,1
0.004701998914275349,none,0.0037748903607646,-19.717328106904308,0.029678700868954785,0.0,400,1.0,wsd_20000_24000.csv,WSD sharp,wsdld_20000_24000.csv|wsdcon_9.csv|wsdcon_18.csv,WSD linear + WSD-con 9e-5 + WSD-con 18e-5,3,1
0.008173606778800102,none,0.005202984309217285,-36.34408346248961,0.029678700868954785,0.0,400,1.0,wsdcon_3.csv,WSD-con 3e-5,wsdld_20000_24000.csv|wsdcon_9.csv|wsdcon_18.csv,WSD linear + WSD-con 9e-5 + WSD-con 18e-5,3,1
0.005612615040270773,constant_0p85,0.005424748722623686,-3.347215447685936,0.025226895738611567,0.0,400,0.85,cosine_72000.csv,Cosine,wsdld_20000_24000.csv|wsdcon_9.csv|wsdcon_18.csv,WSD linear + WSD-con 9e-5 + WSD-con 18e-5,3,1
0.004701998914275349,constant_0p85,0.003913956643791219,-16.75972889086852,0.025226895738611567,0.0,400,0.85,wsd_20000_24000.csv,WSD sharp,wsdld_20000_24000.csv|wsdcon_9.csv|wsdcon_18.csv,WSD linear + WSD-con 9e-5 + WSD-con 18e-5,3,1
0.008173606778800102,constant_0p85,0.00546287254457237,-33.16448059696936,0.025226895738611567,0.0,400,0.85,wsdcon_3.csv,WSD-con 3e-5,wsdld_20000_24000.csv|wsdcon_9.csv|wsdcon_18.csv,WSD linear + WSD-con 9e-5 + WSD-con 18e-5,3,1
0.005612615040270773,train_size_rho0p25,0.005409346259331009,-3.621641239979967,0.02739572387903519,0.25,400,0.9230769230769231,cosine_72000.csv,Cosine,wsdld_20000_24000.csv|wsdcon_9.csv|wsdcon_18.csv,WSD linear + WSD-con 9e-5 + WSD-con 18e-5,3,1
0.004701998914275349,train_size_rho0p25,0.003846206403342349,-18.200610560219378,0.02739572387903519,0.25,400,0.9230769230769231,wsd_20000_24000.csv,WSD sharp,wsdld_20000_24000.csv|wsdcon_9.csv|wsdcon_18.csv,WSD linear + WSD-con 9e-5 + WSD-con 18e-5,3,1
0.008173606778800102,train_size_rho0p25,0.0053229705089861586,-34.87611218596476,0.02739572387903519,0.25,400,0.9230769230769231,wsdcon_3.csv,WSD-con 3e-5,wsdld_20000_24000.csv|wsdcon_9.csv|wsdcon_18.csv,WSD linear + WSD-con 9e-5 + WSD-con 18e-5,3,1
0.005612615040270773,train_size_rho0p35,0.00541515394384043,-3.5181656859333943,0.026577941076675927,0.35,400,0.8955223880597015,cosine_72000.csv,Cosine,wsdld_20000_24000.csv|wsdcon_9.csv|wsdcon_18.csv,WSD linear + WSD-con 9e-5 + WSD-con 18e-5,3,1
0.004701998914275349,train_size_rho0p35,0.003871752448444831,-17.657308752451538,0.026577941076675927,0.35,400,0.8955223880597015,wsd_20000_24000.csv,WSD sharp,wsdld_20000_24000.csv|wsdcon_9.csv|wsdcon_18.csv,WSD linear + WSD-con 9e-5 + WSD-con 18e-5,3,1
0.008173606778800102,train_size_rho0p35,0.005372712097869272,-34.267548668912184,0.026577941076675927,0.35,400,0.8955223880597015,wsdcon_3.csv,WSD-con 3e-5,wsdld_20000_24000.csv|wsdcon_9.csv|wsdcon_18.csv,WSD linear + WSD-con 9e-5 + WSD-con 18e-5,3,1
0.005612615040270773,train_size_rho0p5,0.005423243218692821,-3.3740390213688354,0.0254388864591041,0.5,400,0.8571428571428571,cosine_72000.csv,Cosine,wsdld_20000_24000.csv|wsdcon_9.csv|wsdcon_18.csv,WSD linear + WSD-con 9e-5 + WSD-con 18e-5,3,1
0.004701998914275349,train_size_rho0p5,0.0039073344398375676,-16.900566948775054,0.0254388864591041,0.5,400,0.8571428571428571,wsd_20000_24000.csv,WSD sharp,wsdld_20000_24000.csv|wsdcon_9.csv|wsdcon_18.csv,WSD linear + WSD-con 9e-5 + WSD-con 18e-5,3,1
0.008173606778800102,train_size_rho0p5,0.005448725589234897,-33.3375615356581,0.0254388864591041,0.5,400,0.8571428571428571,wsdcon_3.csv,WSD-con 3e-5,wsdld_20000_24000.csv|wsdcon_9.csv|wsdcon_18.csv,WSD linear + WSD-con 9e-5 + WSD-con 18e-5,3,1
0.005612615040270773,train_size_rho0p75,0.005435327913037702,-3.1587259407785506,0.02374296069516383,0.75,400,0.8,cosine_72000.csv,Cosine,wsdld_20000_24000.csv|wsdcon_9.csv|wsdcon_18.csv,WSD linear + WSD-con 9e-5 + WSD-con 18e-5,3,1
0.004701998914275349,train_size_rho0p75,0.003960312071466744,-15.773862485523571,0.02374296069516383,0.75,400,0.8,wsd_20000_24000.csv,WSD sharp,wsdld_20000_24000.csv|wsdcon_9.csv|wsdcon_18.csv,WSD linear + WSD-con 9e-5 + WSD-con 18e-5,3,1
0.008173606778800102,train_size_rho0p75,0.005570240155947684,-31.85089145228731,0.02374296069516383,0.75,400,0.8,wsdcon_3.csv,WSD-con 3e-5,wsdld_20000_24000.csv|wsdcon_9.csv|wsdcon_18.csv,WSD linear + WSD-con 9e-5 + WSD-con 18e-5,3,1
0.005612615040270773,train_size_rho1p0,0.005446045117964441,-2.9677774283677905,0.02225902565171609,1.0,400,0.75,cosine_72000.csv,Cosine,wsdld_20000_24000.csv|wsdcon_9.csv|wsdcon_18.csv,WSD linear + WSD-con 9e-5 + WSD-con 18e-5,3,1
0.004701998914275349,train_size_rho1p0,0.004006667499142297,-14.787996080178022,0.02225902565171609,1.0,400,0.75,wsd_20000_24000.csv,WSD sharp,wsdld_20000_24000.csv|wsdcon_9.csv|wsdcon_18.csv,WSD linear + WSD-con 9e-5 + WSD-con 18e-5,3,1
0.008173606778800102,train_size_rho1p0,0.005686025298629442,-30.434318012737094,0.02225902565171609,1.0,400,0.75,wsdcon_3.csv,WSD-con 3e-5,wsdld_20000_24000.csv|wsdcon_9.csv|wsdcon_18.csv,WSD linear + WSD-con 9e-5 + WSD-con 18e-5,3,1
0.005612615040270773,train_selected_rho,0.005423243218692821,-3.3740390213688354,0.0254388864591041,0.5,400,0.8571428571428571,cosine_72000.csv,Cosine,wsdld_20000_24000.csv|wsdcon_9.csv|wsdcon_18.csv,WSD linear + WSD-con 9e-5 + WSD-con 18e-5,3,1
0.004701998914275349,train_selected_rho,0.0039073344398375676,-16.900566948775054,0.0254388864591041,0.5,400,0.8571428571428571,wsd_20000_24000.csv,WSD sharp,wsdld_20000_24000.csv|wsdcon_9.csv|wsdcon_18.csv,WSD linear + WSD-con 9e-5 + WSD-con 18e-5,3,1
0.008173606778800102,train_selected_rho,0.005448725589234897,-33.3375615356581,0.0254388864591041,0.5,400,0.8571428571428571,wsdcon_3.csv,WSD-con 3e-5,wsdld_20000_24000.csv|wsdcon_9.csv|wsdcon_18.csv,WSD linear + WSD-con 9e-5 + WSD-con 18e-5,3,1
0.00744534704076948,none,0.007321830597079434,-1.6589749680396504,0.010871573902286725,0.0,25,1.0,cosine_72000.csv,Cosine,wsdcon_3.csv|wsdcon_9.csv|wsdcon_18.csv,WSD-con 3e-5 + WSD-con 9e-5 + WSD-con 18e-5,3,1
0.003408385839825258,none,0.003069658595344236,-9.938054563047583,0.010871573902286725,0.0,25,1.0,wsd_20000_24000.csv,WSD sharp,wsdcon_3.csv|wsdcon_9.csv|wsdcon_18.csv,WSD-con 3e-5 + WSD-con 9e-5 + WSD-con 18e-5,3,1
0.0031360955249893426,none,0.002892348448076264,-7.772310344848532,0.010871573902286725,0.0,25,1.0,wsdld_20000_24000.csv,WSD linear,wsdcon_3.csv|wsdcon_9.csv|wsdcon_18.csv,WSD-con 3e-5 + WSD-con 9e-5 + WSD-con 18e-5,3,1
0.00744534704076948,constant_0p85,0.00734035806363294,-1.4101287228337145,0.009240837816943716,0.0,25,0.85,cosine_72000.csv,Cosine,wsdcon_3.csv|wsdcon_9.csv|wsdcon_18.csv,WSD-con 3e-5 + WSD-con 9e-5 + WSD-con 18e-5,3,1
0.003408385839825258,constant_0p85,0.0031204676820163883,-8.447346378590481,0.009240837816943716,0.0,25,0.85,wsd_20000_24000.csv,WSD sharp,wsdcon_3.csv|wsdcon_9.csv|wsdcon_18.csv,WSD-con 3e-5 + WSD-con 9e-5 + WSD-con 18e-5,3,1
0.0031360955249893426,constant_0p85,0.0029289105096132243,-6.606463793121298,0.009240837816943716,0.0,25,0.85,wsdld_20000_24000.csv,WSD linear,wsdcon_3.csv|wsdcon_9.csv|wsdcon_18.csv,WSD-con 3e-5 + WSD-con 9e-5 + WSD-con 18e-5,3,1
0.00744534704076948,train_size_rho0p25,0.007331331861978674,-1.5313615089595944,0.01003529898672621,0.25,25,0.9230769230769231,cosine_72000.csv,Cosine,wsdcon_3.csv|wsdcon_9.csv|wsdcon_18.csv,WSD-con 3e-5 + WSD-con 9e-5 + WSD-con 18e-5,3,1
0.003408385839825258,train_size_rho0p25,0.003095714537227391,-9.173588827428558,0.01003529898672621,0.25,25,0.9230769230769231,wsd_20000_24000.csv,WSD sharp,wsdcon_3.csv|wsdcon_9.csv|wsdcon_18.csv,WSD-con 3e-5 + WSD-con 9e-5 + WSD-con 18e-5,3,1
0.0031360955249893426,train_size_rho0p25,0.0029110982232234198,-7.174440318321851,0.01003529898672621,0.25,25,0.9230769230769231,wsdld_20000_24000.csv,WSD linear,wsdcon_3.csv|wsdcon_9.csv|wsdcon_18.csv,WSD-con 3e-5 + WSD-con 9e-5 + WSD-con 18e-5,3,1
0.00744534704076948,train_size_rho0p35,0.007334735300151535,-1.4856492251100417,0.009735737822943336,0.35,25,0.8955223880597015,cosine_72000.csv,Cosine,wsdcon_3.csv|wsdcon_9.csv|wsdcon_18.csv,WSD-con 3e-5 + WSD-con 9e-5 + WSD-con 18e-5,3,1
0.003408385839825258,train_size_rho0p35,0.003105048008946721,-8.899750354968273,0.009735737822943336,0.35,25,0.8955223880597015,wsd_20000_24000.csv,WSD sharp,wsdcon_3.csv|wsdcon_9.csv|wsdcon_18.csv,WSD-con 3e-5 + WSD-con 9e-5 + WSD-con 18e-5,3,1
0.0031360955249893426,train_size_rho0p35,0.0029178145605895686,-6.96027792075995,0.009735737822943336,0.35,25,0.8955223880597015,wsdld_20000_24000.csv,WSD linear,wsdcon_3.csv|wsdcon_9.csv|wsdcon_18.csv,WSD-con 3e-5 + WSD-con 9e-5 + WSD-con 18e-5,3,1
0.00744534704076948,train_size_rho0p5,0.007339475803320876,-1.4219785440338972,0.009318491916245763,0.5,25,0.8571428571428571,cosine_72000.csv,Cosine,wsdcon_3.csv|wsdcon_9.csv|wsdcon_18.csv,WSD-con 3e-5 + WSD-con 9e-5 + WSD-con 18e-5,3,1
0.003408385839825258,train_size_rho0p5,0.003118048201698665,-8.51833248261229,0.009318491916245763,0.5,25,0.8571428571428571,wsd_20000_24000.csv,WSD sharp,wsdcon_3.csv|wsdcon_9.csv|wsdcon_18.csv,WSD-con 3e-5 + WSD-con 9e-5 + WSD-con 18e-5,3,1
0.0031360955249893426,train_size_rho0p5,0.0029271694590638333,-6.661980295584879,0.009318491916245763,0.5,25,0.8571428571428571,wsdld_20000_24000.csv,WSD linear,wsdcon_3.csv|wsdcon_9.csv|wsdcon_18.csv,WSD-con 3e-5 + WSD-con 9e-5 + WSD-con 18e-5,3,1
0.00744534704076948,train_size_rho0p75,0.007346533885817447,-1.3271799744316692,0.00869725912182938,0.75,25,0.8,cosine_72000.csv,Cosine,wsdcon_3.csv|wsdcon_9.csv|wsdcon_18.csv,WSD-con 3e-5 + WSD-con 9e-5 + WSD-con 18e-5,3,1
0.003408385839825258,train_size_rho0p75,0.003137404044240434,-7.950443650438254,0.00869725912182938,0.75,25,0.8,wsd_20000_24000.csv,WSD sharp,wsdcon_3.csv|wsdcon_9.csv|wsdcon_18.csv,WSD-con 3e-5 + WSD-con 9e-5 + WSD-con 18e-5,3,1
0.0031360955249893426,train_size_rho0p75,0.0029410978634588805,-6.217848275878801,0.00869725912182938,0.75,25,0.8,wsdld_20000_24000.csv,WSD linear,wsdcon_3.csv|wsdcon_9.csv|wsdcon_18.csv,WSD-con 3e-5 + WSD-con 9e-5 + WSD-con 18e-5,3,1
0.00744534704076948,train_size_rho1p0,0.007352709708001954,-1.244231226029624,0.008153680426715043,1.0,25,0.75,cosine_72000.csv,Cosine,wsdcon_3.csv|wsdcon_9.csv|wsdcon_18.csv,WSD-con 3e-5 + WSD-con 9e-5 + WSD-con 18e-5,3,1
0.003408385839825258,train_size_rho1p0,0.0031543404064644847,-7.4535409222858835,0.008153680426715043,1.0,25,0.75,wsd_20000_24000.csv,WSD sharp,wsdcon_3.csv|wsdcon_9.csv|wsdcon_18.csv,WSD-con 3e-5 + WSD-con 9e-5 + WSD-con 18e-5,3,1
0.0031360955249893426,train_size_rho1p0,0.002953285217304534,-5.829232758636382,0.008153680426715043,1.0,25,0.75,wsdld_20000_24000.csv,WSD linear,wsdcon_3.csv|wsdcon_9.csv|wsdcon_18.csv,WSD-con 3e-5 + WSD-con 9e-5 + WSD-con 18e-5,3,1
0.00744534704076948,train_selected_rho,0.007329550374810067,-1.5552890325370994,0.010192100533393806,0.2,25,0.9375,cosine_72000.csv,Cosine,wsdcon_3.csv|wsdcon_9.csv|wsdcon_18.csv,WSD-con 3e-5 + WSD-con 9e-5 + WSD-con 18e-5,3,1
0.003408385839825258,train_selected_rho,0.003090829048124298,-9.316926152857164,0.010192100533393806,0.2,25,0.9375,wsd_20000_24000.csv,WSD sharp,wsdcon_3.csv|wsdcon_9.csv|wsdcon_18.csv,WSD-con 3e-5 + WSD-con 9e-5 + WSD-con 18e-5,3,1
0.0031360955249893426,train_selected_rho,0.002907582640383329,-7.286540948295572,0.010192100533393806,0.2,25,0.9375,wsdld_20000_24000.csv,WSD linear,wsdcon_3.csv|wsdcon_9.csv|wsdcon_18.csv,WSD-con 3e-5 + WSD-con 9e-5 + WSD-con 18e-5,3,1
0.007265129575917493,none,0.007092216191418423,-2.3800454306038055,0.015224436895781911,0.0,100,1.0,cosine_72000.csv,Cosine,wsdcon_3.csv|wsdcon_9.csv|wsdcon_18.csv,WSD-con 3e-5 + WSD-con 9e-5 + WSD-con 18e-5,3,1
0.0037480705220761528,none,0.003276494454979637,-12.581835488925053,0.015224436895781911,0.0,100,1.0,wsd_20000_24000.csv,WSD sharp,wsdcon_3.csv|wsdcon_9.csv|wsdcon_18.csv,WSD-con 3e-5 + WSD-con 9e-5 + WSD-con 18e-5,3,1
0.003248313740665229,none,0.0029089690621081463,-10.446795034262536,0.015224436895781911,0.0,100,1.0,wsdld_20000_24000.csv,WSD linear,wsdcon_3.csv|wsdcon_9.csv|wsdcon_18.csv,WSD-con 3e-5 + WSD-con 9e-5 + WSD-con 18e-5,3,1
0.007265129575917493,constant_0p85,0.00711815319909329,-2.023038616013151,0.012940771361414624,0.0,100,0.85,cosine_72000.csv,Cosine,wsdcon_3.csv|wsdcon_9.csv|wsdcon_18.csv,WSD-con 3e-5 + WSD-con 9e-5 + WSD-con 18e-5,3,1
0.0037480705220761528,constant_0p85,0.0033472308650441193,-10.694560165586164,0.012940771361414624,0.0,100,0.85,wsd_20000_24000.csv,WSD sharp,wsdcon_3.csv|wsdcon_9.csv|wsdcon_18.csv,WSD-con 3e-5 + WSD-con 9e-5 + WSD-con 18e-5,3,1
0.003248313740665229,constant_0p85,0.002959870763891703,-8.879775779123333,0.012940771361414624,0.0,100,0.85,wsdld_20000_24000.csv,WSD linear,wsdcon_3.csv|wsdcon_9.csv|wsdcon_18.csv,WSD-con 3e-5 + WSD-con 9e-5 + WSD-con 18e-5,3,1
0.007265129575917493,train_size_rho0p25,0.007105517220995276,-2.1969650128650264,0.014053326365337149,0.25,100,0.9230769230769231,cosine_72000.csv,Cosine,wsdcon_3.csv|wsdcon_9.csv|wsdcon_18.csv,WSD-con 3e-5 + WSD-con 9e-5 + WSD-con 18e-5,3,1
0.0037480705220761528,train_size_rho0p25,0.003312769537064001,-11.614001989776524,0.014053326365337149,0.25,100,0.9230769230769231,wsd_20000_24000.csv,WSD sharp,wsdcon_3.csv|wsdcon_9.csv|wsdcon_18.csv,WSD-con 3e-5 + WSD-con 9e-5 + WSD-con 18e-5,3,1
0.003248313740665229,train_size_rho0p25,0.002935072498920227,-9.643195416242412,0.014053326365337149,0.25,100,0.9230769230769231,wsdld_20000_24000.csv,WSD linear,wsdcon_3.csv|wsdcon_9.csv|wsdcon_18.csv,WSD-con 3e-5 + WSD-con 9e-5 + WSD-con 18e-5,3,1
0.007265129575917493,train_size_rho0p35,0.007110281768903399,-2.131383967704925,0.013633824085774847,0.35,100,0.8955223880597015,cosine_72000.csv,Cosine,wsdcon_3.csv|wsdcon_9.csv|wsdcon_18.csv,WSD-con 3e-5 + WSD-con 9e-5 + WSD-con 18e-5,3,1
0.0037480705220761528,train_size_rho0p35,0.003325763596318078,-11.26731536321649,0.013633824085774847,0.35,100,0.8955223880597015,wsd_20000_24000.csv,WSD sharp,wsdcon_3.csv|wsdcon_9.csv|wsdcon_18.csv,WSD-con 3e-5 + WSD-con 9e-5 + WSD-con 18e-5,3,1
0.003248313740665229,train_size_rho0p35,0.002944422983748437,-9.35533883665306,0.013633824085774847,0.35,100,0.8955223880597015,wsdld_20000_24000.csv,WSD linear,wsdcon_3.csv|wsdcon_9.csv|wsdcon_18.csv,WSD-con 3e-5 + WSD-con 9e-5 + WSD-con 18e-5,3,1
0.007265129575917493,train_size_rho0p5,0.007116918103489729,-2.040038940517408,0.013049517339241638,0.5,100,0.8571428571428571,cosine_72000.csv,Cosine,wsdcon_3.csv|wsdcon_9.csv|wsdcon_18.csv,WSD-con 3e-5 + WSD-con 9e-5 + WSD-con 18e-5,3,1
0.0037480705220761528,train_size_rho0p5,0.00334386246456486,-10.78443041907844,0.013049517339241638,0.5,100,0.8571428571428571,wsd_20000_24000.csv,WSD sharp,wsdcon_3.csv|wsdcon_9.csv|wsdcon_18.csv,WSD-con 3e-5 + WSD-con 9e-5 + WSD-con 18e-5,3,1
0.003248313740665229,train_size_rho0p5,0.002957446873330577,-8.954395743653897,0.013049517339241638,0.5,100,0.8571428571428571,wsdld_20000_24000.csv,WSD linear,wsdcon_3.csv|wsdcon_9.csv|wsdcon_18.csv,WSD-con 3e-5 + WSD-con 9e-5 + WSD-con 18e-5,3,1
0.007265129575917493,train_size_rho0p75,0.00712679886831824,-1.9040363444829955,0.01217954951662553,0.75,100,0.8,cosine_72000.csv,Cosine,wsdcon_3.csv|wsdcon_9.csv|wsdcon_18.csv,WSD-con 3e-5 + WSD-con 9e-5 + WSD-con 18e-5,3,1
0.0037480705220761528,train_size_rho0p75,0.0033708096683989523,-10.06546839113972,0.01217954951662553,0.75,100,0.8,wsd_20000_24000.csv,WSD sharp,wsdcon_3.csv|wsdcon_9.csv|wsdcon_18.csv,WSD-con 3e-5 + WSD-con 9e-5 + WSD-con 18e-5,3,1
0.003248313740665229,train_size_rho0p75,0.002976837997819555,-8.35743602741027,0.01217954951662553,0.75,100,0.8,wsdld_20000_24000.csv,WSD linear,wsdcon_3.csv|wsdcon_9.csv|wsdcon_18.csv,WSD-con 3e-5 + WSD-con 9e-5 + WSD-con 18e-5,3,1
0.007265129575917493,train_size_rho1p0,0.007135444537543194,-1.7850340729527958,0.011418327671836433,1.0,100,0.75,cosine_72000.csv,Cosine,wsdcon_3.csv|wsdcon_9.csv|wsdcon_18.csv,WSD-con 3e-5 + WSD-con 9e-5 + WSD-con 18e-5,3,1
0.0037480705220761528,train_size_rho1p0,0.003394388471753772,-9.436376616693632,0.011418327671836433,1.0,100,0.75,wsd_20000_24000.csv,WSD sharp,wsdcon_3.csv|wsdcon_9.csv|wsdcon_18.csv,WSD-con 3e-5 + WSD-con 9e-5 + WSD-con 18e-5,3,1
0.003248313740665229,train_size_rho1p0,0.002993805231747417,-7.835096275696907,0.011418327671836433,1.0,100,0.75,wsdld_20000_24000.csv,WSD linear,wsdcon_3.csv|wsdcon_9.csv|wsdcon_18.csv,WSD-con 3e-5 + WSD-con 9e-5 + WSD-con 18e-5,3,1
0.007265129575917493,train_selected_rho,0.007103023277949613,-2.231292591191092,0.014272909589795543,0.2,100,0.9375,cosine_72000.csv,Cosine,wsdcon_3.csv|wsdcon_9.csv|wsdcon_18.csv,WSD-con 3e-5 + WSD-con 9e-5 + WSD-con 18e-5,3,1
0.0037480705220761528,train_selected_rho,0.003305967959173178,-11.795470770867,0.014272909589795543,0.2,100,0.9375,wsd_20000_24000.csv,WSD sharp,wsdcon_3.csv|wsdcon_9.csv|wsdcon_18.csv,WSD-con 3e-5 + WSD-con 9e-5 + WSD-con 18e-5,3,1
0.003248313740665229,train_selected_rho,0.002930178104517957,-9.793870344621336,0.014272909589795543,0.2,100,0.9375,wsdld_20000_24000.csv,WSD linear,wsdcon_3.csv|wsdcon_9.csv|wsdcon_18.csv,WSD-con 3e-5 + WSD-con 9e-5 + WSD-con 18e-5,3,1
0.005612615040270773,none,0.00543270883508163,-3.205390070373748,0.024108045734140406,0.0,400,1.0,cosine_72000.csv,Cosine,wsdcon_3.csv|wsdcon_9.csv|wsdcon_18.csv,WSD-con 3e-5 + WSD-con 9e-5 + WSD-con 18e-5,3,1
0.004701998914275349,none,0.003948907479874665,-16.01641021469158,0.024108045734140406,0.0,400,1.0,wsd_20000_24000.csv,WSD sharp,wsdcon_3.csv|wsdcon_9.csv|wsdcon_18.csv,WSD-con 3e-5 + WSD-con 9e-5 + WSD-con 18e-5,3,1
0.0038535563963712593,none,0.0033124853171657385,-14.040824203715452,0.024108045734140406,0.0,400,1.0,wsdld_20000_24000.csv,WSD linear,wsdcon_3.csv|wsdcon_9.csv|wsdcon_18.csv,WSD-con 3e-5 + WSD-con 9e-5 + WSD-con 18e-5,3,1
0.005612615040270773,constant_0p85,0.005458962822595907,-2.737622597887168,0.020491838874019345,0.0,400,0.85,cosine_72000.csv,Cosine,wsdcon_3.csv|wsdcon_9.csv|wsdcon_18.csv,WSD-con 3e-5 + WSD-con 9e-5 + WSD-con 18e-5,3,1
0.004701998914275349,constant_0p85,0.00406187119503477,-13.613948682487775,0.020491838874019345,0.0,400,0.85,wsd_20000_24000.csv,WSD sharp,wsdcon_3.csv|wsdcon_9.csv|wsdcon_18.csv,WSD-con 3e-5 + WSD-con 9e-5 + WSD-con 18e-5,3,1
0.0038535563963712593,constant_0p85,0.0033936459790465685,-11.934700573158086,0.020491838874019345,0.0,400,0.85,wsdld_20000_24000.csv,WSD linear,wsdcon_3.csv|wsdcon_9.csv|wsdcon_18.csv,WSD-con 3e-5 + WSD-con 9e-5 + WSD-con 18e-5,3,1
0.005612615040270773,train_size_rho0p25,0.005446084570534367,-2.967074501663536,0.02225358067766807,0.25,400,0.9230769230769231,cosine_72000.csv,Cosine,wsdcon_3.csv|wsdcon_9.csv|wsdcon_18.csv,WSD-con 3e-5 + WSD-con 9e-5 + WSD-con 18e-5,3,1
0.004701998914275349,train_size_rho0p25,0.004006837590213183,-14.784378659715214,0.02225358067766807,0.25,400,0.9230769230769231,wsd_20000_24000.csv,WSD sharp,wsdcon_3.csv|wsdcon_9.csv|wsdcon_18.csv,WSD-con 3e-5 + WSD-con 9e-5 + WSD-con 18e-5,3,1
0.0038535563963712593,train_size_rho0p25,0.003354106169412326,-12.960760803429416,0.02225358067766807,0.25,400,0.9230769230769231,wsdld_20000_24000.csv,WSD linear,wsdcon_3.csv|wsdcon_9.csv|wsdcon_18.csv,WSD-con 3e-5 + WSD-con 9e-5 + WSD-con 18e-5,3,1
0.005612615040270773,train_size_rho0p35,0.005450932589928723,-2.88069730743995,0.021589294687289918,0.35,400,0.8955223880597015,cosine_72000.csv,Cosine,wsdcon_3.csv|wsdcon_9.csv|wsdcon_18.csv,WSD-con 3e-5 + WSD-con 9e-5 + WSD-con 18e-5,3,1
0.004701998914275349,train_size_rho0p35,0.00402758867451354,-14.343053923604444,0.021589294687289918,0.35,400,0.8955223880597015,wsd_20000_24000.csv,WSD sharp,wsdcon_3.csv|wsdcon_9.csv|wsdcon_18.csv,WSD-con 3e-5 + WSD-con 9e-5 + WSD-con 18e-5,3,1
0.0038535563963712593,train_size_rho0p35,0.0033690151314111007,-12.573872421237475,0.021589294687289918,0.35,400,0.8955223880597015,wsdld_20000_24000.csv,WSD linear,wsdcon_3.csv|wsdcon_9.csv|wsdcon_18.csv,WSD-con 3e-5 + WSD-con 9e-5 + WSD-con 18e-5,3,1
0.005612615040270773,train_size_rho0p5,0.0054577028095076,-2.760072259573676,0.020664039200691774,0.5,400,0.8571428571428571,cosine_72000.csv,Cosine,wsdcon_3.csv|wsdcon_9.csv|wsdcon_18.csv,WSD-con 3e-5 + WSD-con 9e-5 + WSD-con 18e-5,3,1
0.004701998914275349,train_size_rho0p5,0.004056491970503334,-13.728351612592782,0.020664039200691774,0.5,400,0.8571428571428571,wsd_20000_24000.csv,WSD sharp,wsdcon_3.csv|wsdcon_9.csv|wsdcon_18.csv,WSD-con 3e-5 + WSD-con 9e-5 + WSD-con 18e-5,3,1
0.0038535563963712593,train_size_rho0p5,0.0033897811856236706,-12.034992174613235,0.020664039200691774,0.5,400,0.8571428571428571,wsdld_20000_24000.csv,WSD linear,wsdcon_3.csv|wsdcon_9.csv|wsdcon_18.csv,WSD-con 3e-5 + WSD-con 9e-5 + WSD-con 18e-5,3,1
0.005612615040270773,train_size_rho0p75,0.005467782914213967,-2.5804749660831794,0.019286436587312328,0.75,400,0.8,cosine_72000.csv,Cosine,wsdcon_3.csv|wsdcon_9.csv|wsdcon_18.csv,WSD-con 3e-5 + WSD-con 9e-5 + WSD-con 18e-5,3,1
0.004701998914275349,train_size_rho0p75,0.0040995257667548034,-12.813128171753219,0.019286436587312328,0.75,400,0.8,wsd_20000_24000.csv,WSD sharp,wsdcon_3.csv|wsdcon_9.csv|wsdcon_18.csv,WSD-con 3e-5 + WSD-con 9e-5 + WSD-con 18e-5,3,1
0.0038535563963712593,train_size_rho0p75,0.003420699533006856,-11.232659362972019,0.019286436587312328,0.75,400,0.8,wsdld_20000_24000.csv,WSD linear,wsdcon_3.csv|wsdcon_9.csv|wsdcon_18.csv,WSD-con 3e-5 + WSD-con 9e-5 + WSD-con 18e-5,3,1
0.005612615040270773,train_size_rho1p0,0.005476603005832027,-2.4233273342791906,0.018081034300605304,1.0,400,0.75,cosine_72000.csv,Cosine,wsdcon_3.csv|wsdcon_9.csv|wsdcon_18.csv,WSD-con 3e-5 + WSD-con 9e-5 + WSD-con 18e-5,3,1
0.004701998914275349,train_size_rho1p0,0.004137180338474846,-12.012307661018461,0.018081034300605304,1.0,400,0.75,wsd_20000_24000.csv,WSD sharp,wsdcon_3.csv|wsdcon_9.csv|wsdcon_18.csv,WSD-con 3e-5 + WSD-con 9e-5 + WSD-con 18e-5,3,1
0.0038535563963712593,train_size_rho1p0,0.003447753086967127,-10.530618152786374,0.018081034300605304,1.0,400,0.75,wsdld_20000_24000.csv,WSD linear,wsdcon_3.csv|wsdcon_9.csv|wsdcon_18.csv,WSD-con 3e-5 + WSD-con 9e-5 + WSD-con 18e-5,3,1
0.005612615040270773,train_selected_rho,0.005443565157276167,-3.011962904665033,0.022601292875756632,0.2,400,0.9375,cosine_72000.csv,Cosine,wsdcon_3.csv|wsdcon_9.csv|wsdcon_18.csv,WSD-con 3e-5 + WSD-con 9e-5 + WSD-con 18e-5,3,1
0.004701998914275349,train_selected_rho,0.003995975694524709,-15.015384576273316,0.022601292875756632,0.2,400,0.9375,wsd_20000_24000.csv,WSD sharp,wsdcon_3.csv|wsdcon_9.csv|wsdcon_18.csv,WSD-con 3e-5 + WSD-con 9e-5 + WSD-con 18e-5,3,1
0.0038535563963712593,train_selected_rho,0.003346302259616095,-13.163272690982941,0.022601292875756632,0.2,400,0.9375,wsdld_20000_24000.csv,WSD linear,wsdcon_3.csv|wsdcon_9.csv|wsdcon_18.csv,WSD-con 3e-5 + WSD-con 9e-5 + WSD-con 18e-5,3,1
0.002504818961791151,none,0.0023011850231020523,-8.129686887370246,0.009952475585801337,0.0,25,1.0,wsdcon_18.csv,WSD-con 18e-5,cosine_72000.csv|wsd_20000_24000.csv|wsdld_20000_24000.csv|wsdcon_3.csv,Cosine + WSD sharp + WSD linear + WSD-con 3e-5,4,1
0.002926482771138891,none,0.002407359835352522,-17.738800341009465,0.009952475585801337,0.0,25,1.0,wsdcon_9.csv,WSD-con 9e-5,cosine_72000.csv|wsd_20000_24000.csv|wsdld_20000_24000.csv|wsdcon_3.csv,Cosine + WSD sharp + WSD linear + WSD-con 3e-5,4,1
0.002504818961791151,constant_0p85,0.002331730113905424,-6.910233854264436,0.008459604247931136,0.0,25,0.85,wsdcon_18.csv,WSD-con 18e-5,cosine_72000.csv|wsd_20000_24000.csv|wsdld_20000_24000.csv|wsdcon_3.csv,Cosine + WSD sharp + WSD linear + WSD-con 3e-5,4,1
0.002926482771138891,constant_0p85,0.0024828706639291515,-15.158541563431104,0.008459604247931136,0.0,25,0.85,wsdcon_9.csv,WSD-con 9e-5,cosine_72000.csv|wsd_20000_24000.csv|wsdld_20000_24000.csv|wsdcon_3.csv,Cosine + WSD sharp + WSD linear + WSD-con 3e-5,4,1
0.002504818961791151,train_size_rho0p25,0.002313163490083787,-7.651470011641659,0.009367035845460081,0.25,25,0.9411764705882353,wsdcon_18.csv,WSD-con 18e-5,cosine_72000.csv|wsd_20000_24000.csv|wsdld_20000_24000.csv|wsdcon_3.csv,Cosine + WSD sharp + WSD linear + WSD-con 3e-5,4,1
0.002926482771138891,train_size_rho0p25,0.0024366570373855977,-16.737694087386313,0.009367035845460081,0.25,25,0.9411764705882353,wsdcon_9.csv,WSD-con 9e-5,cosine_72000.csv|wsd_20000_24000.csv|wsdld_20000_24000.csv|wsdcon_3.csv,Cosine + WSD sharp + WSD linear + WSD-con 3e-5,4,1
0.002504818961791151,train_size_rho0p35,0.0023175693629965935,-7.475574149305331,0.009151701688093185,0.35,25,0.9195402298850576,wsdcon_18.csv,WSD-con 18e-5,cosine_72000.csv|wsd_20000_24000.csv|wsdld_20000_24000.csv|wsdcon_3.csv,Cosine + WSD sharp + WSD linear + WSD-con 3e-5,4,1
0.002926482771138891,train_size_rho0p35,0.0024476235635212664,-16.362960080959855,0.009151701688093185,0.35,25,0.9195402298850576,wsdcon_9.csv,WSD-con 9e-5,cosine_72000.csv|wsd_20000_24000.csv|wsdld_20000_24000.csv|wsdcon_3.csv,Cosine + WSD sharp + WSD linear + WSD-con 3e-5,4,1
0.002504818961791151,train_size_rho0p5,0.0023238110162897563,-7.22638834432805,0.008846644965156743,0.5,25,0.8888888888888888,wsdcon_18.csv,WSD-con 18e-5,cosine_72000.csv|wsd_20000_24000.csv|wsdld_20000_24000.csv|wsdcon_3.csv,Cosine + WSD sharp + WSD linear + WSD-con 3e-5,4,1
0.002926482771138891,train_size_rho0p5,0.002463159475546767,-15.83208690519008,0.008846644965156743,0.5,25,0.8888888888888888,wsdcon_9.csv,WSD-con 9e-5,cosine_72000.csv|wsd_20000_24000.csv|wsdld_20000_24000.csv|wsdcon_3.csv,Cosine + WSD sharp + WSD linear + WSD-con 3e-5,4,1
0.002504818961791151,train_size_rho0p75,0.0023333377502634954,-6.846052115679946,0.008381032072253757,0.75,25,0.8421052631578947,wsdcon_18.csv,WSD-con 18e-5,cosine_72000.csv|wsd_20000_24000.csv|wsdld_20000_24000.csv|wsdcon_3.csv,Cosine + WSD sharp + WSD linear + WSD-con 3e-5,4,1
0.002926482771138891,train_size_rho0p75,0.0024868721833752063,-15.021806794803116,0.008381032072253757,0.75,25,0.8421052631578947,wsdcon_9.csv,WSD-con 9e-5,cosine_72000.csv|wsd_20000_24000.csv|wsdld_20000_24000.csv|wsdcon_3.csv,Cosine + WSD sharp + WSD linear + WSD-con 3e-5,4,1
0.002504818961791151,train_size_rho1p0,0.0023419118108399,-6.503749509895074,0.007961980468641069,1.0,25,0.8,wsdcon_18.csv,WSD-con 18e-5,cosine_72000.csv|wsd_20000_24000.csv|wsdld_20000_24000.csv|wsdcon_3.csv,Cosine + WSD sharp + WSD linear + WSD-con 3e-5,4,1
0.002926482771138891,train_size_rho1p0,0.0025082136204207764,-14.292554695455728,0.007961980468641069,1.0,25,0.8,wsdcon_9.csv,WSD-con 9e-5,cosine_72000.csv|wsd_20000_24000.csv|wsdld_20000_24000.csv|wsdcon_3.csv,Cosine + WSD sharp + WSD linear + WSD-con 3e-5,4,1
0.002504818961791151,train_selected_rho,0.0023011850231020523,-8.129686887370246,0.009952475585801337,0.0,25,1.0,wsdcon_18.csv,WSD-con 18e-5,cosine_72000.csv|wsd_20000_24000.csv|wsdld_20000_24000.csv|wsdcon_3.csv,Cosine + WSD sharp + WSD linear + WSD-con 3e-5,4,1
0.002926482771138891,train_selected_rho,0.002407359835352522,-17.738800341009465,0.009952475585801337,0.0,25,1.0,wsdcon_9.csv,WSD-con 9e-5,cosine_72000.csv|wsd_20000_24000.csv|wsdld_20000_24000.csv|wsdcon_3.csv,Cosine + WSD sharp + WSD linear + WSD-con 3e-5,4,1
0.0013816404339982303,none,0.0012207137665409655,-11.64750708630976,0.015165698868105298,0.0,100,1.0,wsdcon_18.csv,WSD-con 18e-5,cosine_72000.csv|wsd_20000_24000.csv|wsdld_20000_24000.csv|wsdcon_3.csv,Cosine + WSD sharp + WSD linear + WSD-con 3e-5,4,1
0.004934623402238123,none,0.004657404082559479,-5.617841465934559,0.015165698868105298,0.0,100,1.0,wsdcon_9.csv,WSD-con 9e-5,cosine_72000.csv|wsd_20000_24000.csv|wsdld_20000_24000.csv|wsdcon_3.csv,Cosine + WSD sharp + WSD linear + WSD-con 3e-5,4,1
0.0013816404339982303,constant_0p85,0.001223350104230115,-11.456694945590895,0.012890844037889503,0.0,100,0.85,wsdcon_18.csv,WSD-con 18e-5,cosine_72000.csv|wsd_20000_24000.csv|wsdld_20000_24000.csv|wsdcon_3.csv,Cosine + WSD sharp + WSD linear + WSD-con 3e-5,4,1
0.004934623402238123,constant_0p85,0.00465962121807915,-5.572911278989279,0.012890844037889503,0.0,100,0.85,wsdcon_9.csv,WSD-con 9e-5,cosine_72000.csv|wsd_20000_24000.csv|wsdld_20000_24000.csv|wsdcon_3.csv,Cosine + WSD sharp + WSD linear + WSD-con 3e-5,4,1
0.0013816404339982303,train_size_rho0p25,0.0012208209165183578,-11.639751814043864,0.014273598934687338,0.25,100,0.9411764705882353,wsdcon_18.csv,WSD-con 18e-5,cosine_72000.csv|wsd_20000_24000.csv|wsdld_20000_24000.csv|wsdcon_3.csv,Cosine + WSD sharp + WSD linear + WSD-con 3e-5,4,1
0.004934623402238123,train_size_rho0p25,0.004656736294076481,-5.6313741801574,0.014273598934687338,0.25,100,0.9411764705882353,wsdcon_9.csv,WSD-con 9e-5,cosine_72000.csv|wsd_20000_24000.csv|wsdld_20000_24000.csv|wsdcon_3.csv,Cosine + WSD sharp + WSD linear + WSD-con 3e-5,4,1
0.0013816404339982303,train_size_rho0p35,0.0012211728909182547,-11.61427670552534,0.013945470223545102,0.35,100,0.9195402298850576,wsdcon_18.csv,WSD-con 18e-5,cosine_72000.csv|wsd_20000_24000.csv|wsdld_20000_24000.csv|wsdcon_3.csv,Cosine + WSD sharp + WSD linear + WSD-con 3e-5,4,1
0.004934623402238123,train_size_rho0p35,0.004656490670726422,-5.636351730216171,0.013945470223545102,0.35,100,0.9195402298850576,wsdcon_9.csv,WSD-con 9e-5,cosine_72000.csv|wsd_20000_24000.csv|wsdld_20000_24000.csv|wsdcon_3.csv,Cosine + WSD sharp + WSD linear + WSD-con 3e-5,4,1
0.0013816404339982303,train_size_rho0p5,0.0012216715213180913,-11.578186968458681,0.013480621216093598,0.5,100,0.8888888888888888,wsdcon_18.csv,WSD-con 18e-5,cosine_72000.csv|wsd_20000_24000.csv|wsdld_20000_24000.csv|wsdcon_3.csv,Cosine + WSD sharp + WSD linear + WSD-con 3e-5,4,1
0.004934623402238123,train_size_rho0p5,0.0046570486972832385,-5.625043338241154,0.013480621216093598,0.5,100,0.8888888888888888,wsdcon_9.csv,WSD-con 9e-5,cosine_72000.csv|wsd_20000_24000.csv|wsdld_20000_24000.csv|wsdcon_3.csv,Cosine + WSD sharp + WSD linear + WSD-con 3e-5,4,1
0.0013816404339982303,train_size_rho0p75,0.0012243572807963973,-11.383797790766915,0.012771114836299197,0.75,100,0.8421052631578947,wsdcon_18.csv,WSD-con 18e-5,cosine_72000.csv|wsd_20000_24000.csv|wsdld_20000_24000.csv|wsdcon_3.csv,Cosine + WSD sharp + WSD linear + WSD-con 3e-5,4,1
0.004934623402238123,train_size_rho0p75,0.0046601434591429505,-5.562328078991408,0.012771114836299197,0.75,100,0.8421052631578947,wsdcon_9.csv,WSD-con 9e-5,cosine_72000.csv|wsd_20000_24000.csv|wsdld_20000_24000.csv|wsdcon_3.csv,Cosine + WSD sharp + WSD linear + WSD-con 3e-5,4,1
0.0013816404339982303,train_size_rho1p0,0.0012297288891499033,-10.995012965039042,0.01213255909448424,1.0,100,0.8,wsdcon_18.csv,WSD-con 18e-5,cosine_72000.csv|wsd_20000_24000.csv|wsdld_20000_24000.csv|wsdcon_3.csv,Cosine + WSD sharp + WSD linear + WSD-con 3e-5,4,1
0.004934623402238123,train_size_rho1p0,0.004662928744816693,-5.505884345666612,0.01213255909448424,1.0,100,0.8,wsdcon_9.csv,WSD-con 9e-5,cosine_72000.csv|wsd_20000_24000.csv|wsdld_20000_24000.csv|wsdcon_3.csv,Cosine + WSD sharp + WSD linear + WSD-con 3e-5,4,1
0.0013816404339982303,train_selected_rho,0.0012207137665409655,-11.64750708630976,0.015165698868105298,0.0,100,1.0,wsdcon_18.csv,WSD-con 18e-5,cosine_72000.csv|wsd_20000_24000.csv|wsdld_20000_24000.csv|wsdcon_3.csv,Cosine + WSD sharp + WSD linear + WSD-con 3e-5,4,1
0.004934623402238123,train_selected_rho,0.004657404082559479,-5.617841465934559,0.015165698868105298,0.0,100,1.0,wsdcon_9.csv,WSD-con 9e-5,cosine_72000.csv|wsd_20000_24000.csv|wsdld_20000_24000.csv|wsdcon_3.csv,Cosine + WSD sharp + WSD linear + WSD-con 3e-5,4,1
0.0025579541942073844,none,0.0023954008561974,-6.354818173761457,0.023990133594797736,0.0,400,1.0,wsdcon_18.csv,WSD-con 18e-5,cosine_72000.csv|wsd_20000_24000.csv|wsdld_20000_24000.csv|wsdcon_3.csv,Cosine + WSD sharp + WSD linear + WSD-con 3e-5,4,1
0.006687305974578527,none,0.006172856875476644,-7.692920004820126,0.023990133594797736,0.0,400,1.0,wsdcon_9.csv,WSD-con 9e-5,cosine_72000.csv|wsd_20000_24000.csv|wsdld_20000_24000.csv|wsdcon_3.csv,Cosine + WSD sharp + WSD linear + WSD-con 3e-5,4,1
0.0025579541942073844,constant_0p85,0.0024128435830391122,-5.672916719810017,0.020391613555578076,0.0,400,0.85,wsdcon_18.csv,WSD-con 18e-5,cosine_72000.csv|wsd_20000_24000.csv|wsdld_20000_24000.csv|wsdcon_3.csv,Cosine + WSD sharp + WSD linear + WSD-con 3e-5,4,1
0.006687305974578527,constant_0p85,0.006217191111374182,-7.029958925035951,0.020391613555578076,0.0,400,0.85,wsdcon_9.csv,WSD-con 9e-5,cosine_72000.csv|wsd_20000_24000.csv|wsdld_20000_24000.csv|wsdcon_3.csv,Cosine + WSD sharp + WSD linear + WSD-con 3e-5,4,1
0.0025579541942073844,train_size_rho0p25,0.002402241141233374,-6.087405838878224,0.022578949265691987,0.25,400,0.9411764705882353,wsdcon_18.csv,WSD-con 18e-5,cosine_72000.csv|wsd_20000_24000.csv|wsdld_20000_24000.csv|wsdcon_3.csv,Cosine + WSD sharp + WSD linear + WSD-con 3e-5,4,1
0.006687305974578527,train_size_rho0p25,0.0061886139181605475,-7.4572938387107435,0.022578949265691987,0.25,400,0.9411764705882353,wsdcon_9.csv,WSD-con 9e-5,cosine_72000.csv|wsd_20000_24000.csv|wsdld_20000_24000.csv|wsdcon_3.csv,Cosine + WSD sharp + WSD linear + WSD-con 3e-5,4,1
0.0025579541942073844,train_size_rho0p35,0.002404757108143153,-5.989047278921333,0.022059892960733553,0.35,400,0.9195402298850576,wsdcon_18.csv,WSD-con 18e-5,cosine_72000.csv|wsd_20000_24000.csv|wsdld_20000_24000.csv|wsdcon_3.csv,Cosine + WSD sharp + WSD linear + WSD-con 3e-5,4,1
0.006687305974578527,train_size_rho0p35,0.0061953486509645755,-7.356584631899665,0.022059892960733553,0.35,400,0.9195402298850576,wsdcon_9.csv,WSD-con 9e-5,cosine_72000.csv|wsd_20000_24000.csv|wsdld_20000_24000.csv|wsdcon_3.csv,Cosine + WSD sharp + WSD linear + WSD-con 3e-5,4,1
0.0025579541942073844,train_size_rho0p5,0.002408321394598664,-5.8497059856494555,0.021324563195375765,0.5,400,0.8888888888888888,wsdcon_18.csv,WSD-con 18e-5,cosine_72000.csv|wsd_20000_24000.csv|wsdld_20000_24000.csv|wsdcon_3.csv,Cosine + WSD sharp + WSD linear + WSD-con 3e-5,4,1
0.006687305974578527,train_size_rho0p5,0.006204889522436947,-7.213913255583993,0.021324563195375765,0.5,400,0.8888888888888888,wsdcon_9.csv,WSD-con 9e-5,cosine_72000.csv|wsd_20000_24000.csv|wsdld_20000_24000.csv|wsdcon_3.csv,Cosine + WSD sharp + WSD linear + WSD-con 3e-5,4,1
0.0025579541942073844,train_size_rho0p75,0.002413761621293947,-5.637027169601749,0.020202217764040197,0.75,400,0.8421052631578947,wsdcon_18.csv,WSD-con 18e-5,cosine_72000.csv|wsd_20000_24000.csv|wsdld_20000_24000.csv|wsdcon_3.csv,Cosine + WSD sharp + WSD linear + WSD-con 3e-5,4,1
0.006687305974578527,train_size_rho0p75,0.006220333581803238,-6.982967349639191,0.020202217764040197,0.75,400,0.8421052631578947,wsdcon_9.csv,WSD-con 9e-5,cosine_72000.csv|wsd_20000_24000.csv|wsdld_20000_24000.csv|wsdcon_3.csv,Cosine + WSD sharp + WSD linear + WSD-con 3e-5,4,1
0.0025579541942073844,train_size_rho1p0,0.0024186578253196788,-5.445616235159689,0.01919210687583819,1.0,400,0.8,wsdcon_18.csv,WSD-con 18e-5,cosine_72000.csv|wsd_20000_24000.csv|wsdld_20000_24000.csv|wsdcon_3.csv,Cosine + WSD sharp + WSD linear + WSD-con 3e-5,4,1
0.006687305974578527,train_size_rho1p0,0.006237093424091646,-6.732345614188173,0.01919210687583819,1.0,400,0.8,wsdcon_9.csv,WSD-con 9e-5,cosine_72000.csv|wsd_20000_24000.csv|wsdld_20000_24000.csv|wsdcon_3.csv,Cosine + WSD sharp + WSD linear + WSD-con 3e-5,4,1
0.0025579541942073844,train_selected_rho,0.0023954008561974,-6.354818173761457,0.023990133594797736,0.0,400,1.0,wsdcon_18.csv,WSD-con 18e-5,cosine_72000.csv|wsd_20000_24000.csv|wsdld_20000_24000.csv|wsdcon_3.csv,Cosine + WSD sharp + WSD linear + WSD-con 3e-5,4,1
0.006687305974578527,train_selected_rho,0.006172856875476644,-7.692920004820126,0.023990133594797736,0.0,400,1.0,wsdcon_9.csv,WSD-con 9e-5,cosine_72000.csv|wsd_20000_24000.csv|wsdld_20000_24000.csv|wsdcon_3.csv,Cosine + WSD sharp + WSD linear + WSD-con 3e-5,4,1
0.002504818961791151,none,0.0022473342347236946,-10.279574332323548,0.012584397651750803,0.0,25,1.0,wsdcon_18.csv,WSD-con 18e-5,cosine_72000.csv|wsd_20000_24000.csv|wsdld_20000_24000.csv|wsdcon_9.csv,Cosine + WSD sharp + WSD linear + WSD-con 9e-5,4,1
0.004487187642230267,none,0.0029046624286975273,-35.267640662920385,0.012584397651750803,0.0,25,1.0,wsdcon_3.csv,WSD-con 3e-5,cosine_72000.csv|wsd_20000_24000.csv|wsdld_20000_24000.csv|wsdcon_9.csv,Cosine + WSD sharp + WSD linear + WSD-con 9e-5,4,1
0.002504818961791151,constant_0p85,0.0022859569437838107,-8.737638182475106,0.010696738003988182,0.0,25,0.85,wsdcon_18.csv,WSD-con 18e-5,cosine_72000.csv|wsd_20000_24000.csv|wsdld_20000_24000.csv|wsdcon_9.csv,Cosine + WSD sharp + WSD linear + WSD-con 9e-5,4,1
0.004487187642230267,constant_0p85,0.0030432213350395365,-32.17976207638681,0.010696738003988182,0.0,25,0.85,wsdcon_3.csv,WSD-con 3e-5,cosine_72000.csv|wsd_20000_24000.csv|wsdld_20000_24000.csv|wsdcon_9.csv,Cosine + WSD sharp + WSD linear + WSD-con 9e-5,4,1
0.002504818961791151,train_size_rho0p25,0.0022624803951394067,-9.674893489246516,0.011844138966353697,0.25,25,0.9411764705882353,wsdcon_18.csv,WSD-con 18e-5,cosine_72000.csv|wsd_20000_24000.csv|wsdld_20000_24000.csv|wsdcon_9.csv,Cosine + WSD sharp + WSD linear + WSD-con 9e-5,4,1
0.004487187642230267,train_size_rho0p25,0.002953904893949114,-34.17023914602923,0.011844138966353697,0.25,25,0.9411764705882353,wsdcon_3.csv,WSD-con 3e-5,cosine_72000.csv|wsd_20000_24000.csv|wsdld_20000_24000.csv|wsdcon_9.csv,Cosine + WSD sharp + WSD linear + WSD-con 9e-5,4,1
0.002504818961791151,train_size_rho0p35,0.002268051396671646,-9.45248214466552,0.011571859909655912,0.35,25,0.9195402298850576,wsdcon_18.csv,WSD-con 18e-5,cosine_72000.csv|wsd_20000_24000.csv|wsdld_20000_24000.csv|wsdcon_9.csv,Cosine + WSD sharp + WSD linear + WSD-con 9e-5,4,1
0.004487187642230267,train_size_rho0p35,0.0029739839176493484,-33.72276457395509,0.011571859909655912,0.35,25,0.9195402298850576,wsdcon_3.csv,WSD-con 3e-5,cosine_72000.csv|wsd_20000_24000.csv|wsdld_20000_24000.csv|wsdcon_9.csv,Cosine + WSD sharp + WSD linear + WSD-con 9e-5,4,1
0.002504818961791151,train_size_rho0p5,0.0022759436488422984,-9.137399406509916,0.011186131246000713,0.5,25,0.8888888888888888,wsdcon_18.csv,WSD-con 18e-5,cosine_72000.csv|wsd_20000_24000.csv|wsdld_20000_24000.csv|wsdcon_9.csv,Cosine + WSD sharp + WSD linear + WSD-con 9e-5,4,1
0.004487187642230267,train_size_rho0p5,0.0030041725632860743,-33.049990265329974,0.011186131246000713,0.5,25,0.8888888888888888,wsdcon_3.csv,WSD-con 3e-5,cosine_72000.csv|wsd_20000_24000.csv|wsdld_20000_24000.csv|wsdcon_9.csv,Cosine + WSD sharp + WSD linear + WSD-con 9e-5,4,1
0.002504818961791151,train_size_rho0p75,0.002287989717944851,-8.656483648273294,0.010597387496211202,0.75,25,0.8421052631578947,wsdcon_18.csv,WSD-con 18e-5,cosine_72000.csv|wsd_20000_24000.csv|wsdld_20000_24000.csv|wsdcon_9.csv,Cosine + WSD sharp + WSD linear + WSD-con 9e-5,4,1
0.004487187642230267,train_size_rho0p75,0.003051717666699398,-31.990415600658885,0.010597387496211202,0.75,25,0.8421052631578947,wsdcon_3.csv,WSD-con 3e-5,cosine_72000.csv|wsd_20000_24000.csv|wsdld_20000_24000.csv|wsdcon_9.csv,Cosine + WSD sharp + WSD linear + WSD-con 9e-5,4,1
0.002504818961791151,train_size_rho1p0,0.0022988311801371785,-8.223659465859134,0.010067518121400644,1.0,25,0.8,wsdcon_18.csv,WSD-con 18e-5,cosine_72000.csv|wsd_20000_24000.csv|wsdld_20000_24000.csv|wsdcon_9.csv,Cosine + WSD sharp + WSD linear + WSD-con 9e-5,4,1
0.004487187642230267,train_size_rho1p0,0.0030970314355519006,-30.980567730112064,0.010067518121400644,1.0,25,0.8,wsdcon_3.csv,WSD-con 3e-5,cosine_72000.csv|wsd_20000_24000.csv|wsdld_20000_24000.csv|wsdcon_9.csv,Cosine + WSD sharp + WSD linear + WSD-con 9e-5,4,1
0.002504818961791151,train_selected_rho,0.0022833267234535362,-8.842644586945703,0.010825288302581336,0.65,25,0.8602150537634408,wsdcon_18.csv,WSD-con 18e-5,cosine_72000.csv|wsd_20000_24000.csv|wsdld_20000_24000.csv|wsdcon_9.csv,Cosine + WSD sharp + WSD linear + WSD-con 9e-5,4,1
0.004487187642230267,train_selected_rho,0.0030324135543655464,-32.420620750810734,0.010825288302581336,0.65,25,0.8602150537634408,wsdcon_3.csv,WSD-con 3e-5,cosine_72000.csv|wsd_20000_24000.csv|wsdld_20000_24000.csv|wsdcon_9.csv,Cosine + WSD sharp + WSD linear + WSD-con 9e-5,4,1
0.0013816404339982303,none,0.0012236389123391638,-11.43579166989469,0.018967798187512135,0.0,100,1.0,wsdcon_18.csv,WSD-con 18e-5,cosine_72000.csv|wsd_20000_24000.csv|wsdld_20000_24000.csv|wsdcon_9.csv,Cosine + WSD sharp + WSD linear + WSD-con 9e-5,4,1
0.0056693997340904675,none,0.004424616395227436,-21.956175208074836,0.018967798187512135,0.0,100,1.0,wsdcon_3.csv,WSD-con 3e-5,cosine_72000.csv|wsd_20000_24000.csv|wsdld_20000_24000.csv|wsdcon_9.csv,Cosine + WSD sharp + WSD linear + WSD-con 9e-5,4,1
0.0013816404339982303,constant_0p85,0.0012214499804948716,-11.594221590620002,0.016122628459385314,0.0,100,0.85,wsdcon_18.csv,WSD-con 18e-5,cosine_72000.csv|wsd_20000_24000.csv|wsdld_20000_24000.csv|wsdcon_9.csv,Cosine + WSD sharp + WSD linear + WSD-con 9e-5,4,1
0.0056693997340904675,constant_0p85,0.0044683837585907885,-21.184182309070433,0.016122628459385314,0.0,100,0.85,wsdcon_3.csv,WSD-con 3e-5,cosine_72000.csv|wsd_20000_24000.csv|wsdld_20000_24000.csv|wsdcon_9.csv,Cosine + WSD sharp + WSD linear + WSD-con 9e-5,4,1
0.0013816404339982303,train_size_rho0p25,0.0012227805076943465,-11.497921050571048,0.017852045352952598,0.25,100,0.9411764705882353,wsdcon_18.csv,WSD-con 18e-5,cosine_72000.csv|wsd_20000_24000.csv|wsdld_20000_24000.csv|wsdcon_9.csv,Cosine + WSD sharp + WSD linear + WSD-con 9e-5,4,1
0.0056693997340904675,train_size_rho0p25,0.0044341888544886165,-21.787330891036806,0.017852045352952598,0.25,100,0.9411764705882353,wsdcon_3.csv,WSD-con 3e-5,cosine_72000.csv|wsd_20000_24000.csv|wsdld_20000_24000.csv|wsdcon_9.csv,Cosine + WSD sharp + WSD linear + WSD-con 9e-5,4,1
0.0013816404339982303,train_size_rho0p35,0.0012224647726525736,-11.520773236567038,0.017441653505758287,0.35,100,0.9195402298850576,wsdcon_18.csv,WSD-con 18e-5,cosine_72000.csv|wsd_20000_24000.csv|wsdld_20000_24000.csv|wsdcon_9.csv,Cosine + WSD sharp + WSD linear + WSD-con 9e-5,4,1
0.0056693997340904675,train_size_rho0p35,0.004441903636105163,-21.651253317071493,0.017441653505758287,0.35,100,0.9195402298850576,wsdcon_3.csv,WSD-con 3e-5,cosine_72000.csv|wsd_20000_24000.csv|wsdld_20000_24000.csv|wsdcon_9.csv,Cosine + WSD sharp + WSD linear + WSD-con 9e-5,4,1
0.0013816404339982303,train_size_rho0p5,0.0012220174813433956,-11.553147166727973,0.016860265055566342,0.5,100,0.8888888888888888,wsdcon_18.csv,WSD-con 18e-5,cosine_72000.csv|wsd_20000_24000.csv|wsdld_20000_24000.csv|wsdcon_9.csv,Cosine + WSD sharp + WSD linear + WSD-con 9e-5,4,1
0.0056693997340904675,train_size_rho0p5,0.004452832910061937,-21.45847675395396,0.016860265055566342,0.5,100,0.8888888888888888,wsdcon_3.csv,WSD-con 3e-5,cosine_72000.csv|wsd_20000_24000.csv|wsdld_20000_24000.csv|wsdcon_9.csv,Cosine + WSD sharp + WSD linear + WSD-con 9e-5,4,1
0.0013816404339982303,train_size_rho0p75,0.0012213347735556986,-11.602560007500262,0.015972882684220743,0.75,100,0.8421052631578947,wsdcon_18.csv,WSD-con 18e-5,cosine_72000.csv|wsd_20000_24000.csv|wsdld_20000_24000.csv|wsdcon_9.csv,Cosine + WSD sharp + WSD linear + WSD-con 9e-5,4,1
0.0056693997340904675,train_size_rho0p75,0.004472346027175578,-21.114293630010383,0.015972882684220743,0.75,100,0.8421052631578947,wsdcon_3.csv,WSD-con 3e-5,cosine_72000.csv|wsd_20000_24000.csv|wsdld_20000_24000.csv|wsdcon_9.csv,Cosine + WSD sharp + WSD linear + WSD-con 9e-5,4,1
0.0013816404339982303,train_size_rho1p0,0.0012207203365467811,-11.647031564194599,0.01517423855000971,1.0,100,0.8,wsdcon_18.csv,WSD-con 18e-5,cosine_72000.csv|wsd_20000_24000.csv|wsdld_20000_24000.csv|wsdcon_9.csv,Cosine + WSD sharp + WSD linear + WSD-con 9e-5,4,1
0.0056693997340904675,train_size_rho1p0,0.004494121967259,-20.730197586253208,0.01517423855000971,1.0,100,0.8,wsdcon_3.csv,WSD-con 3e-5,cosine_72000.csv|wsd_20000_24000.csv|wsdld_20000_24000.csv|wsdcon_9.csv,Cosine + WSD sharp + WSD linear + WSD-con 9e-5,4,1
0.0013816404339982303,train_selected_rho,0.0012215990475380252,-11.583432456234133,0.016316385537644845,0.65,100,0.8602150537634408,wsdcon_18.csv,WSD-con 18e-5,cosine_72000.csv|wsd_20000_24000.csv|wsdld_20000_24000.csv|wsdcon_9.csv,Cosine + WSD sharp + WSD linear + WSD-con 9e-5,4,1
0.0056693997340904675,train_selected_rho,0.004463256952285787,-21.27461174684977,0.016316385537644845,0.65,100,0.8602150537634408,wsdcon_3.csv,WSD-con 3e-5,cosine_72000.csv|wsd_20000_24000.csv|wsdld_20000_24000.csv|wsdcon_9.csv,Cosine + WSD sharp + WSD linear + WSD-con 9e-5,4,1
0.0025579541942073844,none,0.0023826463534719583,-6.853439406085515,0.0328759685240166,0.0,400,1.0,wsdcon_18.csv,WSD-con 18e-5,cosine_72000.csv|wsd_20000_24000.csv|wsdld_20000_24000.csv|wsdcon_9.csv,Cosine + WSD sharp + WSD linear + WSD-con 9e-5,4,1
0.008173606778800102,none,0.005092482630247833,-37.69601636016778,0.0328759685240166,0.0,400,1.0,wsdcon_3.csv,WSD-con 3e-5,cosine_72000.csv|wsd_20000_24000.csv|wsdld_20000_24000.csv|wsdcon_9.csv,Cosine + WSD sharp + WSD linear + WSD-con 9e-5,4,1
0.0025579541942073844,constant_0p85,0.00238287395437502,-6.844541635219359,0.02794457324541411,0.0,400,0.85,wsdcon_18.csv,WSD-con 18e-5,cosine_72000.csv|wsd_20000_24000.csv|wsdld_20000_24000.csv|wsdcon_9.csv,Cosine + WSD sharp + WSD linear + WSD-con 9e-5,4,1
0.008173606778800102,constant_0p85,0.0052920471863170705,-35.254443606914606,0.02794457324541411,0.0,400,0.85,wsdcon_3.csv,WSD-con 3e-5,cosine_72000.csv|wsd_20000_24000.csv|wsdld_20000_24000.csv|wsdcon_9.csv,Cosine + WSD sharp + WSD linear + WSD-con 9e-5,4,1
0.0025579541942073844,train_size_rho0p25,0.002377916470483173,-7.038348228905578,0.03094208802260386,0.25,400,0.9411764705882353,wsdcon_18.csv,WSD-con 18e-5,cosine_72000.csv|wsd_20000_24000.csv|wsdld_20000_24000.csv|wsdcon_9.csv,Cosine + WSD sharp + WSD linear + WSD-con 9e-5,4,1
0.008173606778800102,train_size_rho0p25,0.005151276690393934,-36.97670037473777,0.03094208802260386,0.25,400,0.9411764705882353,wsdcon_3.csv,WSD-con 3e-5,cosine_72000.csv|wsd_20000_24000.csv|wsdld_20000_24000.csv|wsdcon_9.csv,Cosine + WSD sharp + WSD linear + WSD-con 9e-5,4,1
0.0025579541942073844,train_size_rho0p35,0.0023784043427727535,-7.019275475738795,0.03023077565426814,0.35,400,0.9195402298850576,wsdcon_18.csv,WSD-con 18e-5,cosine_72000.csv|wsd_20000_24000.csv|wsdld_20000_24000.csv|wsdcon_9.csv,Cosine + WSD sharp + WSD linear + WSD-con 9e-5,4,1
0.008173606778800102,train_size_rho0p35,0.005180389119390875,-36.620524334162255,0.03023077565426814,0.35,400,0.9195402298850576,wsdcon_3.csv,WSD-con 3e-5,cosine_72000.csv|wsd_20000_24000.csv|wsdld_20000_24000.csv|wsdcon_9.csv,Cosine + WSD sharp + WSD linear + WSD-con 9e-5,4,1
0.0025579541942073844,train_size_rho0p5,0.0023790954951829852,-6.99225574208614,0.029223083132459197,0.5,400,0.8888888888888888,wsdcon_18.csv,WSD-con 18e-5,cosine_72000.csv|wsd_20000_24000.csv|wsdld_20000_24000.csv|wsdcon_9.csv,Cosine + WSD sharp + WSD linear + WSD-con 9e-5,4,1
0.008173606778800102,train_size_rho0p5,0.005224355984280307,-36.082611683366906,0.029223083132459197,0.5,400,0.8888888888888888,wsdcon_3.csv,WSD-con 3e-5,cosine_72000.csv|wsd_20000_24000.csv|wsdld_20000_24000.csv|wsdcon_9.csv,Cosine + WSD sharp + WSD linear + WSD-con 9e-5,4,1
0.0025579541942073844,train_size_rho0p75,0.002383653938280997,-6.814049146036272,0.02768502612548766,0.75,400,0.8421052631578947,wsdcon_18.csv,WSD-con 18e-5,cosine_72000.csv|wsd_20000_24000.csv|wsdld_20000_24000.csv|wsdcon_9.csv,Cosine + WSD sharp + WSD linear + WSD-con 9e-5,4,1
0.008173606778800102,train_size_rho0p75,0.005306147353381122,-35.081935099402074,0.02768502612548766,0.75,400,0.8421052631578947,wsdcon_3.csv,WSD-con 3e-5,cosine_72000.csv|wsd_20000_24000.csv|wsdld_20000_24000.csv|wsdcon_9.csv,Cosine + WSD sharp + WSD linear + WSD-con 9e-5,4,1
0.0025579541942073844,train_size_rho1p0,0.002387813852446341,-6.651422537054607,0.02630077481921328,1.0,400,0.8,wsdcon_18.csv,WSD-con 18e-5,cosine_72000.csv|wsd_20000_24000.csv|wsdld_20000_24000.csv|wsdcon_9.csv,Cosine + WSD sharp + WSD linear + WSD-con 9e-5,4,1
0.008173606778800102,train_size_rho1p0,0.005391208467221057,-34.04125482028029,0.02630077481921328,1.0,400,0.8,wsdcon_3.csv,WSD-con 3e-5,cosine_72000.csv|wsd_20000_24000.csv|wsdld_20000_24000.csv|wsdcon_9.csv,Cosine + WSD sharp + WSD linear + WSD-con 9e-5,4,1
0.0025579541942073844,train_selected_rho,0.002381864727887311,-6.88399607463015,0.028280403031412125,0.65,400,0.8602150537634408,wsdcon_18.csv,WSD-con 18e-5,cosine_72000.csv|wsd_20000_24000.csv|wsdld_20000_24000.csv|wsdcon_9.csv,Cosine + WSD sharp + WSD linear + WSD-con 9e-5,4,1
0.008173606778800102,train_selected_rho,0.00527380288413025,-35.47765353957422,0.028280403031412125,0.65,400,0.8602150537634408,wsdcon_3.csv,WSD-con 3e-5,cosine_72000.csv|wsd_20000_24000.csv|wsdld_20000_24000.csv|wsdcon_9.csv,Cosine + WSD sharp + WSD linear + WSD-con 9e-5,4,1
0.004487187642230267,none,0.0027668131822772596,-38.33970399994081,0.017360368839425315,0.0,25,1.0,wsdcon_3.csv,WSD-con 3e-5,cosine_72000.csv|wsd_20000_24000.csv|wsdld_20000_24000.csv|wsdcon_18.csv,Cosine + WSD sharp + WSD linear + WSD-con 18e-5,4,1
0.002926482771138891,none,0.0021932662991988785,-25.054528909960695,0.017360368839425315,0.0,25,1.0,wsdcon_9.csv,WSD-con 9e-5,cosine_72000.csv|wsd_20000_24000.csv|wsdld_20000_24000.csv|wsdcon_18.csv,Cosine + WSD sharp + WSD linear + WSD-con 18e-5,4,1
0.004487187642230267,constant_0p85,0.002801457178382468,-37.56763920418405,0.014756313513511518,0.0,25,0.85,wsdcon_3.csv,WSD-con 3e-5,cosine_72000.csv|wsd_20000_24000.csv|wsdld_20000_24000.csv|wsdcon_18.csv,Cosine + WSD sharp + WSD linear + WSD-con 18e-5,4,1
0.002926482771138891,constant_0p85,0.002224259784107619,-23.995459462691116,0.014756313513511518,0.0,25,0.85,wsdcon_9.csv,WSD-con 9e-5,cosine_72000.csv|wsd_20000_24000.csv|wsdld_20000_24000.csv|wsdcon_18.csv,Cosine + WSD sharp + WSD linear + WSD-con 18e-5,4,1
0.004487187642230267,train_size_rho0p25,0.002766834577493422,-38.339227193132885,0.016339170672400295,0.25,25,0.9411764705882353,wsdcon_3.csv,WSD-con 3e-5,cosine_72000.csv|wsd_20000_24000.csv|wsdld_20000_24000.csv|wsdcon_18.csv,Cosine + WSD sharp + WSD linear + WSD-con 18e-5,4,1
0.002926482771138891,train_size_rho0p25,0.002196559684354383,-24.941991594245604,0.016339170672400295,0.25,25,0.9411764705882353,wsdcon_9.csv,WSD-con 9e-5,cosine_72000.csv|wsd_20000_24000.csv|wsdld_20000_24000.csv|wsdcon_18.csv,Cosine + WSD sharp + WSD linear + WSD-con 18e-5,4,1
0.004487187642230267,train_size_rho0p35,0.002770407024279249,-38.25961280945511,0.015963557553494545,0.35,25,0.9195402298850576,wsdcon_3.csv,WSD-con 3e-5,cosine_72000.csv|wsd_20000_24000.csv|wsdld_20000_24000.csv|wsdcon_18.csv,Cosine + WSD sharp + WSD linear + WSD-con 18e-5,4,1
0.002926482771138891,train_size_rho0p35,0.002201863510128062,-24.76075609113636,0.015963557553494545,0.35,25,0.9195402298850576,wsdcon_9.csv,WSD-con 9e-5,cosine_72000.csv|wsd_20000_24000.csv|wsdld_20000_24000.csv|wsdcon_18.csv,Cosine + WSD sharp + WSD linear + WSD-con 18e-5,4,1
0.004487187642230267,train_size_rho0p5,0.002780450305307419,-38.03579152474552,0.015431438968378057,0.5,25,0.8888888888888888,wsdcon_3.csv,WSD-con 3e-5,cosine_72000.csv|wsd_20000_24000.csv|wsdld_20000_24000.csv|wsdcon_18.csv,Cosine + WSD sharp + WSD linear + WSD-con 18e-5,4,1
0.002926482771138891,train_size_rho0p5,0.0022112813246473817,-24.438942663352027,0.015431438968378057,0.5,25,0.8888888888888888,wsdcon_9.csv,WSD-con 9e-5,cosine_72000.csv|wsd_20000_24000.csv|wsdld_20000_24000.csv|wsdcon_18.csv,Cosine + WSD sharp + WSD linear + WSD-con 18e-5,4,1
0.004487187642230267,train_size_rho0p75,0.002806596877773342,-37.453097540213875,0.01461925797004237,0.75,25,0.8421052631578947,wsdcon_3.csv,WSD-con 3e-5,cosine_72000.csv|wsd_20000_24000.csv|wsdld_20000_24000.csv|wsdcon_18.csv,Cosine + WSD sharp + WSD linear + WSD-con 18e-5,4,1
0.002926482771138891,train_size_rho0p75,0.0022274021288012404,-23.88808330710217,0.01461925797004237,0.75,25,0.8421052631578947,wsdcon_9.csv,WSD-con 9e-5,cosine_72000.csv|wsd_20000_24000.csv|wsdld_20000_24000.csv|wsdcon_18.csv,Cosine + WSD sharp + WSD linear + WSD-con 18e-5,4,1
0.004487187642230267,train_size_rho1p0,0.002834577120667081,-36.829538974701514,0.013888295071540253,1.0,25,0.8,wsdcon_3.csv,WSD-con 3e-5,cosine_72000.csv|wsd_20000_24000.csv|wsdld_20000_24000.csv|wsdcon_18.csv,Cosine + WSD sharp + WSD linear + WSD-con 18e-5,4,1
0.002926482771138891,train_size_rho1p0,0.0022459375475497225,-23.25471485090351,0.013888295071540253,1.0,25,0.8,wsdcon_9.csv,WSD-con 9e-5,cosine_72000.csv|wsd_20000_24000.csv|wsdld_20000_24000.csv|wsdcon_18.csv,Cosine + WSD sharp + WSD linear + WSD-con 18e-5,4,1
0.004487187642230267,train_selected_rho,0.002780450305307419,-38.03579152474552,0.015431438968378057,0.5,25,0.8888888888888888,wsdcon_3.csv,WSD-con 3e-5,cosine_72000.csv|wsd_20000_24000.csv|wsdld_20000_24000.csv|wsdcon_18.csv,Cosine + WSD sharp + WSD linear + WSD-con 18e-5,4,1
0.002926482771138891,train_selected_rho,0.0022112813246473817,-24.438942663352027,0.015431438968378057,0.5,25,0.8888888888888888,wsdcon_9.csv,WSD-con 9e-5,cosine_72000.csv|wsd_20000_24000.csv|wsdld_20000_24000.csv|wsdcon_18.csv,Cosine + WSD sharp + WSD linear + WSD-con 18e-5,4,1
0.0056693997340904675,none,0.004518037794467219,-20.30835703293303,0.02404555400136255,0.0,100,1.0,wsdcon_3.csv,WSD-con 3e-5,cosine_72000.csv|wsd_20000_24000.csv|wsdld_20000_24000.csv|wsdcon_18.csv,Cosine + WSD sharp + WSD linear + WSD-con 18e-5,4,1
0.004934623402238123,none,0.004810777278120482,-2.5097381101356175,0.02404555400136255,0.0,100,1.0,wsdcon_9.csv,WSD-con 9e-5,cosine_72000.csv|wsd_20000_24000.csv|wsdld_20000_24000.csv|wsdcon_18.csv,Cosine + WSD sharp + WSD linear + WSD-con 18e-5,4,1
0.0056693997340904675,constant_0p85,0.004427724123977027,-21.90135937402976,0.020438720901158166,0.0,100,0.85,wsdcon_3.csv,WSD-con 3e-5,cosine_72000.csv|wsd_20000_24000.csv|wsdld_20000_24000.csv|wsdcon_18.csv,Cosine + WSD sharp + WSD linear + WSD-con 18e-5,4,1
0.004934623402238123,constant_0p85,0.004718204760210279,-4.385717498313769,0.020438720901158166,0.0,100,0.85,wsdcon_9.csv,WSD-con 9e-5,cosine_72000.csv|wsd_20000_24000.csv|wsdld_20000_24000.csv|wsdcon_18.csv,Cosine + WSD sharp + WSD linear + WSD-con 18e-5,4,1
0.0056693997340904675,train_size_rho0p25,0.004465832211540997,-21.229187903480174,0.02263110964834122,0.25,100,0.9411764705882353,wsdcon_3.csv,WSD-con 3e-5,cosine_72000.csv|wsd_20000_24000.csv|wsdld_20000_24000.csv|wsdcon_18.csv,Cosine + WSD sharp + WSD linear + WSD-con 18e-5,4,1
0.004934623402238123,train_size_rho0p25,0.004770834221384005,-3.3191829954000274,0.02263110964834122,0.25,100,0.9411764705882353,wsdcon_9.csv,WSD-con 9e-5,cosine_72000.csv|wsd_20000_24000.csv|wsdld_20000_24000.csv|wsdcon_18.csv,Cosine + WSD sharp + WSD linear + WSD-con 18e-5,4,1
0.0056693997340904675,train_size_rho0p35,0.0044509900135305735,-21.49098277959689,0.022110854254126483,0.35,100,0.9195402298850576,wsdcon_3.csv,WSD-con 3e-5,cosine_72000.csv|wsd_20000_24000.csv|wsdld_20000_24000.csv|wsdcon_18.csv,Cosine + WSD sharp + WSD linear + WSD-con 18e-5,4,1
0.004934623402238123,train_size_rho0p35,0.004756142522354484,-3.616909849750405,0.022110854254126483,0.35,100,0.9195402298850576,wsdcon_9.csv,WSD-con 9e-5,cosine_72000.csv|wsd_20000_24000.csv|wsdld_20000_24000.csv|wsdcon_18.csv,Cosine + WSD sharp + WSD linear + WSD-con 18e-5,4,1
0.0056693997340904675,train_size_rho0p5,0.004438616988953945,-21.709225012583723,0.02137382577898893,0.5,100,0.8888888888888888,wsdcon_3.csv,WSD-con 3e-5,cosine_72000.csv|wsd_20000_24000.csv|wsdld_20000_24000.csv|wsdcon_18.csv,Cosine + WSD sharp + WSD linear + WSD-con 18e-5,4,1
0.004934623402238123,train_size_rho0p5,0.004737035576328716,-4.004111556310253,0.02137382577898893,0.5,100,0.8888888888888888,wsdcon_9.csv,WSD-con 9e-5,cosine_72000.csv|wsd_20000_24000.csv|wsdld_20000_24000.csv|wsdcon_18.csv,Cosine + WSD sharp + WSD linear + WSD-con 18e-5,4,1
0.0056693997340904675,train_size_rho0p75,0.004426578945291797,-21.921558667410746,0.020248887580094778,0.75,100,0.8421052631578947,wsdcon_3.csv,WSD-con 3e-5,cosine_72000.csv|wsd_20000_24000.csv|wsdld_20000_24000.csv|wsdcon_18.csv,Cosine + WSD sharp + WSD linear + WSD-con 18e-5,4,1
0.004934623402238123,train_size_rho0p75,0.004714381962953147,-4.4631863737582105,0.020248887580094778,0.75,100,0.8421052631578947,wsdcon_9.csv,WSD-con 9e-5,cosine_72000.csv|wsd_20000_24000.csv|wsdld_20000_24000.csv|wsdcon_18.csv,Cosine + WSD sharp + WSD linear + WSD-con 18e-5,4,1
0.0056693997340904675,train_size_rho1p0,0.004423927512518835,-21.968326101307124,0.01923644320109004,1.0,100,0.8,wsdcon_3.csv,WSD-con 3e-5,cosine_72000.csv|wsd_20000_24000.csv|wsdld_20000_24000.csv|wsdcon_18.csv,Cosine + WSD sharp + WSD linear + WSD-con 18e-5,4,1
0.004934623402238123,train_size_rho1p0,0.004693993710915157,-4.876353709460934,0.01923644320109004,1.0,100,0.8,wsdcon_9.csv,WSD-con 9e-5,cosine_72000.csv|wsd_20000_24000.csv|wsdld_20000_24000.csv|wsdcon_18.csv,Cosine + WSD sharp + WSD linear + WSD-con 18e-5,4,1
0.0056693997340904675,train_selected_rho,0.004438616988953945,-21.709225012583723,0.02137382577898893,0.5,100,0.8888888888888888,wsdcon_3.csv,WSD-con 3e-5,cosine_72000.csv|wsd_20000_24000.csv|wsdld_20000_24000.csv|wsdcon_18.csv,Cosine + WSD sharp + WSD linear + WSD-con 18e-5,4,1
0.004934623402238123,train_selected_rho,0.004737035576328716,-4.004111556310253,0.02137382577898893,0.5,100,0.8888888888888888,wsdcon_9.csv,WSD-con 9e-5,cosine_72000.csv|wsd_20000_24000.csv|wsdld_20000_24000.csv|wsdcon_18.csv,Cosine + WSD sharp + WSD linear + WSD-con 18e-5,4,1
0.008173606778800102,none,0.005270723297035281,-35.515330750850836,0.04189007019973197,0.0,400,1.0,wsdcon_3.csv,WSD-con 3e-5,cosine_72000.csv|wsd_20000_24000.csv|wsdld_20000_24000.csv|wsdcon_18.csv,Cosine + WSD sharp + WSD linear + WSD-con 18e-5,4,1
0.006687305974578527,none,0.006351718619948135,-5.018274263299927,0.04189007019973197,0.0,400,1.0,wsdcon_9.csv,WSD-con 9e-5,cosine_72000.csv|wsd_20000_24000.csv|wsdld_20000_24000.csv|wsdcon_18.csv,Cosine + WSD sharp + WSD linear + WSD-con 18e-5,4,1
0.008173606778800102,constant_0p85,0.005062952249555257,-38.0573058311657,0.03560655966977217,0.0,400,0.85,wsdcon_3.csv,WSD-con 3e-5,cosine_72000.csv|wsd_20000_24000.csv|wsdld_20000_24000.csv|wsdcon_18.csv,Cosine + WSD sharp + WSD linear + WSD-con 18e-5,4,1
0.006687305974578527,constant_0p85,0.006176991390559025,-7.631093686447709,0.03560655966977217,0.0,400,0.85,wsdcon_9.csv,WSD-con 9e-5,cosine_72000.csv|wsd_20000_24000.csv|wsdld_20000_24000.csv|wsdcon_18.csv,Cosine + WSD sharp + WSD linear + WSD-con 18e-5,4,1
0.008173606778800102,train_size_rho0p25,0.005140338979483325,-37.11051780939805,0.039425948423277145,0.25,400,0.9411764705882353,wsdcon_3.csv,WSD-con 3e-5,cosine_72000.csv|wsd_20000_24000.csv|wsdld_20000_24000.csv|wsdcon_18.csv,Cosine + WSD sharp + WSD linear + WSD-con 18e-5,4,1
0.006687305974578527,train_size_rho0p25,0.006265170238975074,-6.312493210392677,0.039425948423277145,0.25,400,0.9411764705882353,wsdcon_9.csv,WSD-con 9e-5,cosine_72000.csv|wsd_20000_24000.csv|wsdld_20000_24000.csv|wsdcon_18.csv,Cosine + WSD sharp + WSD linear + WSD-con 18e-5,4,1
0.008173606778800102,train_size_rho0p35,0.005108040555710472,-37.505672906125056,0.03851960478136273,0.35,400,0.9195402298850576,wsdcon_3.csv,WSD-con 3e-5,cosine_72000.csv|wsd_20000_24000.csv|wsdld_20000_24000.csv|wsdcon_18.csv,Cosine + WSD sharp + WSD linear + WSD-con 18e-5,4,1
0.006687305974578527,train_size_rho0p35,0.006239575640336818,-6.695227285004379,0.03851960478136273,0.35,400,0.9195402298850576,wsdcon_9.csv,WSD-con 9e-5,cosine_72000.csv|wsd_20000_24000.csv|wsdld_20000_24000.csv|wsdcon_18.csv,Cosine + WSD sharp + WSD linear + WSD-con 18e-5,4,1
0.008173606778800102,train_size_rho0p5,0.005077525819020959,-37.879005481514646,0.0372356179553173,0.5,400,0.8888888888888888,wsdcon_3.csv,WSD-con 3e-5,cosine_72000.csv|wsd_20000_24000.csv|wsdld_20000_24000.csv|wsdcon_18.csv,Cosine + WSD sharp + WSD linear + WSD-con 18e-5,4,1
0.006687305974578527,train_size_rho0p5,0.006209796798539007,-7.140531296978914,0.0372356179553173,0.5,400,0.8888888888888888,wsdcon_9.csv,WSD-con 9e-5,cosine_72000.csv|wsd_20000_24000.csv|wsdld_20000_24000.csv|wsdcon_18.csv,Cosine + WSD sharp + WSD linear + WSD-con 18e-5,4,1
0.008173606778800102,train_size_rho0p75,0.005063800287424571,-38.046930511037566,0.03527584858924797,0.75,400,0.8421052631578947,wsdcon_3.csv,WSD-con 3e-5,cosine_72000.csv|wsd_20000_24000.csv|wsdld_20000_24000.csv|wsdcon_18.csv,Cosine + WSD sharp + WSD linear + WSD-con 18e-5,4,1
0.006687305974578527,train_size_rho0p75,0.006172160217376702,-7.703337624450368,0.03527584858924797,0.75,400,0.8421052631578947,wsdcon_9.csv,WSD-con 9e-5,cosine_72000.csv|wsd_20000_24000.csv|wsdld_20000_24000.csv|wsdcon_18.csv,Cosine + WSD sharp + WSD linear + WSD-con 18e-5,4,1
0.008173606778800102,train_size_rho1p0,0.005080525089588819,-37.84231090286622,0.03351205615978558,1.0,400,0.8,wsdcon_3.csv,WSD-con 3e-5,cosine_72000.csv|wsd_20000_24000.csv|wsdld_20000_24000.csv|wsdcon_18.csv,Cosine + WSD sharp + WSD linear + WSD-con 18e-5,4,1
0.006687305974578527,train_size_rho1p0,0.006149376475805367,-8.044038972017631,0.03351205615978558,1.0,400,0.8,wsdcon_9.csv,WSD-con 9e-5,cosine_72000.csv|wsd_20000_24000.csv|wsdld_20000_24000.csv|wsdcon_18.csv,Cosine + WSD sharp + WSD linear + WSD-con 18e-5,4,1
0.008173606778800102,train_selected_rho,0.005077525819020959,-37.879005481514646,0.0372356179553173,0.5,400,0.8888888888888888,wsdcon_3.csv,WSD-con 3e-5,cosine_72000.csv|wsd_20000_24000.csv|wsdld_20000_24000.csv|wsdcon_18.csv,Cosine + WSD sharp + WSD linear + WSD-con 18e-5,4,1
0.006687305974578527,train_selected_rho,0.006209796798539007,-7.140531296978914,0.0372356179553173,0.5,400,0.8888888888888888,wsdcon_9.csv,WSD-con 9e-5,cosine_72000.csv|wsd_20000_24000.csv|wsdld_20000_24000.csv|wsdcon_18.csv,Cosine + WSD sharp + WSD linear + WSD-con 18e-5,4,1
0.002504818961791151,none,0.002281107564140421,-8.931240183951573,0.010933748262777461,0.0,25,1.0,wsdcon_18.csv,WSD-con 18e-5,cosine_72000.csv|wsd_20000_24000.csv|wsdcon_3.csv|wsdcon_9.csv,Cosine + WSD sharp + WSD-con 3e-5 + WSD-con 9e-5,4,1
0.0031360955249893426,none,0.0028909544623696073,-7.816760065705219,0.010933748262777461,0.0,25,1.0,wsdld_20000_24000.csv,WSD linear,cosine_72000.csv|wsd_20000_24000.csv|wsdcon_3.csv|wsdcon_9.csv,Cosine + WSD sharp + WSD-con 3e-5 + WSD-con 9e-5,4,1
0.002504818961791151,constant_0p85,0.002314664273788036,-7.591554156358605,0.009293686023360842,0.0,25,0.85,wsdcon_18.csv,WSD-con 18e-5,cosine_72000.csv|wsd_20000_24000.csv|wsdcon_3.csv|wsdcon_9.csv,Cosine + WSD sharp + WSD-con 3e-5 + WSD-con 9e-5,4,1
0.0031360955249893426,constant_0p85,0.0029277256217625676,-6.644246055849434,0.009293686023360842,0.0,25,0.85,wsdld_20000_24000.csv,WSD linear,cosine_72000.csv|wsd_20000_24000.csv|wsdcon_3.csv|wsdcon_9.csv,Cosine + WSD sharp + WSD-con 3e-5 + WSD-con 9e-5,4,1
0.002504818961791151,train_size_rho0p25,0.002294267058119889,-8.405873114306829,0.01029058660026114,0.25,25,0.9411764705882353,wsdcon_18.csv,WSD-con 18e-5,cosine_72000.csv|wsd_20000_24000.csv|wsdcon_3.csv|wsdcon_9.csv,Cosine + WSD sharp + WSD-con 3e-5 + WSD-con 9e-5,4,1
0.0031360955249893426,train_size_rho0p25,0.002905374524876652,-7.3569506500754445,0.01029058660026114,0.25,25,0.9411764705882353,wsdld_20000_24000.csv,WSD linear,cosine_72000.csv|wsd_20000_24000.csv|wsdcon_3.csv|wsdcon_9.csv,Cosine + WSD sharp + WSD-con 3e-5 + WSD-con 9e-5,4,1
0.002504818961791151,train_size_rho0p35,0.0022991073317674944,-8.212634651909367,0.010054021391059736,0.35,25,0.9195402298850576,wsdcon_18.csv,WSD-con 18e-5,cosine_72000.csv|wsd_20000_24000.csv|wsdcon_3.csv|wsdcon_9.csv,Cosine + WSD sharp + WSD-con 3e-5 + WSD-con 9e-5,4,1
0.0031360955249893426,train_size_rho0p35,0.002910678455913721,-7.187825347775001,0.010054021391059736,0.35,25,0.9195402298850576,wsdld_20000_24000.csv,WSD linear,cosine_72000.csv|wsd_20000_24000.csv|wsdcon_3.csv|wsdcon_9.csv,Cosine + WSD sharp + WSD-con 3e-5 + WSD-con 9e-5,4,1
0.002504818961791151,train_size_rho0p5,0.0023059643861016326,-7.93888016351173,0.009718887344691077,0.5,25,0.8888888888888888,wsdcon_18.csv,WSD-con 18e-5,cosine_72000.csv|wsd_20000_24000.csv|wsdcon_3.csv|wsdcon_9.csv,Cosine + WSD sharp + WSD-con 3e-5 + WSD-con 9e-5,4,1
0.0031360955249893426,train_size_rho0p5,0.0029181923582162466,-6.948231169515684,0.009718887344691077,0.5,25,0.8888888888888888,wsdld_20000_24000.csv,WSD linear,cosine_72000.csv|wsd_20000_24000.csv|wsdcon_3.csv|wsdcon_9.csv,Cosine + WSD sharp + WSD-con 3e-5 + WSD-con 9e-5,4,1
0.002504818961791151,train_size_rho0p75,0.002316430416401064,-7.5210443654328385,0.009207366958128387,0.75,25,0.8421052631578947,wsdcon_18.csv,WSD-con 18e-5,cosine_72000.csv|wsd_20000_24000.csv|wsdcon_3.csv|wsdcon_9.csv,Cosine + WSD sharp + WSD-con 3e-5 + WSD-con 9e-5,4,1
0.0031360955249893426,train_size_rho0p75,0.0029296609459411554,-6.582534792172467,0.009207366958128387,0.75,25,0.8421052631578947,wsdld_20000_24000.csv,WSD linear,cosine_72000.csv|wsd_20000_24000.csv|wsdcon_3.csv|wsdcon_9.csv,Cosine + WSD sharp + WSD-con 3e-5 + WSD-con 9e-5,4,1
0.002504818961791151,train_size_rho1p0,0.0023258498436705744,-7.144992147160956,0.008746998610221969,1.0,25,0.8,wsdcon_18.csv,WSD-con 18e-5,cosine_72000.csv|wsd_20000_24000.csv|wsdcon_3.csv|wsdcon_9.csv,Cosine + WSD sharp + WSD-con 3e-5 + WSD-con 9e-5,4,1
0.0031360955249893426,train_size_rho1p0,0.0029399826748935554,-6.253408052564136,0.008746998610221969,1.0,25,0.8,wsdld_20000_24000.csv,WSD linear,cosine_72000.csv|wsd_20000_24000.csv|wsdcon_3.csv|wsdcon_9.csv,Cosine + WSD sharp + WSD-con 3e-5 + WSD-con 9e-5,4,1
0.002504818961791151,train_selected_rho,0.002281107564140421,-8.931240183951573,0.010933748262777461,0.0,25,1.0,wsdcon_18.csv,WSD-con 18e-5,cosine_72000.csv|wsd_20000_24000.csv|wsdcon_3.csv|wsdcon_9.csv,Cosine + WSD sharp + WSD-con 3e-5 + WSD-con 9e-5,4,1
0.0031360955249893426,train_selected_rho,0.0028909544623696073,-7.816760065705219,0.010933748262777461,0.0,25,1.0,wsdld_20000_24000.csv,WSD linear,cosine_72000.csv|wsd_20000_24000.csv|wsdcon_3.csv|wsdcon_9.csv,Cosine + WSD sharp + WSD-con 3e-5 + WSD-con 9e-5,4,1
0.0013816404339982303,none,0.0012213940252788554,-11.598271502206202,0.01604989796888015,0.0,100,1.0,wsdcon_18.csv,WSD-con 18e-5,cosine_72000.csv|wsd_20000_24000.csv|wsdcon_3.csv|wsdcon_9.csv,Cosine + WSD sharp + WSD-con 3e-5 + WSD-con 9e-5,4,1
0.003248313740665229,none,0.0028905699696208866,-11.013214843313722,0.01604989796888015,0.0,100,1.0,wsdld_20000_24000.csv,WSD linear,cosine_72000.csv|wsd_20000_24000.csv|wsdcon_3.csv|wsdcon_9.csv,Cosine + WSD sharp + WSD-con 3e-5 + WSD-con 9e-5,4,1
0.0013816404339982303,constant_0p85,0.00122149797154816,-11.590748107063241,0.013642413273548128,0.0,100,0.85,wsdcon_18.csv,WSD-con 18e-5,cosine_72000.csv|wsd_20000_24000.csv|wsdcon_3.csv|wsdcon_9.csv,Cosine + WSD sharp + WSD-con 3e-5 + WSD-con 9e-5,4,1
0.003248313740665229,constant_0p85,0.0029442315352775335,-9.361232616816807,0.013642413273548128,0.0,100,0.85,wsdld_20000_24000.csv,WSD linear,cosine_72000.csv|wsd_20000_24000.csv|wsdcon_3.csv|wsdcon_9.csv,Cosine + WSD sharp + WSD-con 3e-5 + WSD-con 9e-5,4,1
0.0013816404339982303,train_size_rho0p25,0.0012206676728140505,-11.650843245688192,0.015105786323651905,0.25,100,0.9411764705882353,wsdcon_18.csv,WSD-con 18e-5,cosine_72000.csv|wsd_20000_24000.csv|wsdcon_3.csv|wsdcon_9.csv,Cosine + WSD sharp + WSD-con 3e-5 + WSD-con 9e-5,4,1
0.003248313740665229,train_size_rho0p25,0.002911613720858787,-10.365378676060033,0.015105786323651905,0.25,100,0.9411764705882353,wsdld_20000_24000.csv,WSD linear,cosine_72000.csv|wsd_20000_24000.csv|wsdcon_3.csv|wsdcon_9.csv,Cosine + WSD sharp + WSD-con 3e-5 + WSD-con 9e-5,4,1
0.0013816404339982303,train_size_rho0p35,0.001220400508689087,-11.670179978921347,0.014758526867935771,0.35,100,0.9195402298850576,wsdcon_18.csv,WSD-con 18e-5,cosine_72000.csv|wsd_20000_24000.csv|wsdcon_3.csv|wsdcon_9.csv,Cosine + WSD sharp + WSD-con 3e-5 + WSD-con 9e-5,4,1
0.003248313740665229,train_size_rho0p35,0.0029193539511991576,-10.127094108794521,0.014758526867935771,0.35,100,0.9195402298850576,wsdld_20000_24000.csv,WSD linear,cosine_72000.csv|wsd_20000_24000.csv|wsdcon_3.csv|wsdcon_9.csv,Cosine + WSD sharp + WSD-con 3e-5 + WSD-con 9e-5,4,1
0.0013816404339982303,train_size_rho0p5,0.0012208284498517034,-11.639206568467642,0.01426657597233791,0.5,100,0.8888888888888888,wsdcon_18.csv,WSD-con 18e-5,cosine_72000.csv|wsd_20000_24000.csv|wsdcon_3.csv|wsdcon_9.csv,Cosine + WSD sharp + WSD-con 3e-5 + WSD-con 9e-5,4,1
0.003248313740665229,train_size_rho0p5,0.002930319277514696,-9.789524305167951,0.01426657597233791,0.5,100,0.8888888888888888,wsdld_20000_24000.csv,WSD linear,cosine_72000.csv|wsd_20000_24000.csv|wsdcon_3.csv|wsdcon_9.csv,Cosine + WSD sharp + WSD-con 3e-5 + WSD-con 9e-5,4,1
0.0013816404339982303,train_size_rho0p75,0.001221633889486524,-11.580910675049871,0.013515703552741178,0.75,100,0.8421052631578947,wsdcon_18.csv,WSD-con 18e-5,cosine_72000.csv|wsd_20000_24000.csv|wsdcon_3.csv|wsdcon_9.csv,Cosine + WSD sharp + WSD-con 3e-5 + WSD-con 9e-5,4,1
0.003248313740665229,train_size_rho0p75,0.002947055828206822,-9.27428618384354,0.013515703552741178,0.75,100,0.8421052631578947,wsdld_20000_24000.csv,WSD linear,cosine_72000.csv|wsd_20000_24000.csv|wsdcon_3.csv|wsdcon_9.csv,Cosine + WSD sharp + WSD-con 3e-5 + WSD-con 9e-5,4,1
0.0013816404339982303,train_size_rho1p0,0.0012237784970824711,-11.425688842858616,0.01283991837510412,1.0,100,0.8,wsdcon_18.csv,WSD-con 18e-5,cosine_72000.csv|wsd_20000_24000.csv|wsdcon_3.csv|wsdcon_9.csv,Cosine + WSD sharp + WSD-con 3e-5 + WSD-con 9e-5,4,1
0.003248313740665229,train_size_rho1p0,0.002962118723829747,-8.810571874651218,0.01283991837510412,1.0,100,0.8,wsdld_20000_24000.csv,WSD linear,cosine_72000.csv|wsd_20000_24000.csv|wsdcon_3.csv|wsdcon_9.csv,Cosine + WSD sharp + WSD-con 3e-5 + WSD-con 9e-5,4,1
0.0013816404339982303,train_selected_rho,0.0012213940252788554,-11.598271502206202,0.01604989796888015,0.0,100,1.0,wsdcon_18.csv,WSD-con 18e-5,cosine_72000.csv|wsd_20000_24000.csv|wsdcon_3.csv|wsdcon_9.csv,Cosine + WSD sharp + WSD-con 3e-5 + WSD-con 9e-5,4,1
0.003248313740665229,train_selected_rho,0.0028905699696208866,-11.013214843313722,0.01604989796888015,0.0,100,1.0,wsdld_20000_24000.csv,WSD linear,cosine_72000.csv|wsd_20000_24000.csv|wsdcon_3.csv|wsdcon_9.csv,Cosine + WSD sharp + WSD-con 3e-5 + WSD-con 9e-5,4,1
0.0025579541942073844,none,0.0023898573227930744,-6.571535635586201,0.02562079047714301,0.0,400,1.0,wsdcon_18.csv,WSD-con 18e-5,cosine_72000.csv|wsd_20000_24000.csv|wsdcon_3.csv|wsdcon_9.csv,Cosine + WSD sharp + WSD-con 3e-5 + WSD-con 9e-5,4,1
0.0038535563963712593,none,0.003278533895317413,-14.921865464206574,0.02562079047714301,0.0,400,1.0,wsdld_20000_24000.csv,WSD linear,cosine_72000.csv|wsd_20000_24000.csv|wsdcon_3.csv|wsdcon_9.csv,Cosine + WSD sharp + WSD-con 3e-5 + WSD-con 9e-5,4,1
0.0025579541942073844,constant_0p85,0.0024061250885130114,-5.935567807984898,0.021777671905571557,0.0,400,0.85,wsdcon_18.csv,WSD-con 18e-5,cosine_72000.csv|wsd_20000_24000.csv|wsdcon_3.csv|wsdcon_9.csv,Cosine + WSD sharp + WSD-con 3e-5 + WSD-con 9e-5,4,1
0.0038535563963712593,constant_0p85,0.003364787270475473,-12.683585644576034,0.021777671905571557,0.0,400,0.85,wsdld_20000_24000.csv,WSD linear,cosine_72000.csv|wsd_20000_24000.csv|wsdcon_3.csv|wsdcon_9.csv,Cosine + WSD sharp + WSD-con 3e-5 + WSD-con 9e-5,4,1
0.0025579541942073844,train_size_rho0p25,0.0023948019777442434,-6.37823057319038,0.024113685154958125,0.25,400,0.9411764705882353,wsdcon_18.csv,WSD-con 18e-5,cosine_72000.csv|wsd_20000_24000.csv|wsdcon_3.csv|wsdcon_9.csv,Cosine + WSD sharp + WSD-con 3e-5 + WSD-con 9e-5,4,1
0.0038535563963712593,train_size_rho0p25,0.0033123587483205744,-14.044108672194577,0.024113685154958125,0.25,400,0.9411764705882353,wsdld_20000_24000.csv,WSD linear,cosine_72000.csv|wsd_20000_24000.csv|wsdcon_3.csv|wsdcon_9.csv,Cosine + WSD sharp + WSD-con 3e-5 + WSD-con 9e-5,4,1
0.0025579541942073844,train_size_rho0p35,0.002397488959906628,-6.27318638715807,0.023559347565188977,0.35,400,0.9195402298850576,wsdcon_18.csv,WSD-con 18e-5,cosine_72000.csv|wsd_20000_24000.csv|wsdcon_3.csv|wsdcon_9.csv,Cosine + WSD sharp + WSD-con 3e-5 + WSD-con 9e-5,4,1
0.0038535563963712593,train_size_rho0p35,0.003324800073563116,-13.721255599270643,0.023559347565188977,0.35,400,0.9195402298850576,wsdld_20000_24000.csv,WSD linear,cosine_72000.csv|wsd_20000_24000.csv|wsdcon_3.csv|wsdcon_9.csv,Cosine + WSD sharp + WSD-con 3e-5 + WSD-con 9e-5,4,1
0.0025579541942073844,train_size_rho0p5,0.0024012955179700435,-6.1243737902774935,0.022774035979682673,0.5,400,0.8888888888888888,wsdcon_18.csv,WSD-con 18e-5,cosine_72000.csv|wsd_20000_24000.csv|wsdcon_3.csv|wsdcon_9.csv,Cosine + WSD sharp + WSD-con 3e-5 + WSD-con 9e-5,4,1
0.0038535563963712593,train_size_rho0p5,0.003342425284323394,-13.263880412628115,0.022774035979682673,0.5,400,0.8888888888888888,wsdld_20000_24000.csv,WSD linear,cosine_72000.csv|wsd_20000_24000.csv|wsdcon_3.csv|wsdcon_9.csv,Cosine + WSD sharp + WSD-con 3e-5 + WSD-con 9e-5,4,1
0.0025579541942073844,train_size_rho0p75,0.0024071055276457787,-5.897238773986258,0.021575402507067798,0.75,400,0.8421052631578947,wsdcon_18.csv,WSD-con 18e-5,cosine_72000.csv|wsd_20000_24000.csv|wsdcon_3.csv|wsdcon_9.csv,Cosine + WSD sharp + WSD-con 3e-5 + WSD-con 9e-5,4,1
0.0038535563963712593,train_size_rho0p75,0.0033693269217996,-12.565781443542356,0.021575402507067798,0.75,400,0.8421052631578947,wsdld_20000_24000.csv,WSD linear,cosine_72000.csv|wsd_20000_24000.csv|wsdcon_3.csv|wsdcon_9.csv,Cosine + WSD sharp + WSD-con 3e-5 + WSD-con 9e-5,4,1
0.0025579541942073844,train_size_rho1p0,0.002412334536353921,-5.692817259324912,0.02049663238171441,1.0,400,0.8,wsdcon_18.csv,WSD-con 18e-5,cosine_72000.csv|wsd_20000_24000.csv|wsdcon_3.csv|wsdcon_9.csv,Cosine + WSD sharp + WSD-con 3e-5 + WSD-con 9e-5,4,1
0.0038535563963712593,train_size_rho1p0,0.0033935383955281707,-11.937492371365554,0.02049663238171441,1.0,400,0.8,wsdld_20000_24000.csv,WSD linear,cosine_72000.csv|wsd_20000_24000.csv|wsdcon_3.csv|wsdcon_9.csv,Cosine + WSD sharp + WSD-con 3e-5 + WSD-con 9e-5,4,1
0.0025579541942073844,train_selected_rho,0.0023898573227930744,-6.571535635586201,0.02562079047714301,0.0,400,1.0,wsdcon_18.csv,WSD-con 18e-5,cosine_72000.csv|wsd_20000_24000.csv|wsdcon_3.csv|wsdcon_9.csv,Cosine + WSD sharp + WSD-con 3e-5 + WSD-con 9e-5,4,1
0.0038535563963712593,train_selected_rho,0.003278533895317413,-14.921865464206574,0.02562079047714301,0.0,400,1.0,wsdld_20000_24000.csv,WSD linear,cosine_72000.csv|wsd_20000_24000.csv|wsdcon_3.csv|wsdcon_9.csv,Cosine + WSD sharp + WSD-con 3e-5 + WSD-con 9e-5,4,1
0.002926482771138891,none,0.002343010782600315,-19.937653291275247,0.011348396165667287,0.0,25,1.0,wsdcon_9.csv,WSD-con 9e-5,cosine_72000.csv|wsd_20000_24000.csv|wsdcon_3.csv|wsdcon_18.csv,Cosine + WSD sharp + WSD-con 3e-5 + WSD-con 18e-5,4,1
0.0031360955249893426,none,0.0028816578126677384,-8.113200324867941,0.011348396165667287,0.0,25,1.0,wsdld_20000_24000.csv,WSD linear,cosine_72000.csv|wsd_20000_24000.csv|wsdcon_3.csv|wsdcon_18.csv,Cosine + WSD sharp + WSD-con 3e-5 + WSD-con 18e-5,4,1
0.002926482771138891,constant_0p85,0.0024224430023209943,-17.223397786201243,0.009646136740817194,0.0,25,0.85,wsdcon_9.csv,WSD-con 9e-5,cosine_72000.csv|wsd_20000_24000.csv|wsdcon_3.csv|wsdcon_18.csv,Cosine + WSD sharp + WSD-con 3e-5 + WSD-con 18e-5,4,1
0.0031360955249893426,constant_0p85,0.002919823469515989,-6.8962202761374325,0.009646136740817194,0.0,25,0.85,wsdld_20000_24000.csv,WSD linear,cosine_72000.csv|wsd_20000_24000.csv|wsdcon_3.csv|wsdcon_18.csv,Cosine + WSD sharp + WSD-con 3e-5 + WSD-con 18e-5,4,1
0.002926482771138891,train_size_rho0p25,0.0023732994026343956,-18.90266957864968,0.0106808434500398,0.25,25,0.9411764705882353,wsdcon_9.csv,WSD-con 9e-5,cosine_72000.csv|wsd_20000_24000.csv|wsdcon_3.csv|wsdcon_18.csv,Cosine + WSD sharp + WSD-con 3e-5 + WSD-con 18e-5,4,1
0.0031360955249893426,train_size_rho0p25,0.0028966247369219536,-7.635953246934424,0.0106808434500398,0.25,25,0.9411764705882353,wsdld_20000_24000.csv,WSD linear,cosine_72000.csv|wsd_20000_24000.csv|wsdcon_3.csv|wsdcon_18.csv,Cosine + WSD sharp + WSD-con 3e-5 + WSD-con 18e-5,4,1
0.002926482771138891,train_size_rho0p35,0.0023844400444859586,-18.521985914237483,0.010435306819004403,0.35,25,0.9195402298850576,wsdcon_9.csv,WSD-con 9e-5,cosine_72000.csv|wsd_20000_24000.csv|wsdcon_3.csv|wsdcon_18.csv,Cosine + WSD sharp + WSD-con 3e-5 + WSD-con 18e-5,4,1
0.0031360955249893426,train_size_rho0p35,0.002902129812509708,-7.460414091832535,0.010435306819004403,0.35,25,0.9195402298850576,wsdld_20000_24000.csv,WSD linear,cosine_72000.csv|wsd_20000_24000.csv|wsdcon_3.csv|wsdcon_18.csv,Cosine + WSD sharp + WSD-con 3e-5 + WSD-con 18e-5,4,1
0.002926482771138891,train_size_rho0p5,0.0024008385670884814,-17.961636720856077,0.010087463258370922,0.5,25,0.8888888888888888,wsdcon_9.csv,WSD-con 9e-5,cosine_72000.csv|wsd_20000_24000.csv|wsdcon_3.csv|wsdcon_18.csv,Cosine + WSD sharp + WSD-con 3e-5 + WSD-con 18e-5,4,1
0.0031360955249893426,train_size_rho0p5,0.002909928669592364,-7.211733622104733,0.010087463258370922,0.5,25,0.8888888888888888,wsdld_20000_24000.csv,WSD linear,cosine_72000.csv|wsd_20000_24000.csv|wsdcon_3.csv|wsdcon_18.csv,Cosine + WSD sharp + WSD-con 3e-5 + WSD-con 18e-5,4,1
0.002926482771138891,train_size_rho0p75,0.0024270057693980625,-17.067484786402765,0.009556544139509295,0.75,25,0.8421052631578947,wsdcon_9.csv,WSD-con 9e-5,cosine_72000.csv|wsd_20000_24000.csv|wsdcon_3.csv|wsdcon_18.csv,Cosine + WSD sharp + WSD-con 3e-5 + WSD-con 18e-5,4,1
0.0031360955249893426,train_size_rho0p75,0.002921832188297471,-6.832168694625452,0.009556544139509295,0.75,25,0.8421052631578947,wsdld_20000_24000.csv,WSD linear,cosine_72000.csv|wsd_20000_24000.csv|wsdcon_3.csv|wsdcon_18.csv,Cosine + WSD sharp + WSD-con 3e-5 + WSD-con 18e-5,4,1
0.002926482771138891,train_size_rho1p0,0.002451340527142509,-16.23594878747473,0.00907871693253383,1.0,25,0.8,wsdcon_9.csv,WSD-con 9e-5,cosine_72000.csv|wsd_20000_24000.csv|wsdcon_3.csv|wsdcon_18.csv,Cosine + WSD sharp + WSD-con 3e-5 + WSD-con 18e-5,4,1
0.0031360955249893426,train_size_rho1p0,0.0029325453551320626,-6.49056025989424,0.00907871693253383,1.0,25,0.8,wsdld_20000_24000.csv,WSD linear,cosine_72000.csv|wsd_20000_24000.csv|wsdcon_3.csv|wsdcon_18.csv,Cosine + WSD sharp + WSD-con 3e-5 + WSD-con 18e-5,4,1
0.002926482771138891,train_selected_rho,0.002343010782600315,-19.937653291275247,0.011348396165667287,0.0,25,1.0,wsdcon_9.csv,WSD-con 9e-5,cosine_72000.csv|wsd_20000_24000.csv|wsdcon_3.csv|wsdcon_18.csv,Cosine + WSD sharp + WSD-con 3e-5 + WSD-con 18e-5,4,1
0.0031360955249893426,train_selected_rho,0.0028816578126677384,-8.113200324867941,0.011348396165667287,0.0,25,1.0,wsdld_20000_24000.csv,WSD linear,cosine_72000.csv|wsd_20000_24000.csv|wsdcon_3.csv|wsdcon_18.csv,Cosine + WSD sharp + WSD-con 3e-5 + WSD-con 18e-5,4,1
0.004934623402238123,none,0.004661445169649936,-5.535948953354497,0.01616301504423304,0.0,100,1.0,wsdcon_9.csv,WSD-con 9e-5,cosine_72000.csv|wsd_20000_24000.csv|wsdcon_3.csv|wsdcon_18.csv,Cosine + WSD sharp + WSD-con 3e-5 + WSD-con 18e-5,4,1
0.003248313740665229,none,0.002888048649598493,-11.090834193650167,0.01616301504423304,0.0,100,1.0,wsdld_20000_24000.csv,WSD linear,cosine_72000.csv|wsd_20000_24000.csv|wsdcon_3.csv|wsdcon_18.csv,Cosine + WSD sharp + WSD-con 3e-5 + WSD-con 18e-5,4,1
0.004934623402238123,constant_0p85,0.004656335788523657,-5.639490413559156,0.013738562787598083,0.0,100,0.85,wsdcon_9.csv,WSD-con 9e-5,cosine_72000.csv|wsd_20000_24000.csv|wsdcon_3.csv|wsdcon_18.csv,Cosine + WSD sharp + WSD-con 3e-5 + WSD-con 18e-5,4,1
0.003248313740665229,constant_0p85,0.0029420884132584976,-9.427209064602815,0.013738562787598083,0.0,100,0.85,wsdld_20000_24000.csv,WSD linear,cosine_72000.csv|wsd_20000_24000.csv|wsdcon_3.csv|wsdcon_18.csv,Cosine + WSD sharp + WSD-con 3e-5 + WSD-con 18e-5,4,1
0.004934623402238123,train_size_rho0p25,0.0046574389283694515,-5.617135316607003,0.015212249453395802,0.25,100,0.9411764705882353,wsdcon_9.csv,WSD-con 9e-5,cosine_72000.csv|wsd_20000_24000.csv|wsdcon_3.csv|wsdcon_18.csv,Cosine + WSD sharp + WSD-con 3e-5 + WSD-con 18e-5,4,1
0.003248313740665229,train_size_rho0p25,0.0029092407137788897,-10.43843218225896,0.015212249453395802,0.25,100,0.9411764705882353,wsdld_20000_24000.csv,WSD linear,cosine_72000.csv|wsd_20000_24000.csv|wsdcon_3.csv|wsdcon_18.csv,Cosine + WSD sharp + WSD-con 3e-5 + WSD-con 18e-5,4,1
0.004934623402238123,train_size_rho0p35,0.004657177152506883,-5.6224401968628985,0.014862542569409694,0.35,100,0.9195402298850576,wsdcon_9.csv,WSD-con 9e-5,cosine_72000.csv|wsd_20000_24000.csv|wsdcon_3.csv|wsdcon_18.csv,Cosine + WSD sharp + WSD-con 3e-5 + WSD-con 18e-5,4,1
0.003248313740665229,train_size_rho0p35,0.002917035496006164,-10.198468224046042,0.014862542569409694,0.35,100,0.9195402298850576,wsdld_20000_24000.csv,WSD linear,cosine_72000.csv|wsd_20000_24000.csv|wsdcon_3.csv|wsdcon_18.csv,Cosine + WSD sharp + WSD-con 3e-5 + WSD-con 18e-5,4,1
0.004934623402238123,train_size_rho0p5,0.004656806303368276,-5.629955443891454,0.014367124483762702,0.5,100,0.8888888888888888,wsdcon_9.csv,WSD-con 9e-5,cosine_72000.csv|wsd_20000_24000.csv|wsdcon_3.csv|wsdcon_18.csv,Cosine + WSD sharp + WSD-con 3e-5 + WSD-con 18e-5,4,1
0.003248313740665229,train_size_rho0p5,0.002928078104161466,-9.858519283244515,0.014367124483762702,0.5,100,0.8888888888888888,wsdld_20000_24000.csv,WSD linear,cosine_72000.csv|wsd_20000_24000.csv|wsdcon_3.csv|wsdcon_18.csv,Cosine + WSD sharp + WSD-con 3e-5 + WSD-con 18e-5,4,1
0.004934623402238123,train_size_rho0p75,0.004656480178628549,-5.636564352275009,0.013610960037248876,0.75,100,0.8421052631578947,wsdcon_9.csv,WSD-con 9e-5,cosine_72000.csv|wsd_20000_24000.csv|wsdcon_3.csv|wsdcon_18.csv,Cosine + WSD sharp + WSD-con 3e-5 + WSD-con 18e-5,4,1
0.003248313740665229,train_size_rho0p75,0.0029449326113458723,-9.339649847284349,0.013610960037248876,0.75,100,0.8421052631578947,wsdld_20000_24000.csv,WSD linear,cosine_72000.csv|wsd_20000_24000.csv|wsdcon_3.csv|wsdcon_18.csv,Cosine + WSD sharp + WSD-con 3e-5 + WSD-con 18e-5,4,1
0.004934623402238123,train_size_rho1p0,0.004659448628327983,-5.576408805286615,0.012930412035386432,1.0,100,0.8,wsdcon_9.csv,WSD-con 9e-5,cosine_72000.csv|wsd_20000_24000.csv|wsdcon_3.csv|wsdcon_18.csv,Cosine + WSD sharp + WSD-con 3e-5 + WSD-con 18e-5,4,1
0.003248313740665229,train_size_rho1p0,0.002960101667811843,-8.87266735492005,0.012930412035386432,1.0,100,0.8,wsdld_20000_24000.csv,WSD linear,cosine_72000.csv|wsd_20000_24000.csv|wsdcon_3.csv|wsdcon_18.csv,Cosine + WSD sharp + WSD-con 3e-5 + WSD-con 18e-5,4,1
0.004934623402238123,train_selected_rho,0.004661445169649936,-5.535948953354497,0.01616301504423304,0.0,100,1.0,wsdcon_9.csv,WSD-con 9e-5,cosine_72000.csv|wsd_20000_24000.csv|wsdcon_3.csv|wsdcon_18.csv,Cosine + WSD sharp + WSD-con 3e-5 + WSD-con 18e-5,4,1
0.003248313740665229,train_selected_rho,0.002888048649598493,-11.090834193650167,0.01616301504423304,0.0,100,1.0,wsdld_20000_24000.csv,WSD linear,cosine_72000.csv|wsd_20000_24000.csv|wsdcon_3.csv|wsdcon_18.csv,Cosine + WSD sharp + WSD-con 3e-5 + WSD-con 18e-5,4,1
0.006687305974578527,none,0.006160493366236493,-7.877800273304192,0.025376769888076654,0.0,400,1.0,wsdcon_9.csv,WSD-con 9e-5,cosine_72000.csv|wsd_20000_24000.csv|wsdcon_3.csv|wsdcon_18.csv,Cosine + WSD sharp + WSD-con 3e-5 + WSD-con 18e-5,4,1
0.0038535563963712593,none,0.003284010593218623,-14.779744853064948,0.025376769888076654,0.0,400,1.0,wsdld_20000_24000.csv,WSD linear,cosine_72000.csv|wsd_20000_24000.csv|wsdcon_3.csv|wsdcon_18.csv,Cosine + WSD sharp + WSD-con 3e-5 + WSD-con 18e-5,4,1
0.006687305974578527,constant_0p85,0.006201701689763699,-7.261583164593189,0.021570254404865156,0.0,400,0.85,wsdcon_9.csv,WSD-con 9e-5,cosine_72000.csv|wsd_20000_24000.csv|wsdcon_3.csv|wsdcon_18.csv,Cosine + WSD sharp + WSD-con 3e-5 + WSD-con 18e-5,4,1
0.0038535563963712593,constant_0p85,0.0033694424636915216,-12.562783125105126,0.021570254404865156,0.0,400,0.85,wsdld_20000_24000.csv,WSD linear,cosine_72000.csv|wsd_20000_24000.csv|wsdcon_3.csv|wsdcon_18.csv,Cosine + WSD sharp + WSD-con 3e-5 + WSD-con 18e-5,4,1
0.006687305974578527,train_size_rho0p25,0.006173803015617211,-7.678771704381004,0.023884018718189792,0.25,400,0.9411764705882353,wsdcon_9.csv,WSD-con 9e-5,cosine_72000.csv|wsd_20000_24000.csv|wsdcon_3.csv|wsdcon_18.csv,Cosine + WSD sharp + WSD-con 3e-5 + WSD-con 18e-5,4,1
0.0038535563963712593,train_size_rho0p25,0.0033175132875217198,-13.91034809700229,0.023884018718189792,0.25,400,0.9411764705882353,wsdld_20000_24000.csv,WSD linear,cosine_72000.csv|wsd_20000_24000.csv|wsdcon_3.csv|wsdcon_18.csv,Cosine + WSD sharp + WSD-con 3e-5 + WSD-con 18e-5,4,1
0.006687305974578527,train_size_rho0p35,0.006178804701426964,-7.603977970869091,0.023334960816622213,0.35,400,0.9195402298850576,wsdcon_9.csv,WSD-con 9e-5,cosine_72000.csv|wsd_20000_24000.csv|wsdcon_3.csv|wsdcon_18.csv,Cosine + WSD sharp + WSD-con 3e-5 + WSD-con 18e-5,4,1
0.0038535563963712593,train_size_rho0p35,0.0033298361176102185,-13.590569979829736,0.023334960816622213,0.35,400,0.9195402298850576,wsdld_20000_24000.csv,WSD linear,cosine_72000.csv|wsd_20000_24000.csv|wsdcon_3.csv|wsdcon_18.csv,Cosine + WSD sharp + WSD-con 3e-5 + WSD-con 18e-5,4,1
0.006687305974578527,train_size_rho0p5,0.006188897037883935,-7.453060149920909,0.02255712878940147,0.5,400,0.8888888888888888,wsdcon_9.csv,WSD-con 9e-5,cosine_72000.csv|wsd_20000_24000.csv|wsdcon_3.csv|wsdcon_18.csv,Cosine + WSD sharp + WSD-con 3e-5 + WSD-con 18e-5,4,1
0.0038535563963712593,train_size_rho0p5,0.0033472934602355796,-13.137550980502255,0.02255712878940147,0.5,400,0.8888888888888888,wsdld_20000_24000.csv,WSD linear,cosine_72000.csv|wsd_20000_24000.csv|wsdcon_3.csv|wsdcon_18.csv,Cosine + WSD sharp + WSD-con 3e-5 + WSD-con 18e-5,4,1
0.006687305974578527,train_size_rho0p75,0.006204301130370831,-7.222711896895639,0.02136991148469613,0.75,400,0.8421052631578947,wsdcon_9.csv,WSD-con 9e-5,cosine_72000.csv|wsd_20000_24000.csv|wsdcon_3.csv|wsdcon_18.csv,Cosine + WSD sharp + WSD-con 3e-5 + WSD-con 18e-5,4,1
0.0038535563963712593,train_size_rho0p75,0.003373938877926932,-12.446100928896852,0.02136991148469613,0.75,400,0.8421052631578947,wsdld_20000_24000.csv,WSD linear,cosine_72000.csv|wsd_20000_24000.csv|wsdcon_3.csv|wsdcon_18.csv,Cosine + WSD sharp + WSD-con 3e-5 + WSD-con 18e-5,4,1
0.006687305974578527,train_size_rho1p0,0.006218687678062628,-7.00757970844057,0.020301415910461324,1.0,400,0.8,wsdcon_9.csv,WSD-con 9e-5,cosine_72000.csv|wsd_20000_24000.csv|wsdcon_3.csv|wsdcon_18.csv,Cosine + WSD sharp + WSD-con 3e-5 + WSD-con 18e-5,4,1
0.0038535563963712593,train_size_rho1p0,0.0033979197538491455,-11.823795882452082,0.020301415910461324,1.0,400,0.8,wsdld_20000_24000.csv,WSD linear,cosine_72000.csv|wsd_20000_24000.csv|wsdcon_3.csv|wsdcon_18.csv,Cosine + WSD sharp + WSD-con 3e-5 + WSD-con 18e-5,4,1
0.006687305974578527,train_selected_rho,0.006160493366236493,-7.877800273304192,0.025376769888076654,0.0,400,1.0,wsdcon_9.csv,WSD-con 9e-5,cosine_72000.csv|wsd_20000_24000.csv|wsdcon_3.csv|wsdcon_18.csv,Cosine + WSD sharp + WSD-con 3e-5 + WSD-con 18e-5,4,1
0.0038535563963712593,train_selected_rho,0.003284010593218623,-14.779744853064948,0.025376769888076654,0.0,400,1.0,wsdld_20000_24000.csv,WSD linear,cosine_72000.csv|wsd_20000_24000.csv|wsdcon_3.csv|wsdcon_18.csv,Cosine + WSD sharp + WSD-con 3e-5 + WSD-con 18e-5,4,1
0.004487187642230267,none,0.0028761402444363567,-35.90327675695709,0.013037914019574652,0.0,25,1.0,wsdcon_3.csv,WSD-con 3e-5,cosine_72000.csv|wsd_20000_24000.csv|wsdcon_9.csv|wsdcon_18.csv,Cosine + WSD sharp + WSD-con 9e-5 + WSD-con 18e-5,4,1
0.0031360955249893426,none,0.0028437778293292017,-9.321071164155125,0.013037914019574652,0.0,25,1.0,wsdld_20000_24000.csv,WSD linear,cosine_72000.csv|wsd_20000_24000.csv|wsdcon_9.csv|wsdcon_18.csv,Cosine + WSD sharp + WSD-con 9e-5 + WSD-con 18e-5,4,1
0.004487187642230267,constant_0p85,0.0030123045256595948,-32.868764004654174,0.011082226916638453,0.0,25,0.85,wsdcon_3.csv,WSD-con 3e-5,cosine_72000.csv|wsd_20000_24000.csv|wsdcon_9.csv|wsdcon_18.csv,Cosine + WSD sharp + WSD-con 9e-5 + WSD-con 18e-5,4,1
0.0031360955249893426,constant_0p85,0.0028876254836782194,-7.922910489531965,0.011082226916638453,0.0,25,0.85,wsdld_20000_24000.csv,WSD linear,cosine_72000.csv|wsd_20000_24000.csv|wsdcon_9.csv|wsdcon_18.csv,Cosine + WSD sharp + WSD-con 9e-5 + WSD-con 18e-5,4,1
0.004487187642230267,train_size_rho0p25,0.002924373769946983,-34.82836014200019,0.012270977900776144,0.25,25,0.9411764705882353,wsdcon_3.csv,WSD-con 3e-5,cosine_72000.csv|wsd_20000_24000.csv|wsdcon_9.csv|wsdcon_18.csv,Cosine + WSD sharp + WSD-con 9e-5 + WSD-con 18e-5,4,1
0.0031360955249893426,train_size_rho0p25,0.0028609729878974295,-8.772772860381794,0.012270977900776144,0.25,25,0.9411764705882353,wsdld_20000_24000.csv,WSD linear,cosine_72000.csv|wsd_20000_24000.csv|wsdcon_9.csv|wsdcon_18.csv,Cosine + WSD sharp + WSD-con 9e-5 + WSD-con 18e-5,4,1
0.004487187642230267,train_size_rho0p35,0.0029436676095419174,-34.398383926756715,0.01198888645478129,0.35,25,0.9195402298850576,wsdcon_3.csv,WSD-con 3e-5,cosine_72000.csv|wsd_20000_24000.csv|wsdcon_9.csv|wsdcon_18.csv,Cosine + WSD sharp + WSD-con 9e-5 + WSD-con 18e-5,4,1
0.0031360955249893426,train_size_rho0p35,0.002867297643922544,-8.571099921062252,0.01198888645478129,0.35,25,0.9195402298850576,wsdld_20000_24000.csv,WSD linear,cosine_72000.csv|wsd_20000_24000.csv|wsdcon_9.csv|wsdcon_18.csv,Cosine + WSD sharp + WSD-con 9e-5 + WSD-con 18e-5,4,1
0.004487187642230267,train_size_rho0p5,0.002972622360119492,-33.7531078009029,0.01158925690628858,0.5,25,0.8888888888888888,wsdcon_3.csv,WSD-con 3e-5,cosine_72000.csv|wsd_20000_24000.csv|wsdcon_9.csv|wsdcon_18.csv,Cosine + WSD sharp + WSD-con 9e-5 + WSD-con 18e-5,4,1
0.0031360955249893426,train_size_rho0p5,0.0028762575732914344,-8.285396590360271,0.01158925690628858,0.5,25,0.8888888888888888,wsdld_20000_24000.csv,WSD linear,cosine_72000.csv|wsd_20000_24000.csv|wsdcon_9.csv|wsdcon_18.csv,Cosine + WSD sharp + WSD-con 9e-5 + WSD-con 18e-5,4,1
0.004487187642230267,train_size_rho0p75,0.0030203603036263746,-32.68923556481439,0.010979296016483916,0.75,25,0.8421052631578947,wsdcon_3.csv,WSD-con 3e-5,cosine_72000.csv|wsd_20000_24000.csv|wsdcon_9.csv|wsdcon_18.csv,Cosine + WSD sharp + WSD-con 9e-5 + WSD-con 18e-5,4,1
0.0031360955249893426,train_size_rho0p75,0.0028899332549597464,-7.849323085604443,0.010979296016483916,0.75,25,0.8421052631578947,wsdld_20000_24000.csv,WSD linear,cosine_72000.csv|wsd_20000_24000.csv|wsdcon_9.csv|wsdcon_18.csv,Cosine + WSD sharp + WSD-con 9e-5 + WSD-con 18e-5,4,1
0.004487187642230267,train_size_rho1p0,0.0030660041117028837,-31.6720325477856,0.010430331215659722,1.0,25,0.8,wsdcon_3.csv,WSD-con 3e-5,cosine_72000.csv|wsd_20000_24000.csv|wsdcon_9.csv|wsdcon_18.csv,Cosine + WSD sharp + WSD-con 9e-5 + WSD-con 18e-5,4,1
0.0031360955249893426,train_size_rho1p0,0.00290224136846123,-7.456856931324096,0.010430331215659722,1.0,25,0.8,wsdld_20000_24000.csv,WSD linear,cosine_72000.csv|wsd_20000_24000.csv|wsdcon_9.csv|wsdcon_18.csv,Cosine + WSD sharp + WSD-con 9e-5 + WSD-con 18e-5,4,1
0.004487187642230267,train_selected_rho,0.0028761402444363567,-35.90327675695709,0.013037914019574652,0.0,25,1.0,wsdcon_3.csv,WSD-con 3e-5,cosine_72000.csv|wsd_20000_24000.csv|wsdcon_9.csv|wsdcon_18.csv,Cosine + WSD sharp + WSD-con 9e-5 + WSD-con 18e-5,4,1
0.0031360955249893426,train_selected_rho,0.0028437778293292017,-9.321071164155125,0.013037914019574652,0.0,25,1.0,wsdld_20000_24000.csv,WSD linear,cosine_72000.csv|wsd_20000_24000.csv|wsdcon_9.csv|wsdcon_18.csv,Cosine + WSD sharp + WSD-con 9e-5 + WSD-con 18e-5,4,1
0.0056693997340904675,none,0.004438297337826029,-21.714863195511512,0.017633492430806922,0.0,100,1.0,wsdcon_3.csv,WSD-con 3e-5,cosine_72000.csv|wsd_20000_24000.csv|wsdcon_9.csv|wsdcon_18.csv,Cosine + WSD sharp + WSD-con 9e-5 + WSD-con 18e-5,4,1
0.003248313740665229,none,0.002855272483262211,-12.099855148921856,0.017633492430806922,0.0,100,1.0,wsdld_20000_24000.csv,WSD linear,cosine_72000.csv|wsd_20000_24000.csv|wsdcon_9.csv|wsdcon_18.csv,Cosine + WSD sharp + WSD-con 9e-5 + WSD-con 18e-5,4,1
0.0056693997340904675,constant_0p85,0.004500407075447348,-20.61933738088516,0.014988468566185882,0.0,100,0.85,wsdcon_3.csv,WSD-con 3e-5,cosine_72000.csv|wsd_20000_24000.csv|wsdcon_9.csv|wsdcon_18.csv,Cosine + WSD sharp + WSD-con 9e-5 + WSD-con 18e-5,4,1
0.003248313740665229,constant_0p85,0.002914228671872663,-10.284876876583604,0.014988468566185882,0.0,100,0.85,wsdld_20000_24000.csv,WSD linear,cosine_72000.csv|wsd_20000_24000.csv|wsdcon_9.csv|wsdcon_18.csv,Cosine + WSD sharp + WSD-con 9e-5 + WSD-con 18e-5,4,1
0.0056693997340904675,train_size_rho0p25,0.004457796427060299,-21.37092750304268,0.016596228170171222,0.25,100,0.9411764705882353,wsdcon_3.csv,WSD-con 3e-5,cosine_72000.csv|wsd_20000_24000.csv|wsdcon_9.csv|wsdcon_18.csv,Cosine + WSD sharp + WSD-con 9e-5 + WSD-con 18e-5,4,1
0.003248313740665229,train_size_rho0p25,0.0028783925572271,-11.388098963690984,0.016596228170171222,0.25,100,0.9411764705882353,wsdld_20000_24000.csv,WSD linear,cosine_72000.csv|wsd_20000_24000.csv|wsdcon_9.csv|wsdcon_18.csv,Cosine + WSD sharp + WSD-con 9e-5 + WSD-con 18e-5,4,1
0.0056693997340904675,train_size_rho0p35,0.004465947398085251,-21.227156179670658,0.01621470568350062,0.35,100,0.9195402298850576,wsdcon_3.csv,WSD-con 3e-5,cosine_72000.csv|wsd_20000_24000.csv|wsdcon_9.csv|wsdcon_18.csv,Cosine + WSD sharp + WSD-con 9e-5 + WSD-con 18e-5,4,1
0.003248313740665229,train_size_rho0p35,0.0028868964924785422,-11.126303585215613,0.01621470568350062,0.35,100,0.9195402298850576,wsdld_20000_24000.csv,WSD linear,cosine_72000.csv|wsd_20000_24000.csv|wsdcon_9.csv|wsdcon_18.csv,Cosine + WSD sharp + WSD-con 9e-5 + WSD-con 18e-5,4,1
0.0056693997340904675,train_size_rho0p5,0.004480248751800763,-20.974901013581082,0.015674215494050597,0.5,100,0.8888888888888888,wsdcon_3.csv,WSD-con 3e-5,cosine_72000.csv|wsd_20000_24000.csv|wsdcon_9.csv|wsdcon_18.csv,Cosine + WSD sharp + WSD-con 9e-5 + WSD-con 18e-5,4,1
0.003248313740665229,train_size_rho0p5,0.002898943734084769,-10.755426799041645,0.015674215494050597,0.5,100,0.8888888888888888,wsdld_20000_24000.csv,WSD linear,cosine_72000.csv|wsd_20000_24000.csv|wsdcon_9.csv|wsdcon_18.csv,Cosine + WSD sharp + WSD-con 9e-5 + WSD-con 18e-5,4,1
0.0056693997340904675,train_size_rho0p75,0.004505116991953456,-20.53626127535344,0.014849256783837406,0.75,100,0.8421052631578947,wsdcon_3.csv,WSD-con 3e-5,cosine_72000.csv|wsd_20000_24000.csv|wsdcon_9.csv|wsdcon_18.csv,Cosine + WSD sharp + WSD-con 9e-5 + WSD-con 18e-5,4,1
0.003248313740665229,train_size_rho0p75,0.002917331629167946,-10.189351704355387,0.014849256783837406,0.75,100,0.8421052631578947,wsdld_20000_24000.csv,WSD linear,cosine_72000.csv|wsd_20000_24000.csv|wsdcon_9.csv|wsdcon_18.csv,Cosine + WSD sharp + WSD-con 9e-5 + WSD-con 18e-5,4,1
0.0056693997340904675,train_size_rho1p0,0.004531576982823136,-20.06954535989991,0.014106793944645538,1.0,100,0.8,wsdcon_3.csv,WSD-con 3e-5,cosine_72000.csv|wsd_20000_24000.csv|wsdcon_9.csv|wsdcon_18.csv,Cosine + WSD sharp + WSD-con 9e-5 + WSD-con 18e-5,4,1
0.003248313740665229,train_size_rho1p0,0.00293388073474282,-9.679884119137327,0.014106793944645538,1.0,100,0.8,wsdld_20000_24000.csv,WSD linear,cosine_72000.csv|wsd_20000_24000.csv|wsdcon_9.csv|wsdcon_18.csv,Cosine + WSD sharp + WSD-con 9e-5 + WSD-con 18e-5,4,1
0.0056693997340904675,train_selected_rho,0.004438297337826029,-21.714863195511512,0.017633492430806922,0.0,100,1.0,wsdcon_3.csv,WSD-con 3e-5,cosine_72000.csv|wsd_20000_24000.csv|wsdcon_9.csv|wsdcon_18.csv,Cosine + WSD sharp + WSD-con 9e-5 + WSD-con 18e-5,4,1
0.003248313740665229,train_selected_rho,0.002855272483262211,-12.099855148921856,0.017633492430806922,0.0,100,1.0,wsdld_20000_24000.csv,WSD linear,cosine_72000.csv|wsd_20000_24000.csv|wsdcon_9.csv|wsdcon_18.csv,Cosine + WSD sharp + WSD-con 9e-5 + WSD-con 18e-5,4,1
0.008173606778800102,none,0.005173159953912232,-36.70896956616673,0.030407407937964672,0.0,400,1.0,wsdcon_3.csv,WSD-con 3e-5,cosine_72000.csv|wsd_20000_24000.csv|wsdcon_9.csv|wsdcon_18.csv,Cosine + WSD sharp + WSD-con 9e-5 + WSD-con 18e-5,4,1
0.0038535563963712593,none,0.0031711050185087362,-17.709650713952453,0.030407407937964672,0.0,400,1.0,wsdld_20000_24000.csv,WSD linear,cosine_72000.csv|wsd_20000_24000.csv|wsdcon_9.csv|wsdcon_18.csv,Cosine + WSD sharp + WSD-con 9e-5 + WSD-con 18e-5,4,1
0.008173606778800102,constant_0p85,0.005421537535260985,-33.67019380816267,0.02584629674726997,0.0,400,0.85,wsdcon_3.csv,WSD-con 3e-5,cosine_72000.csv|wsd_20000_24000.csv|wsdcon_9.csv|wsdcon_18.csv,Cosine + WSD sharp + WSD-con 9e-5 + WSD-con 18e-5,4,1
0.0038535563963712593,constant_0p85,0.0032734727251881256,-15.053203106859304,0.02584629674726997,0.0,400,0.85,wsdld_20000_24000.csv,WSD linear,cosine_72000.csv|wsd_20000_24000.csv|wsdcon_9.csv|wsdcon_18.csv,Cosine + WSD sharp + WSD-con 9e-5 + WSD-con 18e-5,4,1
0.008173606778800102,train_size_rho0p25,0.005255422545988908,-35.70252780425031,0.02861873688279028,0.25,400,0.9411764705882353,wsdcon_3.csv,WSD-con 3e-5,cosine_72000.csv|wsd_20000_24000.csv|wsdcon_9.csv|wsdcon_18.csv,Cosine + WSD sharp + WSD-con 9e-5 + WSD-con 18e-5,4,1
0.0038535563963712593,train_size_rho0p25,0.003211249217206527,-16.66790655430832,0.02861873688279028,0.25,400,0.9411764705882353,wsdld_20000_24000.csv,WSD linear,cosine_72000.csv|wsd_20000_24000.csv|wsdcon_9.csv|wsdcon_18.csv,Cosine + WSD sharp + WSD-con 9e-5 + WSD-con 18e-5,4,1
0.008173606778800102,train_size_rho0p35,0.0052911637558178334,-35.26525193820758,0.02796083488548476,0.35,400,0.9195402298850576,wsdcon_3.csv,WSD-con 3e-5,cosine_72000.csv|wsd_20000_24000.csv|wsdcon_9.csv|wsdcon_18.csv,Cosine + WSD sharp + WSD-con 9e-5 + WSD-con 18e-5,4,1
0.0038535563963712593,train_size_rho0p35,0.0032260148994861897,-16.28473628869167,0.02796083488548476,0.35,400,0.9195402298850576,wsdld_20000_24000.csv,WSD linear,cosine_72000.csv|wsd_20000_24000.csv|wsdcon_9.csv|wsdcon_18.csv,Cosine + WSD sharp + WSD-con 9e-5 + WSD-con 18e-5,4,1
0.008173606778800102,train_size_rho0p5,0.0053452236625015186,-34.60385595786876,0.027028807055968596,0.5,400,0.8888888888888888,wsdcon_3.csv,WSD-con 3e-5,cosine_72000.csv|wsd_20000_24000.csv|wsdcon_9.csv|wsdcon_18.csv,Cosine + WSD sharp + WSD-con 9e-5 + WSD-con 18e-5,4,1
0.0038535563963712593,train_size_rho0p5,0.0032469329493823493,-15.741911745735527,0.027028807055968596,0.5,400,0.8888888888888888,wsdld_20000_24000.csv,WSD linear,cosine_72000.csv|wsd_20000_24000.csv|wsdcon_9.csv|wsdcon_18.csv,Cosine + WSD sharp + WSD-con 9e-5 + WSD-con 18e-5,4,1
0.008173606778800102,train_size_rho0p75,0.00543755756028703,-33.474196796566815,0.025606238263549196,0.75,400,0.8421052631578947,wsdcon_3.csv,WSD-con 3e-5,cosine_72000.csv|wsd_20000_24000.csv|wsdcon_9.csv|wsdcon_18.csv,Cosine + WSD sharp + WSD-con 9e-5 + WSD-con 18e-5,4,1
0.0038535563963712593,train_size_rho0p75,0.003278860499223867,-14.91339007490745,0.025606238263549196,0.75,400,0.8421052631578947,wsdld_20000_24000.csv,WSD linear,cosine_72000.csv|wsd_20000_24000.csv|wsdcon_9.csv|wsdcon_18.csv,Cosine + WSD sharp + WSD-con 9e-5 + WSD-con 18e-5,4,1
0.008173606778800102,train_size_rho1p0,0.005527923019124208,-32.368620503472336,0.02432592635037174,1.0,400,0.8,wsdcon_3.csv,WSD-con 3e-5,cosine_72000.csv|wsd_20000_24000.csv|wsdcon_9.csv|wsdcon_18.csv,Cosine + WSD sharp + WSD-con 9e-5 + WSD-con 18e-5,4,1
0.0038535563963712593,train_size_rho1p0,0.0033075952940812424,-14.167720571161924,0.02432592635037174,1.0,400,0.8,wsdld_20000_24000.csv,WSD linear,cosine_72000.csv|wsd_20000_24000.csv|wsdcon_9.csv|wsdcon_18.csv,Cosine + WSD sharp + WSD-con 9e-5 + WSD-con 18e-5,4,1
0.008173606778800102,train_selected_rho,0.005173159953912232,-36.70896956616673,0.030407407937964672,0.0,400,1.0,wsdcon_3.csv,WSD-con 3e-5,cosine_72000.csv|wsd_20000_24000.csv|wsdcon_9.csv|wsdcon_18.csv,Cosine + WSD sharp + WSD-con 9e-5 + WSD-con 18e-5,4,1
0.0038535563963712593,train_selected_rho,0.0031711050185087362,-17.709650713952453,0.030407407937964672,0.0,400,1.0,wsdld_20000_24000.csv,WSD linear,cosine_72000.csv|wsd_20000_24000.csv|wsdcon_9.csv|wsdcon_18.csv,Cosine + WSD sharp + WSD-con 9e-5 + WSD-con 18e-5,4,1
0.003408385839825258,none,0.003067396329299634,-10.004428094417438,0.010944182152408864,0.0,25,1.0,wsd_20000_24000.csv,WSD sharp,cosine_72000.csv|wsdld_20000_24000.csv|wsdcon_3.csv|wsdcon_9.csv,Cosine + WSD linear + WSD-con 3e-5 + WSD-con 9e-5,4,1
0.002504818961791151,none,0.0022808940801661987,-8.939763114250287,0.010944182152408864,0.0,25,1.0,wsdcon_18.csv,WSD-con 18e-5,cosine_72000.csv|wsdld_20000_24000.csv|wsdcon_3.csv|wsdcon_9.csv,Cosine + WSD linear + WSD-con 3e-5 + WSD-con 9e-5,4,1
0.003408385839825258,constant_0p85,0.003118544755878481,-8.503763880254722,0.009302554829547534,0.0,25,0.85,wsd_20000_24000.csv,WSD sharp,cosine_72000.csv|wsdld_20000_24000.csv|wsdcon_3.csv|wsdcon_9.csv,Cosine + WSD linear + WSD-con 3e-5 + WSD-con 9e-5,4,1
0.002504818961791151,constant_0p85,0.0023144828124099393,-7.598798647112826,0.009302554829547534,0.0,25,0.85,wsdcon_18.csv,WSD-con 18e-5,cosine_72000.csv|wsdld_20000_24000.csv|wsdcon_3.csv|wsdcon_9.csv,Cosine + WSD linear + WSD-con 3e-5 + WSD-con 9e-5,4,1
0.003408385839825258,train_size_rho0p25,0.0030874545358011486,-9.415932324157373,0.01030040673167893,0.25,25,0.9411764705882353,wsd_20000_24000.csv,WSD sharp,cosine_72000.csv|wsdld_20000_24000.csv|wsdcon_3.csv|wsdcon_9.csv,Cosine + WSD linear + WSD-con 3e-5 + WSD-con 9e-5,4,1
0.002504818961791151,train_size_rho0p25,0.002294066132026498,-8.413894695764657,0.01030040673167893,0.25,25,0.9411764705882353,wsdcon_18.csv,WSD-con 18e-5,cosine_72000.csv|wsdld_20000_24000.csv|wsdcon_3.csv|wsdcon_9.csv,Cosine + WSD linear + WSD-con 3e-5 + WSD-con 9e-5,4,1
0.003408385839825258,train_size_rho0p35,0.003094832266928128,-9.19947410980927,0.010063615772329991,0.35,25,0.9195402298850576,wsd_20000_24000.csv,WSD sharp,cosine_72000.csv|wsdld_20000_24000.csv|wsdcon_3.csv|wsdcon_9.csv,Cosine + WSD linear + WSD-con 3e-5 + WSD-con 9e-5,4,1
0.002504818961791151,train_size_rho0p35,0.002298911024664762,-8.220471829195509,0.010063615772329991,0.35,25,0.9195402298850576,wsdcon_18.csv,WSD-con 18e-5,cosine_72000.csv|wsdld_20000_24000.csv|wsdcon_3.csv|wsdcon_9.csv,Cosine + WSD linear + WSD-con 3e-5 + WSD-con 9e-5,4,1
0.003408385839825258,train_size_rho0p5,0.003105284052691368,-8.89282497281556,0.009728161913252322,0.5,25,0.8888888888888888,wsd_20000_24000.csv,WSD sharp,cosine_72000.csv|wsdld_20000_24000.csv|wsdcon_3.csv|wsdcon_9.csv,Cosine + WSD linear + WSD-con 3e-5 + WSD-con 9e-5,4,1
0.002504818961791151,train_size_rho0p5,0.002305774622568979,-7.946456101555488,0.009728161913252322,0.5,25,0.8888888888888888,wsdcon_18.csv,WSD-con 18e-5,cosine_72000.csv|wsdld_20000_24000.csv|wsdcon_3.csv|wsdcon_9.csv,Cosine + WSD linear + WSD-con 3e-5 + WSD-con 9e-5,4,1
0.003408385839825258,train_size_rho0p75,0.0031212367783299963,-8.424781553193617,0.0092161533915022,0.75,25,0.8421052631578947,wsd_20000_24000.csv,WSD sharp,cosine_72000.csv|wsdld_20000_24000.csv|wsdcon_3.csv|wsdcon_9.csv,Cosine + WSD linear + WSD-con 3e-5 + WSD-con 9e-5,4,1
0.002504818961791151,train_size_rho0p75,0.0023162506404227684,-7.528221569895043,0.0092161533915022,0.75,25,0.8421052631578947,wsdcon_18.csv,WSD-con 18e-5,cosine_72000.csv|wsdld_20000_24000.csv|wsdcon_3.csv|wsdcon_9.csv,Cosine + WSD linear + WSD-con 3e-5 + WSD-con 9e-5,4,1
0.003408385839825258,train_size_rho1p0,0.0031355942314047545,-8.003542475534076,0.00875534572192709,1.0,25,0.8,wsd_20000_24000.csv,WSD sharp,cosine_72000.csv|wsdld_20000_24000.csv|wsdcon_3.csv|wsdcon_9.csv,Cosine + WSD linear + WSD-con 3e-5 + WSD-con 9e-5,4,1
0.002504818961791151,train_size_rho1p0,0.0023256790564911865,-7.151810491400335,0.00875534572192709,1.0,25,0.8,wsdcon_18.csv,WSD-con 18e-5,cosine_72000.csv|wsdld_20000_24000.csv|wsdcon_3.csv|wsdcon_9.csv,Cosine + WSD linear + WSD-con 3e-5 + WSD-con 9e-5,4,1
0.003408385839825258,train_selected_rho,0.003067396329299634,-10.004428094417438,0.010944182152408864,0.0,25,1.0,wsd_20000_24000.csv,WSD sharp,cosine_72000.csv|wsdld_20000_24000.csv|wsdcon_3.csv|wsdcon_9.csv,Cosine + WSD linear + WSD-con 3e-5 + WSD-con 9e-5,4,1
0.002504818961791151,train_selected_rho,0.0022808940801661987,-8.939763114250287,0.010944182152408864,0.0,25,1.0,wsdcon_18.csv,WSD-con 18e-5,cosine_72000.csv|wsdld_20000_24000.csv|wsdcon_3.csv|wsdcon_9.csv,Cosine + WSD linear + WSD-con 3e-5 + WSD-con 9e-5,4,1
0.0037480705220761528,none,0.0032523614142247596,-13.225714535830214,0.016003551829112166,0.0,100,1.0,wsd_20000_24000.csv,WSD sharp,cosine_72000.csv|wsdld_20000_24000.csv|wsdcon_3.csv|wsdcon_9.csv,Cosine + WSD linear + WSD-con 3e-5 + WSD-con 9e-5,4,1
0.0013816404339982303,none,0.0012213583688678736,-11.600852232337179,0.016003551829112166,0.0,100,1.0,wsdcon_18.csv,WSD-con 18e-5,cosine_72000.csv|wsdld_20000_24000.csv|wsdcon_3.csv|wsdcon_9.csv,Cosine + WSD linear + WSD-con 3e-5 + WSD-con 9e-5,4,1
0.0037480705220761528,constant_0p85,0.003326717780402478,-11.241857355455432,0.013603019054745341,0.0,100,0.85,wsd_20000_24000.csv,WSD sharp,cosine_72000.csv|wsdld_20000_24000.csv|wsdcon_3.csv|wsdcon_9.csv,Cosine + WSD linear + WSD-con 3e-5 + WSD-con 9e-5,4,1
0.0013816404339982303,constant_0p85,0.0012215402286138964,-11.587689636516451,0.013603019054745341,0.0,100,0.85,wsdcon_18.csv,WSD-con 18e-5,cosine_72000.csv|wsdld_20000_24000.csv|wsdcon_3.csv|wsdcon_9.csv,Cosine + WSD linear + WSD-con 3e-5 + WSD-con 9e-5,4,1
0.0037480705220761528,train_size_rho0p25,0.003281520773510137,-12.447731327840161,0.015062166427399685,0.25,100,0.9411764705882353,wsd_20000_24000.csv,WSD sharp,cosine_72000.csv|wsdld_20000_24000.csv|wsdcon_3.csv|wsdcon_9.csv,Cosine + WSD linear + WSD-con 3e-5 + WSD-con 9e-5,4,1
0.0013816404339982303,train_size_rho0p25,0.0012206341138390063,-11.653272168164575,0.015062166427399685,0.25,100,0.9411764705882353,wsdcon_18.csv,WSD-con 18e-5,cosine_72000.csv|wsdld_20000_24000.csv|wsdcon_3.csv|wsdcon_9.csv,Cosine + WSD linear + WSD-con 3e-5 + WSD-con 9e-5,4,1
0.0037480705220761528,train_size_rho0p35,0.0032922460550863747,-12.16157658467123,0.014715909727919235,0.35,100,0.9195402298850576,wsd_20000_24000.csv,WSD sharp,cosine_72000.csv|wsdld_20000_24000.csv|wsdcon_3.csv|wsdcon_9.csv,Cosine + WSD linear + WSD-con 3e-5 + WSD-con 9e-5,4,1
0.0013816404339982303,train_size_rho0p35,0.0012203677211846977,-11.67255306410201,0.014715909727919235,0.35,100,0.9195402298850576,wsdcon_18.csv,WSD-con 18e-5,cosine_72000.csv|wsdld_20000_24000.csv|wsdcon_3.csv|wsdcon_9.csv,Cosine + WSD linear + WSD-con 3e-5 + WSD-con 9e-5,4,1
0.0037480705220761528,train_size_rho0p5,0.0033074402039860304,-11.756190698515612,0.014225379403655258,0.5,100,0.8888888888888888,wsd_20000_24000.csv,WSD sharp,cosine_72000.csv|wsdld_20000_24000.csv|wsdcon_3.csv|wsdcon_9.csv,Cosine + WSD linear + WSD-con 3e-5 + WSD-con 9e-5,4,1
0.0013816404339982303,train_size_rho0p5,0.0012208726402472417,-11.636008167896051,0.014225379403655258,0.5,100,0.8888888888888888,wsdcon_18.csv,WSD-con 18e-5,cosine_72000.csv|wsdld_20000_24000.csv|wsdcon_3.csv|wsdcon_9.csv,Cosine + WSD linear + WSD-con 3e-5 + WSD-con 9e-5,4,1
0.0037480705220761528,train_size_rho0p75,0.0033306312733591904,-11.137443819646487,0.013476675224515507,0.75,100,0.8421052631578947,wsd_20000_24000.csv,WSD sharp,cosine_72000.csv|wsdld_20000_24000.csv|wsdcon_3.csv|wsdcon_9.csv,Cosine + WSD linear + WSD-con 3e-5 + WSD-con 9e-5,4,1
0.0013816404339982303,train_size_rho0p75,0.0012216757540718065,-11.57788061134788,0.013476675224515507,0.75,100,0.8421052631578947,wsdcon_18.csv,WSD-con 18e-5,cosine_72000.csv|wsdld_20000_24000.csv|wsdcon_3.csv|wsdcon_9.csv,Cosine + WSD linear + WSD-con 3e-5 + WSD-con 9e-5,4,1
0.0037480705220761528,train_size_rho1p0,0.0033515032357950324,-10.580571628664327,0.012802841463289734,1.0,100,0.8,wsd_20000_24000.csv,WSD sharp,cosine_72000.csv|wsdld_20000_24000.csv|wsdcon_3.csv|wsdcon_9.csv,Cosine + WSD linear + WSD-con 3e-5 + WSD-con 9e-5,4,1
0.0013816404339982303,train_size_rho1p0,0.0012240903925619002,-11.403114555674032,0.012802841463289734,1.0,100,0.8,wsdcon_18.csv,WSD-con 18e-5,cosine_72000.csv|wsdld_20000_24000.csv|wsdcon_3.csv|wsdcon_9.csv,Cosine + WSD linear + WSD-con 3e-5 + WSD-con 9e-5,4,1
0.0037480705220761528,train_selected_rho,0.0032523614142247596,-13.225714535830214,0.016003551829112166,0.0,100,1.0,wsd_20000_24000.csv,WSD sharp,cosine_72000.csv|wsdld_20000_24000.csv|wsdcon_3.csv|wsdcon_9.csv,Cosine + WSD linear + WSD-con 3e-5 + WSD-con 9e-5,4,1
0.0013816404339982303,train_selected_rho,0.0012213583688678736,-11.600852232337179,0.016003551829112166,0.0,100,1.0,wsdcon_18.csv,WSD-con 18e-5,cosine_72000.csv|wsdld_20000_24000.csv|wsdcon_3.csv|wsdcon_9.csv,Cosine + WSD linear + WSD-con 3e-5 + WSD-con 9e-5,4,1
0.004701998914275349,none,0.003906051062713935,-16.92786123673705,0.02547997006858034,0.0,400,1.0,wsd_20000_24000.csv,WSD sharp,cosine_72000.csv|wsdld_20000_24000.csv|wsdcon_3.csv|wsdcon_9.csv,Cosine + WSD linear + WSD-con 3e-5 + WSD-con 9e-5,4,1
0.0025579541942073844,none,0.0023902805124333512,-6.554991569189883,0.02547997006858034,0.0,400,1.0,wsdcon_18.csv,WSD-con 18e-5,cosine_72000.csv|wsdld_20000_24000.csv|wsdcon_3.csv|wsdcon_9.csv,Cosine + WSD linear + WSD-con 3e-5 + WSD-con 9e-5,4,1
0.004701998914275349,constant_0p85,0.004025443240448147,-14.388682051226498,0.02165797455829329,0.0,400,0.85,wsd_20000_24000.csv,WSD sharp,cosine_72000.csv|wsdld_20000_24000.csv|wsdcon_3.csv|wsdcon_9.csv,Cosine + WSD linear + WSD-con 3e-5 + WSD-con 9e-5,4,1
0.0025579541942073844,constant_0p85,0.0024067052848463577,-5.912885762518238,0.02165797455829329,0.0,400,0.85,wsdcon_18.csv,WSD-con 18e-5,cosine_72000.csv|wsdld_20000_24000.csv|wsdcon_3.csv|wsdcon_9.csv,Cosine + WSD linear + WSD-con 3e-5 + WSD-con 9e-5,4,1
0.004701998914275349,train_size_rho0p25,0.003952871524570478,-15.932104693399795,0.02398114829984032,0.25,400,0.9411764705882353,wsd_20000_24000.csv,WSD sharp,cosine_72000.csv|wsdld_20000_24000.csv|wsdcon_3.csv|wsdcon_9.csv,Cosine + WSD linear + WSD-con 3e-5 + WSD-con 9e-5,4,1
0.0025579541942073844,train_size_rho0p25,0.002395444409670432,-6.353115505545947,0.02398114829984032,0.25,400,0.9411764705882353,wsdcon_18.csv,WSD-con 18e-5,cosine_72000.csv|wsdld_20000_24000.csv|wsdcon_3.csv|wsdcon_9.csv,Cosine + WSD linear + WSD-con 3e-5 + WSD-con 9e-5,4,1
0.004701998914275349,train_size_rho0p35,0.003970092843874043,-15.565849413091659,0.02342985753432675,0.35,400,0.9195402298850576,wsd_20000_24000.csv,WSD sharp,cosine_72000.csv|wsdld_20000_24000.csv|wsdcon_3.csv|wsdcon_9.csv,Cosine + WSD linear + WSD-con 3e-5 + WSD-con 9e-5,4,1
0.0025579541942073844,train_size_rho0p35,0.002398116623282829,-6.248648677388968,0.02342985753432675,0.35,400,0.9195402298850576,wsdcon_18.csv,WSD-con 18e-5,cosine_72000.csv|wsdld_20000_24000.csv|wsdcon_3.csv|wsdcon_9.csv,Cosine + WSD linear + WSD-con 3e-5 + WSD-con 9e-5,4,1
0.004701998914275349,train_size_rho0p5,0.003994489712887412,-15.046987765988785,0.022648862283182525,0.5,400,0.8888888888888888,wsd_20000_24000.csv,WSD sharp,cosine_72000.csv|wsdld_20000_24000.csv|wsdcon_3.csv|wsdcon_9.csv,Cosine + WSD linear + WSD-con 3e-5 + WSD-con 9e-5,4,1
0.0025579541942073844,train_size_rho0p5,0.0024019022592336806,-6.100654004168304,0.022648862283182525,0.5,400,0.8888888888888888,wsdcon_18.csv,WSD-con 18e-5,cosine_72000.csv|wsdld_20000_24000.csv|wsdcon_3.csv|wsdcon_9.csv,Cosine + WSD linear + WSD-con 3e-5 + WSD-con 9e-5,4,1
0.004701998914275349,train_size_rho0p75,0.004031727039276257,-14.255041041462913,0.021456816899857126,0.75,400,0.8421052631578947,wsd_20000_24000.csv,WSD sharp,cosine_72000.csv|wsdld_20000_24000.csv|wsdcon_3.csv|wsdcon_9.csv,Cosine + WSD linear + WSD-con 3e-5 + WSD-con 9e-5,4,1
0.0025579541942073844,train_size_rho0p75,0.0024076803351587017,-5.874767397672143,0.021456816899857126,0.75,400,0.8421052631578947,wsdcon_18.csv,WSD-con 18e-5,cosine_72000.csv|wsdld_20000_24000.csv|wsdcon_3.csv|wsdcon_9.csv,Cosine + WSD linear + WSD-con 3e-5 + WSD-con 9e-5,4,1
0.004701998914275349,train_size_rho1p0,0.004065240633026214,-13.542288989389718,0.020383976054864274,1.0,400,0.8,wsd_20000_24000.csv,WSD sharp,cosine_72000.csv|wsdld_20000_24000.csv|wsdcon_3.csv|wsdcon_9.csv,Cosine + WSD linear + WSD-con 3e-5 + WSD-con 9e-5,4,1
0.0025579541942073844,train_size_rho1p0,0.002412880603491219,-5.671469451825684,0.020383976054864274,1.0,400,0.8,wsdcon_18.csv,WSD-con 18e-5,cosine_72000.csv|wsdld_20000_24000.csv|wsdcon_3.csv|wsdcon_9.csv,Cosine + WSD linear + WSD-con 3e-5 + WSD-con 9e-5,4,1
0.004701998914275349,train_selected_rho,0.003906051062713935,-16.92786123673705,0.02547997006858034,0.0,400,1.0,wsd_20000_24000.csv,WSD sharp,cosine_72000.csv|wsdld_20000_24000.csv|wsdcon_3.csv|wsdcon_9.csv,Cosine + WSD linear + WSD-con 3e-5 + WSD-con 9e-5,4,1
0.0025579541942073844,train_selected_rho,0.0023902805124333512,-6.554991569189883,0.02547997006858034,0.0,400,1.0,wsdcon_18.csv,WSD-con 18e-5,cosine_72000.csv|wsdld_20000_24000.csv|wsdcon_3.csv|wsdcon_9.csv,Cosine + WSD linear + WSD-con 3e-5 + WSD-con 9e-5,4,1
0.003408385839825258,none,0.003054313525904271,-10.3882697135938,0.011364079477702814,0.0,25,1.0,wsd_20000_24000.csv,WSD sharp,cosine_72000.csv|wsdld_20000_24000.csv|wsdcon_3.csv|wsdcon_18.csv,Cosine + WSD linear + WSD-con 3e-5 + WSD-con 18e-5,4,1
0.002926482771138891,none,0.0023422991895410868,-19.961968932776564,0.011364079477702814,0.0,25,1.0,wsdcon_9.csv,WSD-con 9e-5,cosine_72000.csv|wsdld_20000_24000.csv|wsdcon_3.csv|wsdcon_18.csv,Cosine + WSD linear + WSD-con 3e-5 + WSD-con 18e-5,4,1
0.003408385839825258,constant_0p85,0.0031074243729924222,-8.830029256554628,0.009659467556047392,0.0,25,0.85,wsd_20000_24000.csv,WSD sharp,cosine_72000.csv|wsdld_20000_24000.csv|wsdcon_3.csv|wsdcon_18.csv,Cosine + WSD linear + WSD-con 3e-5 + WSD-con 18e-5,4,1
0.002926482771138891,constant_0p85,0.0024217640912953743,-17.24659665934396,0.009659467556047392,0.0,25,0.85,wsdcon_9.csv,WSD-con 9e-5,cosine_72000.csv|wsdld_20000_24000.csv|wsdcon_3.csv|wsdcon_18.csv,Cosine + WSD linear + WSD-con 3e-5 + WSD-con 18e-5,4,1
0.003408385839825258,train_size_rho0p25,0.0030751413090760967,-9.777195024558782,0.01069560421430853,0.25,25,0.9411764705882353,wsd_20000_24000.csv,WSD sharp,cosine_72000.csv|wsdld_20000_24000.csv|wsdcon_3.csv|wsdcon_18.csv,Cosine + WSD linear + WSD-con 3e-5 + WSD-con 18e-5,4,1
0.002926482771138891,train_size_rho0p25,0.002372629667990362,-18.925554888299835,0.01069560421430853,0.25,25,0.9411764705882353,wsdcon_9.csv,WSD-con 9e-5,cosine_72000.csv|wsdld_20000_24000.csv|wsdcon_3.csv|wsdcon_18.csv,Cosine + WSD linear + WSD-con 3e-5 + WSD-con 18e-5,4,1
0.003408385839825258,train_size_rho0p35,0.0030828021028864137,-9.552431920546189,0.010449728255358911,0.35,25,0.9195402298850576,wsd_20000_24000.csv,WSD sharp,cosine_72000.csv|wsdld_20000_24000.csv|wsdcon_3.csv|wsdcon_18.csv,Cosine + WSD linear + WSD-con 3e-5 + WSD-con 18e-5,4,1
0.002926482771138891,train_size_rho0p35,0.0023837857060407023,-18.544345124813045,0.010449728255358911,0.35,25,0.9195402298850576,wsdcon_9.csv,WSD-con 9e-5,cosine_72000.csv|wsdld_20000_24000.csv|wsdcon_3.csv|wsdcon_18.csv,Cosine + WSD linear + WSD-con 3e-5 + WSD-con 18e-5,4,1
0.003408385839825258,train_size_rho0p5,0.0030936548941177216,-9.234017523194261,0.010101403980180279,0.5,25,0.8888888888888888,wsd_20000_24000.csv,WSD sharp,cosine_72000.csv|wsdld_20000_24000.csv|wsdcon_3.csv|wsdcon_18.csv,Cosine + WSD linear + WSD-con 3e-5 + WSD-con 18e-5,4,1
0.002926482771138891,train_size_rho0p5,0.002400165089392451,-17.98464993325808,0.010101403980180279,0.5,25,0.8888888888888888,wsdcon_9.csv,WSD-con 9e-5,cosine_72000.csv|wsdld_20000_24000.csv|wsdcon_3.csv|wsdcon_18.csv,Cosine + WSD linear + WSD-con 3e-5 + WSD-con 18e-5,4,1
0.003408385839825258,train_size_rho0p75,0.0031102196807338976,-8.748016600921172,0.00956975113911816,0.75,25,0.8421052631578947,wsd_20000_24000.csv,WSD sharp,cosine_72000.csv|wsdld_20000_24000.csv|wsdcon_3.csv|wsdcon_18.csv,Cosine + WSD linear + WSD-con 3e-5 + WSD-con 18e-5,4,1
0.002926482771138891,train_size_rho0p75,0.0024263331640475964,-17.09046819013572,0.00956975113911816,0.75,25,0.8421052631578947,wsdcon_9.csv,WSD-con 9e-5,cosine_72000.csv|wsdld_20000_24000.csv|wsdcon_3.csv|wsdcon_18.csv,Cosine + WSD linear + WSD-con 3e-5 + WSD-con 18e-5,4,1
0.003408385839825258,train_size_rho1p0,0.0031251279886884606,-8.310615770875263,0.009091263582162251,1.0,25,0.8,wsd_20000_24000.csv,WSD sharp,cosine_72000.csv|wsdld_20000_24000.csv|wsdcon_3.csv|wsdcon_18.csv,Cosine + WSD linear + WSD-con 3e-5 + WSD-con 18e-5,4,1
0.002926482771138891,train_size_rho1p0,0.002450701552059564,-16.257783021021122,0.009091263582162251,1.0,25,0.8,wsdcon_9.csv,WSD-con 9e-5,cosine_72000.csv|wsdld_20000_24000.csv|wsdcon_3.csv|wsdcon_18.csv,Cosine + WSD linear + WSD-con 3e-5 + WSD-con 18e-5,4,1
0.003408385839825258,train_selected_rho,0.003054313525904271,-10.3882697135938,0.011364079477702814,0.0,25,1.0,wsd_20000_24000.csv,WSD sharp,cosine_72000.csv|wsdld_20000_24000.csv|wsdcon_3.csv|wsdcon_18.csv,Cosine + WSD linear + WSD-con 3e-5 + WSD-con 18e-5,4,1
0.002926482771138891,train_selected_rho,0.0023422991895410868,-19.961968932776564,0.011364079477702814,0.0,25,1.0,wsdcon_9.csv,WSD-con 9e-5,cosine_72000.csv|wsdld_20000_24000.csv|wsdcon_3.csv|wsdcon_18.csv,Cosine + WSD linear + WSD-con 3e-5 + WSD-con 18e-5,4,1
0.0037480705220761528,none,0.0032494285104441435,-13.303965565615838,0.016098238162123794,0.0,100,1.0,wsd_20000_24000.csv,WSD sharp,cosine_72000.csv|wsdld_20000_24000.csv|wsdcon_3.csv|wsdcon_18.csv,Cosine + WSD linear + WSD-con 3e-5 + WSD-con 18e-5,4,1
0.004934623402238123,none,0.004661025225144894,-5.544459116558665,0.016098238162123794,0.0,100,1.0,wsdcon_9.csv,WSD-con 9e-5,cosine_72000.csv|wsdld_20000_24000.csv|wsdcon_3.csv|wsdcon_18.csv,Cosine + WSD linear + WSD-con 3e-5 + WSD-con 18e-5,4,1
0.0037480705220761528,constant_0p85,0.003324224812188954,-11.30837073077322,0.013683502437805225,0.0,100,0.85,wsd_20000_24000.csv,WSD sharp,cosine_72000.csv|wsdld_20000_24000.csv|wsdcon_3.csv|wsdcon_18.csv,Cosine + WSD linear + WSD-con 3e-5 + WSD-con 18e-5,4,1
0.004934623402238123,constant_0p85,0.0046562945726619735,-5.640325651799727,0.013683502437805225,0.0,100,0.85,wsdcon_9.csv,WSD-con 9e-5,cosine_72000.csv|wsdld_20000_24000.csv|wsdcon_3.csv|wsdcon_18.csv,Cosine + WSD linear + WSD-con 3e-5 + WSD-con 18e-5,4,1
0.0037480705220761528,train_size_rho0p25,0.0032787603934813225,-12.521379355873673,0.015151282976116513,0.25,100,0.9411764705882353,wsd_20000_24000.csv,WSD sharp,cosine_72000.csv|wsdld_20000_24000.csv|wsdcon_3.csv|wsdcon_18.csv,Cosine + WSD linear + WSD-con 3e-5 + WSD-con 18e-5,4,1
0.004934623402238123,train_size_rho0p25,0.004657393291429146,-5.618060147877513,0.015151282976116513,0.25,100,0.9411764705882353,wsdcon_9.csv,WSD-con 9e-5,cosine_72000.csv|wsdld_20000_24000.csv|wsdcon_3.csv|wsdcon_18.csv,Cosine + WSD linear + WSD-con 3e-5 + WSD-con 18e-5,4,1
0.0037480705220761528,train_size_rho0p35,0.003289549132069712,-12.233531554589161,0.014802977620343721,0.35,100,0.9195402298850576,wsd_20000_24000.csv,WSD sharp,cosine_72000.csv|wsdld_20000_24000.csv|wsdcon_3.csv|wsdcon_18.csv,Cosine + WSD linear + WSD-con 3e-5 + WSD-con 18e-5,4,1
0.004934623402238123,train_size_rho0p35,0.00465713256469169,-5.623343767643463,0.014802977620343721,0.35,100,0.9195402298850576,wsdcon_9.csv,WSD-con 9e-5,cosine_72000.csv|wsdld_20000_24000.csv|wsdcon_3.csv|wsdcon_18.csv,Cosine + WSD linear + WSD-con 3e-5 + WSD-con 18e-5,4,1
0.0037480705220761528,train_size_rho0p5,0.003304833178403257,-11.825747169436262,0.014309545032998928,0.5,100,0.8888888888888888,wsd_20000_24000.csv,WSD sharp,cosine_72000.csv|wsdld_20000_24000.csv|wsdcon_3.csv|wsdcon_18.csv,Cosine + WSD linear + WSD-con 3e-5 + WSD-con 18e-5,4,1
0.004934623402238123,train_size_rho0p5,0.004656763201813584,-5.630828895646111,0.014309545032998928,0.5,100,0.8888888888888888,wsdcon_9.csv,WSD-con 9e-5,cosine_72000.csv|wsdld_20000_24000.csv|wsdcon_3.csv|wsdcon_18.csv,Cosine + WSD linear + WSD-con 3e-5 + WSD-con 18e-5,4,1
0.0037480705220761528,train_size_rho0p75,0.0033281614596491972,-11.203339423676507,0.013556411083893721,0.75,100,0.8421052631578947,wsd_20000_24000.csv,WSD sharp,cosine_72000.csv|wsdld_20000_24000.csv|wsdcon_3.csv|wsdcon_18.csv,Cosine + WSD linear + WSD-con 3e-5 + WSD-con 18e-5,4,1
0.004934623402238123,train_size_rho0p75,0.004656718113092749,-5.631742617264946,0.013556411083893721,0.75,100,0.8421052631578947,wsdcon_9.csv,WSD-con 9e-5,cosine_72000.csv|wsdld_20000_24000.csv|wsdcon_3.csv|wsdcon_18.csv,Cosine + WSD linear + WSD-con 3e-5 + WSD-con 18e-5,4,1
0.0037480705220761528,train_size_rho1p0,0.0033491569127705504,-10.643172452492545,0.012878590529699037,1.0,100,0.8,wsd_20000_24000.csv,WSD sharp,cosine_72000.csv|wsdld_20000_24000.csv|wsdcon_3.csv|wsdcon_18.csv,Cosine + WSD linear + WSD-con 3e-5 + WSD-con 18e-5,4,1
0.004934623402238123,train_size_rho1p0,0.004659674666069005,-5.571828157026415,0.012878590529699037,1.0,100,0.8,wsdcon_9.csv,WSD-con 9e-5,cosine_72000.csv|wsdld_20000_24000.csv|wsdcon_3.csv|wsdcon_18.csv,Cosine + WSD linear + WSD-con 3e-5 + WSD-con 18e-5,4,1
0.0037480705220761528,train_selected_rho,0.0032494285104441435,-13.303965565615838,0.016098238162123794,0.0,100,1.0,wsd_20000_24000.csv,WSD sharp,cosine_72000.csv|wsdld_20000_24000.csv|wsdcon_3.csv|wsdcon_18.csv,Cosine + WSD linear + WSD-con 3e-5 + WSD-con 18e-5,4,1
0.004934623402238123,train_selected_rho,0.004661025225144894,-5.544459116558665,0.016098238162123794,0.0,100,1.0,wsdcon_9.csv,WSD-con 9e-5,cosine_72000.csv|wsdld_20000_24000.csv|wsdcon_3.csv|wsdcon_18.csv,Cosine + WSD linear + WSD-con 3e-5 + WSD-con 18e-5,4,1
0.004701998914275349,none,0.00391537799656581,-16.729500198763215,0.025181395237438266,0.0,400,1.0,wsd_20000_24000.csv,WSD sharp,cosine_72000.csv|wsdld_20000_24000.csv|wsdcon_3.csv|wsdcon_18.csv,Cosine + WSD linear + WSD-con 3e-5 + WSD-con 18e-5,4,1
0.006687305974578527,none,0.006162235363262081,-7.851750963878079,0.025181395237438266,0.0,400,1.0,wsdcon_9.csv,WSD-con 9e-5,cosine_72000.csv|wsdld_20000_24000.csv|wsdcon_3.csv|wsdcon_18.csv,Cosine + WSD linear + WSD-con 3e-5 + WSD-con 18e-5,4,1
0.004701998914275349,constant_0p85,0.004033371134222254,-14.220075168948455,0.021404185951822526,0.0,400,0.85,wsd_20000_24000.csv,WSD sharp,cosine_72000.csv|wsdld_20000_24000.csv|wsdcon_3.csv|wsdcon_18.csv,Cosine + WSD linear + WSD-con 3e-5 + WSD-con 18e-5,4,1
0.006687305974578527,constant_0p85,0.006203856420662311,-7.2293619546350385,0.021404185951822526,0.0,400,0.85,wsdcon_9.csv,WSD-con 9e-5,cosine_72000.csv|wsdld_20000_24000.csv|wsdcon_3.csv|wsdcon_18.csv,Cosine + WSD linear + WSD-con 3e-5 + WSD-con 18e-5,4,1
0.004701998914275349,train_size_rho0p25,0.003961649815254617,-15.745411951776923,0.023700136694059543,0.25,400,0.9411764705882353,wsd_20000_24000.csv,WSD sharp,cosine_72000.csv|wsdld_20000_24000.csv|wsdcon_3.csv|wsdcon_18.csv,Cosine + WSD linear + WSD-con 3e-5 + WSD-con 18e-5,4,1
0.006687305974578527,train_size_rho0p25,0.006175442542229543,-7.654254707273878,0.023700136694059543,0.25,400,0.9411764705882353,wsdcon_9.csv,WSD-con 9e-5,cosine_72000.csv|wsdld_20000_24000.csv|wsdcon_3.csv|wsdcon_18.csv,Cosine + WSD linear + WSD-con 3e-5 + WSD-con 18e-5,4,1
0.004701998914275349,train_size_rho0p35,0.0039786693347723225,-15.383448458632888,0.023155305965460476,0.35,400,0.9195402298850576,wsd_20000_24000.csv,WSD sharp,cosine_72000.csv|wsdld_20000_24000.csv|wsdcon_3.csv|wsdcon_18.csv,Cosine + WSD linear + WSD-con 3e-5 + WSD-con 18e-5,4,1
0.006687305974578527,train_size_rho0p35,0.006181135715245617,-7.5691206781488996,0.023155305965460476,0.35,400,0.9195402298850576,wsdcon_9.csv,WSD-con 9e-5,cosine_72000.csv|wsdld_20000_24000.csv|wsdcon_3.csv|wsdcon_18.csv,Cosine + WSD linear + WSD-con 3e-5 + WSD-con 18e-5,4,1
0.004701998914275349,train_size_rho0p5,0.004002780320755767,-14.870666843344916,0.022383462433278458,0.5,400,0.8888888888888888,wsd_20000_24000.csv,WSD sharp,cosine_72000.csv|wsdld_20000_24000.csv|wsdcon_3.csv|wsdcon_18.csv,Cosine + WSD linear + WSD-con 3e-5 + WSD-con 18e-5,4,1
0.006687305974578527,train_size_rho0p5,0.006191150351241975,-7.419364766957937,0.022383462433278458,0.5,400,0.8888888888888888,wsdcon_9.csv,WSD-con 9e-5,cosine_72000.csv|wsdld_20000_24000.csv|wsdcon_3.csv|wsdcon_18.csv,Cosine + WSD linear + WSD-con 3e-5 + WSD-con 18e-5,4,1
0.004701998914275349,train_size_rho0p75,0.004039581299362053,-14.088000167379555,0.021205385463105908,0.75,400,0.8421052631578947,wsd_20000_24000.csv,WSD sharp,cosine_72000.csv|wsdld_20000_24000.csv|wsdcon_3.csv|wsdcon_18.csv,Cosine + WSD linear + WSD-con 3e-5 + WSD-con 18e-5,4,1
0.006687305974578527,train_size_rho0p75,0.00620643584828898,-7.190789955141163,0.021205385463105908,0.75,400,0.8421052631578947,wsdcon_9.csv,WSD-con 9e-5,cosine_72000.csv|wsdld_20000_24000.csv|wsdcon_3.csv|wsdcon_18.csv,Cosine + WSD linear + WSD-con 3e-5 + WSD-con 18e-5,4,1
0.004701998914275349,train_size_rho1p0,0.004072702180107729,-13.383600159010333,0.020145116189950615,1.0,400,0.8,wsd_20000_24000.csv,WSD sharp,cosine_72000.csv|wsdld_20000_24000.csv|wsdcon_3.csv|wsdcon_18.csv,Cosine + WSD linear + WSD-con 3e-5 + WSD-con 18e-5,4,1
0.006687305974578527,train_size_rho1p0,0.006221281015780382,-6.968799701549733,0.020145116189950615,1.0,400,0.8,wsdcon_9.csv,WSD-con 9e-5,cosine_72000.csv|wsdld_20000_24000.csv|wsdcon_3.csv|wsdcon_18.csv,Cosine + WSD linear + WSD-con 3e-5 + WSD-con 18e-5,4,1
0.004701998914275349,train_selected_rho,0.00391537799656581,-16.729500198763215,0.025181395237438266,0.0,400,1.0,wsd_20000_24000.csv,WSD sharp,cosine_72000.csv|wsdld_20000_24000.csv|wsdcon_3.csv|wsdcon_18.csv,Cosine + WSD linear + WSD-con 3e-5 + WSD-con 18e-5,4,1
0.006687305974578527,train_selected_rho,0.006162235363262081,-7.851750963878079,0.025181395237438266,0.0,400,1.0,wsdcon_9.csv,WSD-con 9e-5,cosine_72000.csv|wsdld_20000_24000.csv|wsdcon_3.csv|wsdcon_18.csv,Cosine + WSD linear + WSD-con 3e-5 + WSD-con 18e-5,4,1
0.003408385839825258,none,0.0029944555504193646,-12.144466878407012,0.013285242935110922,0.0,25,1.0,wsd_20000_24000.csv,WSD sharp,cosine_72000.csv|wsdld_20000_24000.csv|wsdcon_9.csv|wsdcon_18.csv,Cosine + WSD linear + WSD-con 9e-5 + WSD-con 18e-5,4,1
0.004487187642230267,none,0.0028624931835699078,-36.20741070353005,0.013285242935110922,0.0,25,1.0,wsdcon_3.csv,WSD-con 3e-5,cosine_72000.csv|wsdld_20000_24000.csv|wsdcon_9.csv|wsdcon_18.csv,Cosine + WSD linear + WSD-con 9e-5 + WSD-con 18e-5,4,1
0.003408385839825258,constant_0p85,0.0030565450938302456,-10.322796846646053,0.011292456494844283,0.0,25,0.85,wsd_20000_24000.csv,WSD sharp,cosine_72000.csv|wsdld_20000_24000.csv|wsdcon_9.csv|wsdcon_18.csv,Cosine + WSD linear + WSD-con 9e-5 + WSD-con 18e-5,4,1
0.004487187642230267,constant_0p85,0.002995851130211432,-33.23543900824251,0.011292456494844283,0.0,25,0.85,wsdcon_3.csv,WSD-con 3e-5,cosine_72000.csv|wsdld_20000_24000.csv|wsdcon_9.csv|wsdcon_18.csv,Cosine + WSD linear + WSD-con 9e-5 + WSD-con 18e-5,4,1
0.003408385839825258,train_size_rho0p25,0.0030188043909726587,-11.430086473794654,0.012503758056574985,0.25,25,0.9411764705882353,wsd_20000_24000.csv,WSD sharp,cosine_72000.csv|wsdld_20000_24000.csv|wsdcon_9.csv|wsdcon_18.csv,Cosine + WSD linear + WSD-con 9e-5 + WSD-con 18e-5,4,1
0.004487187642230267,train_size_rho0p25,0.002909733948835566,-35.15461841953771,0.012503758056574985,0.25,25,0.9411764705882353,wsdcon_3.csv,WSD-con 3e-5,cosine_72000.csv|wsdld_20000_24000.csv|wsdcon_9.csv|wsdcon_18.csv,Cosine + WSD linear + WSD-con 9e-5 + WSD-con 18e-5,4,1
0.003408385839825258,train_size_rho0p35,0.003027760286348571,-11.16732586520195,0.012216315342630735,0.35,25,0.9195402298850576,wsd_20000_24000.csv,WSD sharp,cosine_72000.csv|wsdld_20000_24000.csv|wsdcon_9.csv|wsdcon_18.csv,Cosine + WSD linear + WSD-con 9e-5 + WSD-con 18e-5,4,1
0.004487187642230267,train_size_rho0p35,0.002927811563301822,-34.75174660075923,0.012216315342630735,0.35,25,0.9195402298850576,wsdcon_3.csv,WSD-con 3e-5,cosine_72000.csv|wsdld_20000_24000.csv|wsdcon_9.csv|wsdcon_18.csv,Cosine + WSD linear + WSD-con 9e-5 + WSD-con 18e-5,4,1
0.003408385839825258,train_size_rho0p5,0.0030404478047977943,-10.795081669695206,0.011809104831209708,0.5,25,0.8888888888888888,wsd_20000_24000.csv,WSD sharp,cosine_72000.csv|wsdld_20000_24000.csv|wsdcon_9.csv|wsdcon_18.csv,Cosine + WSD linear + WSD-con 9e-5 + WSD-con 18e-5,4,1
0.004487187642230267,train_size_rho0p5,0.0029563826875835483,-34.11501984538946,0.011809104831209708,0.5,25,0.8888888888888888,wsdcon_3.csv,WSD-con 3e-5,cosine_72000.csv|wsdld_20000_24000.csv|wsdcon_9.csv|wsdcon_18.csv,Cosine + WSD linear + WSD-con 9e-5 + WSD-con 18e-5,4,1
0.003408385839825258,train_size_rho0p75,0.0030598129645360832,-10.22691947655332,0.011187572997988143,0.75,25,0.8421052631578947,wsd_20000_24000.csv,WSD sharp,cosine_72000.csv|wsdld_20000_24000.csv|wsdcon_9.csv|wsdcon_18.csv,Cosine + WSD linear + WSD-con 9e-5 + WSD-con 18e-5,4,1
0.004487187642230267,train_size_rho0p75,0.0030040597260926,-33.05250491821439,0.011187572997988143,0.75,25,0.8421052631578947,wsdcon_3.csv,WSD-con 3e-5,cosine_72000.csv|wsdld_20000_24000.csv|wsdcon_9.csv|wsdcon_18.csv,Cosine + WSD linear + WSD-con 9e-5 + WSD-con 18e-5,4,1
0.003408385839825258,train_size_rho1p0,0.0030772416083005368,-9.715573502725805,0.010628194348088739,1.0,25,0.8,wsd_20000_24000.csv,WSD sharp,cosine_72000.csv|wsdld_20000_24000.csv|wsdcon_9.csv|wsdcon_18.csv,Cosine + WSD linear + WSD-con 9e-5 + WSD-con 18e-5,4,1
0.004487187642230267,train_size_rho1p0,0.0030490831031042553,-32.049128625502064,0.010628194348088739,1.0,25,0.8,wsdcon_3.csv,WSD-con 3e-5,cosine_72000.csv|wsdld_20000_24000.csv|wsdcon_9.csv|wsdcon_18.csv,Cosine + WSD linear + WSD-con 9e-5 + WSD-con 18e-5,4,1
0.003408385839825258,train_selected_rho,0.0029944555504193646,-12.144466878407012,0.013285242935110922,0.0,25,1.0,wsd_20000_24000.csv,WSD sharp,cosine_72000.csv|wsdld_20000_24000.csv|wsdcon_9.csv|wsdcon_18.csv,Cosine + WSD linear + WSD-con 9e-5 + WSD-con 18e-5,4,1
0.004487187642230267,train_selected_rho,0.0028624931835699078,-36.20741070353005,0.013285242935110922,0.0,25,1.0,wsdcon_3.csv,WSD-con 3e-5,cosine_72000.csv|wsdld_20000_24000.csv|wsdcon_9.csv|wsdcon_18.csv,Cosine + WSD linear + WSD-con 9e-5 + WSD-con 18e-5,4,1
0.0037480705220761528,none,0.0031996543234004793,-14.63196050996105,0.017705155948157133,0.0,100,1.0,wsd_20000_24000.csv,WSD sharp,cosine_72000.csv|wsdld_20000_24000.csv|wsdcon_9.csv|wsdcon_18.csv,Cosine + WSD linear + WSD-con 9e-5 + WSD-con 18e-5,4,1
0.0056693997340904675,none,0.0044369501658731506,-21.738625357575646,0.017705155948157133,0.0,100,1.0,wsdcon_3.csv,WSD-con 3e-5,cosine_72000.csv|wsdld_20000_24000.csv|wsdcon_9.csv|wsdcon_18.csv,Cosine + WSD linear + WSD-con 9e-5 + WSD-con 18e-5,4,1
0.0037480705220761528,constant_0p85,0.0032819167532018374,-12.437166433466695,0.015049382555933563,0.0,100,0.85,wsd_20000_24000.csv,WSD sharp,cosine_72000.csv|wsdld_20000_24000.csv|wsdcon_9.csv|wsdcon_18.csv,Cosine + WSD linear + WSD-con 9e-5 + WSD-con 18e-5,4,1
0.0056693997340904675,constant_0p85,0.004498346188064634,-20.655688449417553,0.015049382555933563,0.0,100,0.85,wsdcon_3.csv,WSD-con 3e-5,cosine_72000.csv|wsdld_20000_24000.csv|wsdcon_9.csv|wsdcon_18.csv,Cosine + WSD linear + WSD-con 9e-5 + WSD-con 18e-5,4,1
0.0037480705220761528,train_size_rho0p25,0.0032319140997931735,-13.771256950551368,0.01666367618650083,0.25,100,0.9411764705882353,wsd_20000_24000.csv,WSD sharp,cosine_72000.csv|wsdld_20000_24000.csv|wsdcon_9.csv|wsdcon_18.csv,Cosine + WSD linear + WSD-con 9e-5 + WSD-con 18e-5,4,1
0.0056693997340904675,train_size_rho0p25,0.004456528500516432,-21.393291890867438,0.01666367618650083,0.25,100,0.9411764705882353,wsdcon_3.csv,WSD-con 3e-5,cosine_72000.csv|wsdld_20000_24000.csv|wsdcon_9.csv|wsdcon_18.csv,Cosine + WSD linear + WSD-con 9e-5 + WSD-con 18e-5,4,1
0.0037480705220761528,train_size_rho0p35,0.0032437797646732384,-13.454676330998561,0.016280603170719204,0.35,100,0.9195402298850576,wsd_20000_24000.csv,WSD sharp,cosine_72000.csv|wsdld_20000_24000.csv|wsdcon_9.csv|wsdcon_18.csv,Cosine + WSD linear + WSD-con 9e-5 + WSD-con 18e-5,4,1
0.0056693997340904675,train_size_rho0p35,0.004464203752609218,-21.257911560448417,0.016280603170719204,0.35,100,0.9195402298850576,wsdcon_3.csv,WSD-con 3e-5,cosine_72000.csv|wsdld_20000_24000.csv|wsdcon_9.csv|wsdcon_18.csv,Cosine + WSD linear + WSD-con 9e-5 + WSD-con 18e-5,4,1
0.0037480705220761528,train_size_rho0p5,0.0032605894565866777,-13.006187119965041,0.015737916398361897,0.5,100,0.8888888888888888,wsd_20000_24000.csv,WSD sharp,cosine_72000.csv|wsdld_20000_24000.csv|wsdcon_9.csv|wsdcon_18.csv,Cosine + WSD linear + WSD-con 9e-5 + WSD-con 18e-5,4,1
0.0056693997340904675,train_size_rho0p5,0.004478563227840591,-21.004631214999712,0.015737916398361897,0.5,100,0.8888888888888888,wsdcon_3.csv,WSD-con 3e-5,cosine_72000.csv|wsdld_20000_24000.csv|wsdcon_9.csv|wsdcon_18.csv,Cosine + WSD linear + WSD-con 9e-5 + WSD-con 18e-5,4,1
0.0037480705220761528,train_size_rho0p75,0.003286246354770325,-12.321650955756603,0.014909605008974426,0.75,100,0.8421052631578947,wsd_20000_24000.csv,WSD sharp,cosine_72000.csv|wsdld_20000_24000.csv|wsdcon_9.csv|wsdcon_18.csv,Cosine + WSD linear + WSD-con 9e-5 + WSD-con 18e-5,4,1
0.0056693997340904675,train_size_rho0p75,0.004503075245939643,-20.572274717861927,0.014909605008974426,0.75,100,0.8421052631578947,wsdcon_3.csv,WSD-con 3e-5,cosine_72000.csv|wsdld_20000_24000.csv|wsdcon_9.csv|wsdcon_18.csv,Cosine + WSD linear + WSD-con 9e-5 + WSD-con 18e-5,4,1
0.0037480705220761528,train_size_rho1p0,0.003309337563135614,-11.705568407968837,0.014164124758525708,1.0,100,0.8,wsd_20000_24000.csv,WSD sharp,cosine_72000.csv|wsdld_20000_24000.csv|wsdcon_9.csv|wsdcon_18.csv,Cosine + WSD linear + WSD-con 9e-5 + WSD-con 18e-5,4,1
0.0056693997340904675,train_size_rho1p0,0.00452923056045973,-20.11093285193538,0.014164124758525708,1.0,100,0.8,wsdcon_3.csv,WSD-con 3e-5,cosine_72000.csv|wsdld_20000_24000.csv|wsdcon_9.csv|wsdcon_18.csv,Cosine + WSD linear + WSD-con 9e-5 + WSD-con 18e-5,4,1
0.0037480705220761528,train_selected_rho,0.0031996543234004793,-14.63196050996105,0.017705155948157133,0.0,100,1.0,wsd_20000_24000.csv,WSD sharp,cosine_72000.csv|wsdld_20000_24000.csv|wsdcon_9.csv|wsdcon_18.csv,Cosine + WSD linear + WSD-con 9e-5 + WSD-con 18e-5,4,1
0.0056693997340904675,train_selected_rho,0.0044369501658731506,-21.738625357575646,0.017705155948157133,0.0,100,1.0,wsdcon_3.csv,WSD-con 3e-5,cosine_72000.csv|wsdld_20000_24000.csv|wsdcon_9.csv|wsdcon_18.csv,Cosine + WSD linear + WSD-con 9e-5 + WSD-con 18e-5,4,1
0.004701998914275349,none,0.003750756109474435,-20.230604518281027,0.030451289172691975,0.0,400,1.0,wsd_20000_24000.csv,WSD sharp,cosine_72000.csv|wsdld_20000_24000.csv|wsdcon_9.csv|wsdcon_18.csv,Cosine + WSD linear + WSD-con 9e-5 + WSD-con 18e-5,4,1
0.008173606778800102,none,0.005171363992830778,-36.73094225374588,0.030451289172691975,0.0,400,1.0,wsdcon_3.csv,WSD-con 3e-5,cosine_72000.csv|wsdld_20000_24000.csv|wsdcon_9.csv|wsdcon_18.csv,Cosine + WSD linear + WSD-con 9e-5 + WSD-con 18e-5,4,1
0.004701998914275349,constant_0p85,0.0038934425301945714,-17.196013840538892,0.02588359579678818,0.0,400,0.85,wsd_20000_24000.csv,WSD sharp,cosine_72000.csv|wsdld_20000_24000.csv|wsdcon_9.csv|wsdcon_18.csv,Cosine + WSD linear + WSD-con 9e-5 + WSD-con 18e-5,4,1
0.008173606778800102,constant_0p85,0.005419048426367739,-33.70064681331216,0.02588359579678818,0.0,400,0.85,wsdcon_3.csv,WSD-con 3e-5,cosine_72000.csv|wsdld_20000_24000.csv|wsdcon_9.csv|wsdcon_18.csv,Cosine + WSD linear + WSD-con 9e-5 + WSD-con 18e-5,4,1
0.004701998914275349,train_size_rho0p25,0.003806711568580372,-19.04056895838213,0.028660036868415974,0.25,400,0.9411764705882353,wsd_20000_24000.csv,WSD sharp,cosine_72000.csv|wsdld_20000_24000.csv|wsdcon_9.csv|wsdcon_18.csv,Cosine + WSD linear + WSD-con 9e-5 + WSD-con 18e-5,4,1
0.008173606778800102,train_size_rho0p25,0.00525317888134248,-35.72997792152592,0.028660036868415974,0.25,400,0.9411764705882353,wsdcon_3.csv,WSD-con 3e-5,cosine_72000.csv|wsdld_20000_24000.csv|wsdcon_9.csv|wsdcon_18.csv,Cosine + WSD linear + WSD-con 9e-5 + WSD-con 18e-5,4,1
0.004701998914275349,train_size_rho0p35,0.003827292886872203,-18.602854729453956,0.028001185446153543,0.35,400,0.9195402298850576,wsd_20000_24000.csv,WSD sharp,cosine_72000.csv|wsdld_20000_24000.csv|wsdcon_9.csv|wsdcon_18.csv,Cosine + WSD linear + WSD-con 9e-5 + WSD-con 18e-5,4,1
0.008173606778800102,train_size_rho0p35,0.005288971669669017,-35.292071018304526,0.028001185446153543,0.35,400,0.9195402298850576,wsdcon_3.csv,WSD-con 3e-5,cosine_72000.csv|wsdld_20000_24000.csv|wsdcon_9.csv|wsdcon_18.csv,Cosine + WSD linear + WSD-con 9e-5 + WSD-con 18e-5,4,1
0.004701998914275349,train_size_rho0p5,0.0038564497544523136,-17.982759571805374,0.02706781259794842,0.5,400,0.8888888888888888,wsd_20000_24000.csv,WSD sharp,cosine_72000.csv|wsdld_20000_24000.csv|wsdcon_9.csv|wsdcon_18.csv,Cosine + WSD linear + WSD-con 9e-5 + WSD-con 18e-5,4,1
0.008173606778800102,train_size_rho0p5,0.005342858013779386,-34.63279848943594,0.02706781259794842,0.5,400,0.8888888888888888,wsdcon_3.csv,WSD-con 3e-5,cosine_72000.csv|wsdld_20000_24000.csv|wsdcon_9.csv|wsdcon_18.csv,Cosine + WSD linear + WSD-con 9e-5 + WSD-con 18e-5,4,1
0.004701998914275349,train_size_rho0p75,0.003900952341811423,-17.036298541710305,0.025643190882266926,0.75,400,0.8421052631578947,wsd_20000_24000.csv,WSD sharp,cosine_72000.csv|wsdld_20000_24000.csv|wsdcon_9.csv|wsdcon_18.csv,Cosine + WSD linear + WSD-con 9e-5 + WSD-con 18e-5,4,1
0.008173606778800102,train_size_rho0p75,0.005435091570052262,-33.5043669564669,0.025643190882266926,0.75,400,0.8421052631578947,wsdcon_3.csv,WSD-con 3e-5,cosine_72000.csv|wsdld_20000_24000.csv|wsdcon_9.csv|wsdcon_18.csv,Cosine + WSD linear + WSD-con 9e-5 + WSD-con 18e-5,4,1
0.004701998914275349,train_size_rho1p0,0.003941004670434617,-16.184483614624835,0.02436103133815358,1.0,400,0.8,wsd_20000_24000.csv,WSD sharp,cosine_72000.csv|wsdld_20000_24000.csv|wsdcon_9.csv|wsdcon_18.csv,Cosine + WSD linear + WSD-con 9e-5 + WSD-con 18e-5,4,1
0.008173606778800102,train_size_rho1p0,0.005525374768540537,-32.399797077690216,0.02436103133815358,1.0,400,0.8,wsdcon_3.csv,WSD-con 3e-5,cosine_72000.csv|wsdld_20000_24000.csv|wsdcon_9.csv|wsdcon_18.csv,Cosine + WSD linear + WSD-con 9e-5 + WSD-con 18e-5,4,1
0.004701998914275349,train_selected_rho,0.003750756109474435,-20.230604518281027,0.030451289172691975,0.0,400,1.0,wsd_20000_24000.csv,WSD sharp,cosine_72000.csv|wsdld_20000_24000.csv|wsdcon_9.csv|wsdcon_18.csv,Cosine + WSD linear + WSD-con 9e-5 + WSD-con 18e-5,4,1
0.008173606778800102,train_selected_rho,0.005171363992830778,-36.73094225374588,0.030451289172691975,0.0,400,1.0,wsdcon_3.csv,WSD-con 3e-5,cosine_72000.csv|wsdld_20000_24000.csv|wsdcon_9.csv|wsdcon_18.csv,Cosine + WSD linear + WSD-con 9e-5 + WSD-con 18e-5,4,1
0.003408385839825258,none,0.0030695928815129966,-9.939982567514438,0.010873683011560727,0.0,25,1.0,wsd_20000_24000.csv,WSD sharp,cosine_72000.csv|wsdcon_3.csv|wsdcon_9.csv|wsdcon_18.csv,Cosine + WSD-con 3e-5 + WSD-con 9e-5 + WSD-con 18e-5,4,1
0.0031360955249893426,none,0.0028923011606066585,-7.773818190168569,0.010873683011560727,0.0,25,1.0,wsdld_20000_24000.csv,WSD linear,cosine_72000.csv|wsdcon_3.csv|wsdcon_9.csv|wsdcon_18.csv,Cosine + WSD-con 3e-5 + WSD-con 9e-5 + WSD-con 18e-5,4,1
0.003408385839825258,constant_0p85,0.0031204118252598375,-8.448985182387226,0.009242630559826617,0.0,25,0.85,wsd_20000_24000.csv,WSD sharp,cosine_72000.csv|wsdcon_3.csv|wsdcon_9.csv|wsdcon_18.csv,Cosine + WSD-con 3e-5 + WSD-con 9e-5 + WSD-con 18e-5,4,1
0.0031360955249893426,constant_0p85,0.00292887031526406,-6.607745461643311,0.009242630559826617,0.0,25,0.85,wsdld_20000_24000.csv,WSD linear,cosine_72000.csv|wsdcon_3.csv|wsdcon_9.csv|wsdcon_18.csv,Cosine + WSD-con 3e-5 + WSD-con 9e-5 + WSD-con 18e-5,4,1
0.003408385839825258,train_size_rho0p25,0.0030895218790607734,-9.355277710601918,0.010234054599115978,0.25,25,0.9411764705882353,wsd_20000_24000.csv,WSD sharp,cosine_72000.csv|wsdcon_3.csv|wsdcon_9.csv|wsdcon_18.csv,Cosine + WSD-con 3e-5 + WSD-con 9e-5 + WSD-con 18e-5,4,1
0.0031360955249893426,train_size_rho0p25,0.0029066420055703446,-7.31653476721752,0.010234054599115978,0.25,25,0.9411764705882353,wsdld_20000_24000.csv,WSD linear,cosine_72000.csv|wsdcon_3.csv|wsdcon_9.csv|wsdcon_18.csv,Cosine + WSD-con 3e-5 + WSD-con 9e-5 + WSD-con 18e-5,4,1
0.003408385839825258,train_size_rho0p35,0.0030968520850553566,-9.140213855185863,0.009998788976147796,0.35,25,0.9195402298850576,wsd_20000_24000.csv,WSD sharp,cosine_72000.csv|wsdcon_3.csv|wsdcon_9.csv|wsdcon_18.csv,Cosine + WSD-con 3e-5 + WSD-con 9e-5 + WSD-con 18e-5,4,1
0.0031360955249893426,train_size_rho0p35,0.0029119167991202084,-7.14833856567223,0.009998788976147796,0.35,25,0.9195402298850576,wsdld_20000_24000.csv,WSD linear,cosine_72000.csv|wsdcon_3.csv|wsdcon_9.csv|wsdcon_18.csv,Cosine + WSD-con 3e-5 + WSD-con 9e-5 + WSD-con 18e-5,4,1
0.003408385839825258,train_size_rho0p5,0.00310723654354769,-8.835540060012903,0.009665496010276201,0.5,25,0.8888888888888888,wsd_20000_24000.csv,WSD sharp,cosine_72000.csv|wsdcon_3.csv|wsdcon_9.csv|wsdcon_18.csv,Cosine + WSD-con 3e-5 + WSD-con 9e-5 + WSD-con 18e-5,4,1
0.0031360955249893426,train_size_rho0p5,0.002919389423315841,-6.910060613483326,0.009665496010276201,0.5,25,0.8888888888888888,wsdld_20000_24000.csv,WSD linear,cosine_72000.csv|wsdcon_3.csv|wsdcon_9.csv|wsdcon_18.csv,Cosine + WSD-con 3e-5 + WSD-con 9e-5 + WSD-con 18e-5,4,1
0.003408385839825258,train_size_rho0p75,0.0031230865065096656,-8.370511635801748,0.009156785693945875,0.75,25,0.8421052631578947,wsd_20000_24000.csv,WSD sharp,cosine_72000.csv|wsdcon_3.csv|wsdcon_9.csv|wsdcon_18.csv,Cosine + WSD-con 3e-5 + WSD-con 9e-5 + WSD-con 18e-5,4,1
0.0031360955249893426,train_size_rho0p75,0.0029307950076144485,-6.546373212773604,0.009156785693945875,0.75,25,0.8421052631578947,wsdld_20000_24000.csv,WSD linear,cosine_72000.csv|wsdcon_3.csv|wsdcon_9.csv|wsdcon_18.csv,Cosine + WSD-con 3e-5 + WSD-con 9e-5 + WSD-con 18e-5,4,1
0.003408385839825258,train_size_rho1p0,0.0031373514731754476,-7.951986054011584,0.008698946409248582,1.0,25,0.8,wsd_20000_24000.csv,WSD sharp,cosine_72000.csv|wsdcon_3.csv|wsdcon_9.csv|wsdcon_18.csv,Cosine + WSD-con 3e-5 + WSD-con 9e-5 + WSD-con 18e-5,4,1
0.0031360955249893426,train_size_rho1p0,0.0029410600334832003,-6.219054552134695,0.008698946409248582,1.0,25,0.8,wsdld_20000_24000.csv,WSD linear,cosine_72000.csv|wsdcon_3.csv|wsdcon_9.csv|wsdcon_18.csv,Cosine + WSD-con 3e-5 + WSD-con 9e-5 + WSD-con 18e-5,4,1
0.003408385839825258,train_selected_rho,0.0030695928815129966,-9.939982567514438,0.010873683011560727,0.0,25,1.0,wsd_20000_24000.csv,WSD sharp,cosine_72000.csv|wsdcon_3.csv|wsdcon_9.csv|wsdcon_18.csv,Cosine + WSD-con 3e-5 + WSD-con 9e-5 + WSD-con 18e-5,4,1
0.0031360955249893426,train_selected_rho,0.0028923011606066585,-7.773818190168569,0.010873683011560727,0.0,25,1.0,wsdld_20000_24000.csv,WSD linear,cosine_72000.csv|wsdcon_3.csv|wsdcon_9.csv|wsdcon_18.csv,Cosine + WSD-con 3e-5 + WSD-con 9e-5 + WSD-con 18e-5,4,1
0.0037480705220761528,none,0.003276006589895636,-12.59485192181038,0.015240187209895447,0.0,100,1.0,wsd_20000_24000.csv,WSD sharp,cosine_72000.csv|wsdcon_3.csv|wsdcon_9.csv|wsdcon_18.csv,Cosine + WSD-con 3e-5 + WSD-con 9e-5 + WSD-con 18e-5,4,1
0.003248313740665229,none,0.002908617995903421,-10.457602678866873,0.015240187209895447,0.0,100,1.0,wsdld_20000_24000.csv,WSD linear,cosine_72000.csv|wsdcon_3.csv|wsdcon_9.csv|wsdcon_18.csv,Cosine + WSD-con 3e-5 + WSD-con 9e-5 + WSD-con 18e-5,4,1
0.0037480705220761528,constant_0p85,0.0033468161797227084,-10.70562413353896,0.01295415912841113,0.0,100,0.85,wsd_20000_24000.csv,WSD sharp,cosine_72000.csv|wsdcon_3.csv|wsdcon_9.csv|wsdcon_18.csv,Cosine + WSD-con 3e-5 + WSD-con 9e-5 + WSD-con 18e-5,4,1
0.003248313740665229,constant_0p85,0.002959572357617691,-8.888962277036882,0.01295415912841113,0.0,100,0.85,wsdld_20000_24000.csv,WSD linear,cosine_72000.csv|wsdcon_3.csv|wsdcon_9.csv|wsdcon_18.csv,Cosine + WSD-con 3e-5 + WSD-con 9e-5 + WSD-con 18e-5,4,1
0.0037480705220761528,train_size_rho0p25,0.00330377505649448,-11.853978279351207,0.014343705609313362,0.25,100,0.9411764705882353,wsd_20000_24000.csv,WSD sharp,cosine_72000.csv|wsdcon_3.csv|wsdcon_9.csv|wsdcon_18.csv,Cosine + WSD-con 3e-5 + WSD-con 9e-5 + WSD-con 18e-5,4,1
0.003248313740665229,train_size_rho0p25,0.0029286000985364654,-9.842449580110102,0.014343705609313362,0.25,100,0.9411764705882353,wsdld_20000_24000.csv,WSD linear,cosine_72000.csv|wsdcon_3.csv|wsdcon_9.csv|wsdcon_18.csv,Cosine + WSD-con 3e-5 + WSD-con 9e-5 + WSD-con 18e-5,4,1
0.0037480705220761528,train_size_rho0p35,0.003313988745358428,-11.581473031549994,0.014013965250478573,0.35,100,0.9195402298850576,wsd_20000_24000.csv,WSD sharp,cosine_72000.csv|wsdcon_3.csv|wsdcon_9.csv|wsdcon_18.csv,Cosine + WSD-con 3e-5 + WSD-con 9e-5 + WSD-con 18e-5,4,1
0.003248313740665229,train_size_rho0p35,0.002935949837435977,-9.616186371371938,0.014013965250478573,0.35,100,0.9195402298850576,wsdld_20000_24000.csv,WSD linear,cosine_72000.csv|wsdcon_3.csv|wsdcon_9.csv|wsdcon_18.csv,Cosine + WSD-con 3e-5 + WSD-con 9e-5 + WSD-con 18e-5,4,1
0.0037480705220761528,train_size_rho0p5,0.0033284581379156917,-11.19542393049816,0.013546833075462618,0.5,100,0.8888888888888888,wsd_20000_24000.csv,WSD sharp,cosine_72000.csv|wsdcon_3.csv|wsdcon_9.csv|wsdcon_18.csv,Cosine + WSD-con 3e-5 + WSD-con 9e-5 + WSD-con 18e-5,4,1
0.003248313740665229,train_size_rho0p5,0.0029463619675436196,-9.29564682565952,0.013546833075462618,0.5,100,0.8888888888888888,wsdld_20000_24000.csv,WSD linear,cosine_72000.csv|wsdcon_3.csv|wsdcon_9.csv|wsdcon_18.csv,Cosine + WSD-con 3e-5 + WSD-con 9e-5 + WSD-con 18e-5,4,1
0.0037480705220761528,train_size_rho0p75,0.0033505430002399267,-10.606191092050887,0.012833841860964586,0.75,100,0.8421052631578947,wsd_20000_24000.csv,WSD sharp,cosine_72000.csv|wsdcon_3.csv|wsdcon_9.csv|wsdcon_18.csv,Cosine + WSD-con 3e-5 + WSD-con 9e-5 + WSD-con 18e-5,4,1
0.003248313740665229,train_size_rho0p75,0.0029622541661289688,-8.806402255887924,0.012833841860964586,0.75,100,0.8421052631578947,wsdld_20000_24000.csv,WSD linear,cosine_72000.csv|wsdcon_3.csv|wsdcon_9.csv|wsdcon_18.csv,Cosine + WSD-con 3e-5 + WSD-con 9e-5 + WSD-con 18e-5,4,1
0.0037480705220761528,train_size_rho1p0,0.003370419376331736,-10.075881537448394,0.012192149767916358,1.0,100,0.8,wsd_20000_24000.csv,WSD sharp,cosine_72000.csv|wsdcon_3.csv|wsdcon_9.csv|wsdcon_18.csv,Cosine + WSD-con 3e-5 + WSD-con 9e-5 + WSD-con 18e-5,4,1
0.003248313740665229,train_size_rho1p0,0.002976557144855782,-8.366082143093523,0.012192149767916358,1.0,100,0.8,wsdld_20000_24000.csv,WSD linear,cosine_72000.csv|wsdcon_3.csv|wsdcon_9.csv|wsdcon_18.csv,Cosine + WSD-con 3e-5 + WSD-con 9e-5 + WSD-con 18e-5,4,1
0.0037480705220761528,train_selected_rho,0.003276006589895636,-12.59485192181038,0.015240187209895447,0.0,100,1.0,wsd_20000_24000.csv,WSD sharp,cosine_72000.csv|wsdcon_3.csv|wsdcon_9.csv|wsdcon_18.csv,Cosine + WSD-con 3e-5 + WSD-con 9e-5 + WSD-con 18e-5,4,1
0.003248313740665229,train_selected_rho,0.002908617995903421,-10.457602678866873,0.015240187209895447,0.0,100,1.0,wsdld_20000_24000.csv,WSD linear,cosine_72000.csv|wsdcon_3.csv|wsdcon_9.csv|wsdcon_18.csv,Cosine + WSD-con 3e-5 + WSD-con 9e-5 + WSD-con 18e-5,4,1
0.004701998914275349,none,0.003947836107100139,-16.03919568942388,0.024142342637102188,0.0,400,1.0,wsd_20000_24000.csv,WSD sharp,cosine_72000.csv|wsdcon_3.csv|wsdcon_9.csv|wsdcon_18.csv,Cosine + WSD-con 3e-5 + WSD-con 9e-5 + WSD-con 18e-5,4,1
0.0038535563963712593,none,0.0033117155715586765,-14.06079914446854,0.024142342637102188,0.0,400,1.0,wsdld_20000_24000.csv,WSD linear,cosine_72000.csv|wsdcon_3.csv|wsdcon_9.csv|wsdcon_18.csv,Cosine + WSD-con 3e-5 + WSD-con 9e-5 + WSD-con 18e-5,4,1
0.004701998914275349,constant_0p85,0.004060960528176409,-13.633316336010559,0.02052099124153686,0.0,400,0.85,wsd_20000_24000.csv,WSD sharp,cosine_72000.csv|wsdcon_3.csv|wsdcon_9.csv|wsdcon_18.csv,Cosine + WSD-con 3e-5 + WSD-con 9e-5 + WSD-con 18e-5,4,1
0.0038535563963712593,constant_0p85,0.0033929916952805616,-11.951679272798321,0.02052099124153686,0.0,400,0.85,wsdld_20000_24000.csv,WSD linear,cosine_72000.csv|wsdcon_3.csv|wsdcon_9.csv|wsdcon_18.csv,Cosine + WSD-con 3e-5 + WSD-con 9e-5 + WSD-con 18e-5,4,1
0.004701998914275349,train_size_rho0p25,0.003992198625169247,-15.095713590046477,0.022722204834919706,0.25,400,0.9411764705882353,wsd_20000_24000.csv,WSD sharp,cosine_72000.csv|wsdcon_3.csv|wsdcon_9.csv|wsdcon_18.csv,Cosine + WSD-con 3e-5 + WSD-con 9e-5 + WSD-con 18e-5,4,1
0.0038535563963712593,train_size_rho0p25,0.0033435885612535295,-13.233693312441108,0.022722204834919706,0.25,400,0.9411764705882353,wsdld_20000_24000.csv,WSD linear,cosine_72000.csv|wsdcon_3.csv|wsdcon_9.csv|wsdcon_18.csv,Cosine + WSD-con 3e-5 + WSD-con 9e-5 + WSD-con 18e-5,4,1
0.004701998914275349,train_size_rho0p35,0.004008515873194688,-14.748685691424434,0.022199855298484773,0.35,400,0.9195402298850576,wsd_20000_24000.csv,WSD sharp,cosine_72000.csv|wsdcon_3.csv|wsdcon_9.csv|wsdcon_18.csv,Cosine + WSD-con 3e-5 + WSD-con 9e-5 + WSD-con 18e-5,4,1
0.0038535563963712593,train_size_rho0p35,0.0033553119597619857,-12.929470477672279,0.022199855298484773,0.35,400,0.9195402298850576,wsdld_20000_24000.csv,WSD linear,cosine_72000.csv|wsdcon_3.csv|wsdcon_9.csv|wsdcon_18.csv,Cosine + WSD-con 3e-5 + WSD-con 9e-5 + WSD-con 18e-5,4,1
0.004701998914275349,train_size_rho0p5,0.004031631974564035,-14.257062835043799,0.02145986012186861,0.5,400,0.8888888888888888,wsd_20000_24000.csv,WSD sharp,cosine_72000.csv|wsdcon_3.csv|wsdcon_9.csv|wsdcon_18.csv,Cosine + WSD-con 3e-5 + WSD-con 9e-5 + WSD-con 18e-5,4,1
0.0038535563963712593,train_size_rho0p5,0.003371920107648962,-12.498488128416529,0.02145986012186861,0.5,400,0.8888888888888888,wsdld_20000_24000.csv,WSD linear,cosine_72000.csv|wsdcon_3.csv|wsdcon_9.csv|wsdcon_18.csv,Cosine + WSD-con 3e-5 + WSD-con 9e-5 + WSD-con 18e-5,4,1
0.004701998914275349,train_size_rho0p75,0.0040669144450751595,-13.50669110688354,0.020330393799665,0.75,400,0.8421052631578947,wsd_20000_24000.csv,WSD sharp,cosine_72000.csv|wsdcon_3.csv|wsdcon_9.csv|wsdcon_18.csv,Cosine + WSD-con 3e-5 + WSD-con 9e-5 + WSD-con 18e-5,4,1
0.0038535563963712593,train_size_rho0p75,0.003397269386002761,-11.840672963763177,0.020330393799665,0.75,400,0.8421052631578947,wsdld_20000_24000.csv,WSD linear,cosine_72000.csv|wsdcon_3.csv|wsdcon_9.csv|wsdcon_18.csv,Cosine + WSD-con 3e-5 + WSD-con 9e-5 + WSD-con 18e-5,4,1
0.004701998914275349,train_size_rho1p0,0.004098668668535172,-12.831356551539297,0.01931387410968175,1.0,400,0.8,wsd_20000_24000.csv,WSD sharp,cosine_72000.csv|wsdcon_3.csv|wsdcon_9.csv|wsdcon_18.csv,Cosine + WSD-con 3e-5 + WSD-con 9e-5 + WSD-con 18e-5,4,1
0.0038535563963712593,train_size_rho1p0,0.003420083736521195,-11.248639315574781,0.01931387410968175,1.0,400,0.8,wsdld_20000_24000.csv,WSD linear,cosine_72000.csv|wsdcon_3.csv|wsdcon_9.csv|wsdcon_18.csv,Cosine + WSD-con 3e-5 + WSD-con 9e-5 + WSD-con 18e-5,4,1
0.004701998914275349,train_selected_rho,0.003947836107100139,-16.03919568942388,0.024142342637102188,0.0,400,1.0,wsd_20000_24000.csv,WSD sharp,cosine_72000.csv|wsdcon_3.csv|wsdcon_9.csv|wsdcon_18.csv,Cosine + WSD-con 3e-5 + WSD-con 9e-5 + WSD-con 18e-5,4,1
0.0038535563963712593,train_selected_rho,0.0033117155715586765,-14.06079914446854,0.024142342637102188,0.0,400,1.0,wsdld_20000_24000.csv,WSD linear,cosine_72000.csv|wsdcon_3.csv|wsdcon_9.csv|wsdcon_18.csv,Cosine + WSD-con 3e-5 + WSD-con 9e-5 + WSD-con 18e-5,4,1
0.00744534704076948,none,0.007317262408281194,-1.720331259065777,0.01127365317720742,0.0,25,1.0,cosine_72000.csv,Cosine,wsd_20000_24000.csv|wsdld_20000_24000.csv|wsdcon_3.csv|wsdcon_9.csv,WSD sharp + WSD linear + WSD-con 3e-5 + WSD-con 9e-5,4,1
0.002504818961791151,none,0.002274152894831424,-9.208891759378158,0.01127365317720742,0.0,25,1.0,wsdcon_18.csv,WSD-con 18e-5,wsd_20000_24000.csv|wsdld_20000_24000.csv|wsdcon_3.csv|wsdcon_9.csv,WSD sharp + WSD linear + WSD-con 3e-5 + WSD-con 9e-5,4,1
0.00744534704076948,constant_0p85,0.007336475103154439,-1.4622815702058811,0.009582605200626306,0.0,25,0.85,cosine_72000.csv,Cosine,wsd_20000_24000.csv|wsdld_20000_24000.csv|wsdcon_3.csv|wsdcon_9.csv,WSD sharp + WSD linear + WSD-con 3e-5 + WSD-con 9e-5,4,1
0.002504818961791151,constant_0p85,0.002308752804875389,-7.827557995471201,0.009582605200626306,0.0,25,0.85,wsdcon_18.csv,WSD-con 18e-5,wsd_20000_24000.csv|wsdld_20000_24000.csv|wsdcon_3.csv|wsdcon_9.csv,WSD sharp + WSD linear + WSD-con 3e-5 + WSD-con 9e-5,4,1
0.00744534704076948,train_size_rho0p25,0.0073247967984275564,-1.619135302650243,0.010610497107959926,0.25,25,0.9411764705882353,cosine_72000.csv,Cosine,wsd_20000_24000.csv|wsdld_20000_24000.csv|wsdcon_3.csv|wsdcon_9.csv,WSD sharp + WSD linear + WSD-con 3e-5 + WSD-con 9e-5,4,1
0.002504818961791151,train_size_rho0p25,0.0022877214870055153,-8.667192244121036,0.010610497107959926,0.25,25,0.9411764705882353,wsdcon_18.csv,WSD-con 18e-5,wsd_20000_24000.csv|wsdld_20000_24000.csv|wsdcon_3.csv|wsdcon_9.csv,WSD sharp + WSD linear + WSD-con 3e-5 + WSD-con 9e-5,4,1
0.00744534704076948,train_size_rho0p35,0.007327568068366465,-1.581913801439716,0.010366577634213722,0.35,25,0.9195402298850576,cosine_72000.csv,Cosine,wsd_20000_24000.csv|wsdld_20000_24000.csv|wsdcon_3.csv|wsdcon_9.csv,WSD sharp + WSD linear + WSD-con 3e-5 + WSD-con 9e-5,4,1
0.002504818961791151,train_size_rho0p35,0.0022927122335523373,-8.467946445404573,0.010366577634213722,0.35,25,0.9195402298850576,wsdcon_18.csv,WSD-con 18e-5,wsd_20000_24000.csv|wsdld_20000_24000.csv|wsdcon_3.csv|wsdcon_9.csv,WSD sharp + WSD linear + WSD-con 3e-5 + WSD-con 9e-5,4,1
0.00744534704076948,train_size_rho0p5,0.007331494034113231,-1.5291833413917266,0.010021025046406595,0.5,25,0.8888888888888888,cosine_72000.csv,Cosine,wsd_20000_24000.csv|wsdld_20000_24000.csv|wsdcon_3.csv|wsdcon_9.csv,WSD sharp + WSD linear + WSD-con 3e-5 + WSD-con 9e-5,4,1
0.002504818961791151,train_size_rho0p5,0.002299782457826963,-8.185681563891134,0.010021025046406595,0.5,25,0.8888888888888888,wsdcon_18.csv,WSD-con 18e-5,wsd_20000_24000.csv|wsdld_20000_24000.csv|wsdcon_3.csv|wsdcon_9.csv,WSD sharp + WSD linear + WSD-con 3e-5 + WSD-con 9e-5,4,1
0.00744534704076948,train_size_rho0p75,0.007337486297621448,-1.4487000076343626,0.00949360267554309,0.75,25,0.8421052631578947,cosine_72000.csv,Cosine,wsd_20000_24000.csv|wsdld_20000_24000.csv|wsdcon_3.csv|wsdcon_9.csv,WSD sharp + WSD linear + WSD-con 3e-5 + WSD-con 9e-5,4,1
0.002504818961791151,train_size_rho0p75,0.0023105738527724323,-7.754856218423756,0.00949360267554309,0.75,25,0.8421052631578947,wsdcon_18.csv,WSD-con 18e-5,wsd_20000_24000.csv|wsdld_20000_24000.csv|wsdcon_3.csv|wsdcon_9.csv,WSD sharp + WSD linear + WSD-con 3e-5 + WSD-con 9e-5,4,1
0.00744534704076948,train_size_rho1p0,0.0073428793347788575,-1.3762650072525417,0.009018922541765936,1.0,25,0.8,cosine_72000.csv,Cosine,wsd_20000_24000.csv|wsdld_20000_24000.csv|wsdcon_3.csv|wsdcon_9.csv,WSD sharp + WSD linear + WSD-con 3e-5 + WSD-con 9e-5,4,1
0.002504818961791151,train_size_rho1p0,0.0023202861082233604,-7.36711340750289,0.009018922541765936,1.0,25,0.8,wsdcon_18.csv,WSD-con 18e-5,wsd_20000_24000.csv|wsdld_20000_24000.csv|wsdcon_3.csv|wsdcon_9.csv,WSD sharp + WSD linear + WSD-con 3e-5 + WSD-con 9e-5,4,1
0.00744534704076948,train_selected_rho,0.007320386423707738,-1.6783719600641733,0.010998686026543825,0.1,25,0.9756097560975611,cosine_72000.csv,Cosine,wsd_20000_24000.csv|wsdld_20000_24000.csv|wsdcon_3.csv|wsdcon_9.csv,WSD sharp + WSD linear + WSD-con 3e-5 + WSD-con 9e-5,4,1
0.002504818961791151,train_selected_rho,0.002279778896464591,-8.984284643295648,0.010998686026543825,0.1,25,0.9756097560975611,wsdcon_18.csv,WSD-con 18e-5,wsd_20000_24000.csv|wsdld_20000_24000.csv|wsdcon_3.csv|wsdcon_9.csv,WSD sharp + WSD linear + WSD-con 3e-5 + WSD-con 9e-5,4,1
0.007265129575917493,none,0.00707604288095194,-2.6026610123009886,0.016648442014333426,0.0,100,1.0,cosine_72000.csv,Cosine,wsd_20000_24000.csv|wsdld_20000_24000.csv|wsdcon_3.csv|wsdcon_9.csv,WSD sharp + WSD linear + WSD-con 3e-5 + WSD-con 9e-5,4,1
0.0013816404339982303,none,0.001221854515248355,-11.564942282955803,0.016648442014333426,0.0,100,1.0,wsdcon_18.csv,WSD-con 18e-5,wsd_20000_24000.csv|wsdld_20000_24000.csv|wsdcon_3.csv|wsdcon_9.csv,WSD sharp + WSD linear + WSD-con 3e-5 + WSD-con 9e-5,4,1
0.007265129575917493,constant_0p85,0.007104405885196782,-2.212261860455722,0.014151175712183411,0.0,100,0.85,cosine_72000.csv,Cosine,wsd_20000_24000.csv|wsdld_20000_24000.csv|wsdcon_3.csv|wsdcon_9.csv,WSD sharp + WSD linear + WSD-con 3e-5 + WSD-con 9e-5,4,1
0.0013816404339982303,constant_0p85,0.0012209522364511085,-11.630247175244989,0.014151175712183411,0.0,100,0.85,wsdcon_18.csv,WSD-con 18e-5,wsd_20000_24000.csv|wsdld_20000_24000.csv|wsdcon_3.csv|wsdcon_9.csv,WSD sharp + WSD linear + WSD-con 3e-5 + WSD-con 9e-5,4,1
0.007265129575917493,train_size_rho0p25,0.007087165627714636,-2.449563305694824,0.015669121895843224,0.25,100,0.9411764705882353,cosine_72000.csv,Cosine,wsd_20000_24000.csv|wsdld_20000_24000.csv|wsdcon_3.csv|wsdcon_9.csv,WSD sharp + WSD linear + WSD-con 3e-5 + WSD-con 9e-5,4,1
0.0013816404339982303,train_size_rho0p25,0.0012211010751382939,-11.619474568746014,0.015669121895843224,0.25,100,0.9411764705882353,wsdcon_18.csv,WSD-con 18e-5,wsd_20000_24000.csv|wsdld_20000_24000.csv|wsdcon_3.csv|wsdcon_9.csv,WSD sharp + WSD linear + WSD-con 3e-5 + WSD-con 9e-5,4,1
0.007265129575917493,train_size_rho0p35,0.0070912567529606745,-2.3932515055639647,0.01530891219708821,0.35,100,0.9195402298850576,cosine_72000.csv,Cosine,wsd_20000_24000.csv|wsdld_20000_24000.csv|wsdcon_3.csv|wsdcon_9.csv,WSD sharp + WSD linear + WSD-con 3e-5 + WSD-con 9e-5,4,1
0.0013816404339982303,train_size_rho0p35,0.0012208239477414795,-11.639532420991438,0.01530891219708821,0.35,100,0.9195402298850576,wsdcon_18.csv,WSD-con 18e-5,wsd_20000_24000.csv|wsdld_20000_24000.csv|wsdcon_3.csv|wsdcon_9.csv,WSD sharp + WSD linear + WSD-con 3e-5 + WSD-con 9e-5,4,1
0.007265129575917493,train_size_rho0p5,0.007097052513725898,-2.313476455378549,0.014798615123851933,0.5,100,0.8888888888888888,cosine_72000.csv,Cosine,wsd_20000_24000.csv|wsdld_20000_24000.csv|wsdcon_3.csv|wsdcon_9.csv,WSD sharp + WSD linear + WSD-con 3e-5 + WSD-con 9e-5,4,1
0.0013816404339982303,train_size_rho0p5,0.0012204313505960033,-11.667947711671667,0.014798615123851933,0.5,100,0.8888888888888888,wsdcon_18.csv,WSD-con 18e-5,wsd_20000_24000.csv|wsdld_20000_24000.csv|wsdcon_3.csv|wsdcon_9.csv,WSD sharp + WSD linear + WSD-con 3e-5 + WSD-con 9e-5,4,1
0.007265129575917493,train_size_rho0p75,0.007105898674893883,-2.1917145366743274,0.014019740643649201,0.75,100,0.8421052631578947,cosine_72000.csv,Cosine,wsd_20000_24000.csv|wsdld_20000_24000.csv|wsdcon_3.csv|wsdcon_9.csv,WSD sharp + WSD linear + WSD-con 3e-5 + WSD-con 9e-5,4,1
0.0013816404339982303,train_size_rho0p75,0.001221093223136513,-11.620042878820591,0.014019740643649201,0.75,100,0.8421052631578947,wsdcon_18.csv,WSD-con 18e-5,wsd_20000_24000.csv|wsdld_20000_24000.csv|wsdcon_3.csv|wsdcon_9.csv,WSD sharp + WSD linear + WSD-con 3e-5 + WSD-con 9e-5,4,1
0.007265129575917493,train_size_rho1p0,0.007113860219945062,-2.082128809840633,0.013318753611466741,1.0,100,0.8,cosine_72000.csv,Cosine,wsd_20000_24000.csv|wsdld_20000_24000.csv|wsdcon_3.csv|wsdcon_9.csv,WSD sharp + WSD linear + WSD-con 3e-5 + WSD-con 9e-5,4,1
0.0013816404339982303,train_size_rho1p0,0.0012218451521253644,-11.565619964555163,0.013318753611466741,1.0,100,0.8,wsdcon_18.csv,WSD-con 18e-5,wsd_20000_24000.csv|wsdld_20000_24000.csv|wsdcon_3.csv|wsdcon_9.csv,WSD sharp + WSD linear + WSD-con 3e-5 + WSD-con 9e-5,4,1
0.007265129575917493,train_selected_rho,0.007080654751560871,-2.5391814754153863,0.01624238245300822,0.1,100,0.9756097560975611,cosine_72000.csv,Cosine,wsd_20000_24000.csv|wsdld_20000_24000.csv|wsdcon_3.csv|wsdcon_9.csv,WSD sharp + WSD linear + WSD-con 3e-5 + WSD-con 9e-5,4,1
0.0013816404339982303,train_selected_rho,0.0012215421132514923,-11.587553230723058,0.01624238245300822,0.1,100,0.9756097560975611,wsdcon_18.csv,WSD-con 18e-5,wsd_20000_24000.csv|wsdld_20000_24000.csv|wsdcon_3.csv|wsdcon_9.csv,WSD sharp + WSD linear + WSD-con 3e-5 + WSD-con 9e-5,4,1
0.005612615040270773,none,0.005413902518886606,-3.5404623327699336,0.026754154816250434,0.0,400,1.0,cosine_72000.csv,Cosine,wsd_20000_24000.csv|wsdld_20000_24000.csv|wsdcon_3.csv|wsdcon_9.csv,WSD sharp + WSD linear + WSD-con 3e-5 + WSD-con 9e-5,4,1
0.0025579541942073844,none,0.002386451367279548,-6.704687179942992,0.026754154816250434,0.0,400,1.0,wsdcon_18.csv,WSD-con 18e-5,wsd_20000_24000.csv|wsdld_20000_24000.csv|wsdcon_3.csv|wsdcon_9.csv,WSD sharp + WSD linear + WSD-con 3e-5 + WSD-con 9e-5,4,1
0.005612615040270773,constant_0p85,0.00544255265446237,-3.030002674122445,0.02274103159381287,0.0,400,0.85,cosine_72000.csv,Cosine,wsd_20000_24000.csv|wsdld_20000_24000.csv|wsdcon_3.csv|wsdcon_9.csv,WSD sharp + WSD linear + WSD-con 3e-5 + WSD-con 9e-5,4,1
0.0025579541942073844,constant_0p85,0.0024014554966504545,-6.1181196251023255,0.02274103159381287,0.0,400,0.85,wsdcon_18.csv,WSD-con 18e-5,wsd_20000_24000.csv|wsdld_20000_24000.csv|wsdcon_3.csv|wsdcon_9.csv,WSD sharp + WSD linear + WSD-con 3e-5 + WSD-con 9e-5,4,1
0.005612615040270773,train_size_rho0p25,0.005425079058387177,-3.3413298531614344,0.02518038100352982,0.25,400,0.9411764705882353,cosine_72000.csv,Cosine,wsd_20000_24000.csv|wsdld_20000_24000.csv|wsdcon_3.csv|wsdcon_9.csv,WSD sharp + WSD linear + WSD-con 3e-5 + WSD-con 9e-5,4,1
0.0025579541942073844,train_size_rho0p25,0.0023911808292976615,-6.519794814441537,0.02518038100352982,0.25,400,0.9411764705882353,wsdcon_18.csv,WSD-con 18e-5,wsd_20000_24000.csv|wsdld_20000_24000.csv|wsdcon_3.csv|wsdcon_9.csv,WSD sharp + WSD linear + WSD-con 3e-5 + WSD-con 9e-5,4,1
0.005612615040270773,train_size_rho0p35,0.005429189969467858,-3.2680857227305293,0.024601521670115343,0.35,400,0.9195402298850576,cosine_72000.csv,Cosine,wsd_20000_24000.csv|wsdld_20000_24000.csv|wsdcon_3.csv|wsdcon_9.csv,WSD sharp + WSD linear + WSD-con 3e-5 + WSD-con 9e-5,4,1
0.0025579541942073844,train_size_rho0p35,0.002392920401534228,-6.451788427129923,0.024601521670115343,0.35,400,0.9195402298850576,wsdcon_18.csv,WSD-con 18e-5,wsd_20000_24000.csv|wsdld_20000_24000.csv|wsdcon_3.csv|wsdcon_9.csv,WSD sharp + WSD linear + WSD-con 3e-5 + WSD-con 9e-5,4,1
0.005612615040270773,train_size_rho0p5,0.0054350516449276996,-3.1636482115564357,0.023781470947778164,0.5,400,0.8888888888888888,cosine_72000.csv,Cosine,wsd_20000_24000.csv|wsdld_20000_24000.csv|wsdcon_3.csv|wsdcon_9.csv,WSD sharp + WSD linear + WSD-con 3e-5 + WSD-con 9e-5,4,1
0.0025579541942073844,train_size_rho0p5,0.002396412284649763,-6.315277651313734,0.023781470947778164,0.5,400,0.8888888888888888,wsdcon_18.csv,WSD-con 18e-5,wsd_20000_24000.csv|wsdld_20000_24000.csv|wsdcon_3.csv|wsdcon_9.csv,WSD sharp + WSD linear + WSD-con 3e-5 + WSD-con 9e-5,4,1
0.005612615040270773,train_size_rho0p75,0.00544408306651745,-3.0027353122225264,0.022529814582105626,0.75,400,0.8421052631578947,cosine_72000.csv,Cosine,wsd_20000_24000.csv|wsdld_20000_24000.csv|wsdcon_3.csv|wsdcon_9.csv,WSD sharp + WSD linear + WSD-con 3e-5 + WSD-con 9e-5,4,1
0.0025579541942073844,train_size_rho0p75,0.002402479306605495,-6.078095063389732,0.022529814582105626,0.75,400,0.8421052631578947,wsdcon_18.csv,WSD-con 18e-5,wsd_20000_24000.csv|wsdld_20000_24000.csv|wsdcon_3.csv|wsdcon_9.csv,WSD sharp + WSD linear + WSD-con 3e-5 + WSD-con 9e-5,4,1
0.005612615040270773,train_size_rho1p0,0.00545229336368434,-2.8564523922648855,0.02140332385300035,1.0,400,0.8,cosine_72000.csv,Cosine,wsd_20000_24000.csv|wsdld_20000_24000.csv|wsdcon_3.csv|wsdcon_9.csv,WSD sharp + WSD linear + WSD-con 3e-5 + WSD-con 9e-5,4,1
0.0025579541942073844,train_size_rho1p0,0.0024079396263656577,-5.8646307342579584,0.02140332385300035,1.0,400,0.8,wsdcon_18.csv,WSD-con 18e-5,wsd_20000_24000.csv|wsdld_20000_24000.csv|wsdcon_3.csv|wsdcon_9.csv,WSD sharp + WSD linear + WSD-con 3e-5 + WSD-con 9e-5,4,1
0.005612615040270773,train_selected_rho,0.005418536693801479,-3.4578952070785762,0.026101614454878474,0.1,400,0.9756097560975611,cosine_72000.csv,Cosine,wsd_20000_24000.csv|wsdld_20000_24000.csv|wsdcon_3.csv|wsdcon_9.csv,WSD sharp + WSD linear + WSD-con 3e-5 + WSD-con 9e-5,4,1
0.0025579541942073844,train_selected_rho,0.0023884123637260583,-6.628024491809203,0.026101614454878474,0.1,400,0.9756097560975611,wsdcon_18.csv,WSD-con 18e-5,wsd_20000_24000.csv|wsdld_20000_24000.csv|wsdcon_3.csv|wsdcon_9.csv,WSD sharp + WSD linear + WSD-con 3e-5 + WSD-con 9e-5,4,1
0.00744534704076948,none,0.007312116272664456,-1.7894500736564067,0.011726601723953293,0.0,25,1.0,cosine_72000.csv,Cosine,wsd_20000_24000.csv|wsdld_20000_24000.csv|wsdcon_3.csv|wsdcon_18.csv,WSD sharp + WSD linear + WSD-con 3e-5 + WSD-con 18e-5,4,1
0.002926482771138891,none,0.002325850603064652,-20.524028844375962,0.011726601723953293,0.0,25,1.0,wsdcon_9.csv,WSD-con 9e-5,wsd_20000_24000.csv|wsdld_20000_24000.csv|wsdcon_3.csv|wsdcon_18.csv,WSD sharp + WSD linear + WSD-con 3e-5 + WSD-con 18e-5,4,1
0.00744534704076948,constant_0p85,0.007332100887880215,-1.5210325626078713,0.009967611465360298,0.0,25,0.85,cosine_72000.csv,Cosine,wsd_20000_24000.csv|wsdld_20000_24000.csv|wsdcon_3.csv|wsdcon_18.csv,WSD sharp + WSD linear + WSD-con 3e-5 + WSD-con 18e-5,4,1
0.002926482771138891,constant_0p85,0.00240662861946343,-17.76378650857906,0.009967611465360298,0.0,25,0.85,wsdcon_9.csv,WSD-con 9e-5,wsd_20000_24000.csv|wsdld_20000_24000.csv|wsdcon_3.csv|wsdcon_18.csv,WSD sharp + WSD linear + WSD-con 3e-5 + WSD-con 18e-5,4,1
0.00744534704076948,train_size_rho0p25,0.007319953376670642,-1.6841883046176842,0.011036801622544275,0.25,25,0.9411764705882353,cosine_72000.csv,Cosine,wsd_20000_24000.csv|wsdld_20000_24000.csv|wsdcon_3.csv|wsdcon_18.csv,WSD sharp + WSD linear + WSD-con 3e-5 + WSD-con 18e-5,4,1
0.002926482771138891,train_size_rho0p25,0.0023571486454243376,-19.454552452157003,0.011036801622544275,0.25,25,0.9411764705882353,wsdcon_9.csv,WSD-con 9e-5,wsd_20000_24000.csv|wsdld_20000_24000.csv|wsdcon_3.csv|wsdcon_18.csv,WSD sharp + WSD linear + WSD-con 3e-5 + WSD-con 18e-5,4,1
0.00744534704076948,train_size_rho0p35,0.0073228359896384135,-1.6454713320979808,0.010783082045014523,0.35,25,0.9195402298850576,cosine_72000.csv,Cosine,wsd_20000_24000.csv|wsdld_20000_24000.csv|wsdcon_3.csv|wsdcon_18.csv,WSD sharp + WSD linear + WSD-con 3e-5 + WSD-con 18e-5,4,1
0.002926482771138891,train_size_rho0p35,0.0023686605690508675,-19.061181825134653,0.010783082045014523,0.35,25,0.9195402298850576,wsdcon_9.csv,WSD-con 9e-5,wsd_20000_24000.csv|wsdld_20000_24000.csv|wsdcon_3.csv|wsdcon_18.csv,WSD sharp + WSD linear + WSD-con 3e-5 + WSD-con 18e-5,4,1
0.00744534704076948,train_size_rho0p5,0.007326919691342793,-1.5906222876945653,0.01042364597684737,0.5,25,0.8888888888888888,cosine_72000.csv,Cosine,wsd_20000_24000.csv|wsdld_20000_24000.csv|wsdcon_3.csv|wsdcon_18.csv,WSD sharp + WSD linear + WSD-con 3e-5 + WSD-con 18e-5,4,1
0.002926482771138891,train_size_rho0p5,0.0023849691275218024,-18.50390677018574,0.01042364597684737,0.5,25,0.8888888888888888,wsdcon_9.csv,WSD-con 9e-5,wsd_20000_24000.csv|wsdld_20000_24000.csv|wsdcon_3.csv|wsdcon_18.csv,WSD sharp + WSD linear + WSD-con 3e-5 + WSD-con 18e-5,4,1
0.00744534704076948,train_size_rho0p75,0.00733315270973367,-1.506905325184349,0.009875033030697509,0.75,25,0.8421052631578947,cosine_72000.csv,Cosine,wsd_20000_24000.csv|wsdld_20000_24000.csv|wsdcon_3.csv|wsdcon_18.csv,WSD sharp + WSD linear + WSD-con 3e-5 + WSD-con 18e-5,4,1
0.002926482771138891,train_size_rho0p75,0.002411101093107945,-17.610958899661522,0.009875033030697509,0.75,25,0.8421052631578947,wsdcon_9.csv,WSD-con 9e-5,wsd_20000_24000.csv|wsdld_20000_24000.csv|wsdcon_3.csv|wsdcon_18.csv,WSD sharp + WSD linear + WSD-con 3e-5 + WSD-con 18e-5,4,1
0.00744534704076948,train_size_rho1p0,0.007338762426285447,-1.4315600589253186,0.009381281379162635,1.0,25,0.8,cosine_72000.csv,Cosine,wsd_20000_24000.csv|wsdld_20000_24000.csv|wsdcon_3.csv|wsdcon_18.csv,WSD sharp + WSD linear + WSD-con 3e-5 + WSD-con 18e-5,4,1
0.002926482771138891,train_size_rho1p0,0.002435931541627868,-16.762484793994403,0.009381281379162635,1.0,25,0.8,wsdcon_9.csv,WSD-con 9e-5,wsd_20000_24000.csv|wsdld_20000_24000.csv|wsdcon_3.csv|wsdcon_18.csv,WSD sharp + WSD linear + WSD-con 3e-5 + WSD-con 18e-5,4,1
0.00744534704076948,train_selected_rho,0.007312116272664456,-1.7894500736564067,0.011726601723953293,0.0,25,1.0,cosine_72000.csv,Cosine,wsd_20000_24000.csv|wsdld_20000_24000.csv|wsdcon_3.csv|wsdcon_18.csv,WSD sharp + WSD linear + WSD-con 3e-5 + WSD-con 18e-5,4,1
0.002926482771138891,train_selected_rho,0.002325850603064652,-20.524028844375962,0.011726601723953293,0.0,25,1.0,wsdcon_9.csv,WSD-con 9e-5,wsd_20000_24000.csv|wsdld_20000_24000.csv|wsdcon_3.csv|wsdcon_18.csv,WSD sharp + WSD linear + WSD-con 3e-5 + WSD-con 18e-5,4,1
0.007265129575917493,none,0.0070736170769000895,-2.636050699663095,0.016862025831549908,0.0,100,1.0,cosine_72000.csv,Cosine,wsd_20000_24000.csv|wsdld_20000_24000.csv|wsdcon_3.csv|wsdcon_18.csv,WSD sharp + WSD linear + WSD-con 3e-5 + WSD-con 18e-5,4,1
0.004934623402238123,none,0.004665976813186189,-5.444115328640642,0.016862025831549908,0.0,100,1.0,wsdcon_9.csv,WSD-con 9e-5,wsd_20000_24000.csv|wsdld_20000_24000.csv|wsdcon_3.csv|wsdcon_18.csv,WSD sharp + WSD linear + WSD-con 3e-5 + WSD-con 18e-5,4,1
0.007265129575917493,constant_0p85,0.007102343951752702,-2.2406430947136013,0.014332721956817422,0.0,100,0.85,cosine_72000.csv,Cosine,wsd_20000_24000.csv|wsdld_20000_24000.csv|wsdcon_3.csv|wsdcon_18.csv,WSD sharp + WSD linear + WSD-con 3e-5 + WSD-con 18e-5,4,1
0.004934623402238123,constant_0p85,0.004656780551083788,-5.630477313189042,0.014332721956817422,0.0,100,0.85,wsdcon_9.csv,WSD-con 9e-5,wsd_20000_24000.csv|wsdld_20000_24000.csv|wsdcon_3.csv|wsdcon_18.csv,WSD sharp + WSD linear + WSD-con 3e-5 + WSD-con 18e-5,4,1
0.007265129575917493,train_size_rho0p25,0.0070848825180187605,-2.480988893800551,0.015870141959105796,0.25,100,0.9411764705882353,cosine_72000.csv,Cosine,wsd_20000_24000.csv|wsdld_20000_24000.csv|wsdcon_3.csv|wsdcon_18.csv,WSD sharp + WSD linear + WSD-con 3e-5 + WSD-con 18e-5,4,1
0.004934623402238123,train_size_rho0p25,0.004659546491622014,-5.574425608473932,0.015870141959105796,0.25,100,0.9411764705882353,wsdcon_9.csv,WSD-con 9e-5,wsd_20000_24000.csv|wsdld_20000_24000.csv|wsdcon_3.csv|wsdcon_18.csv,WSD sharp + WSD linear + WSD-con 3e-5 + WSD-con 18e-5,4,1
0.007265129575917493,train_size_rho0p35,0.007089026128545163,-2.423954666356931,0.015505311109471181,0.35,100,0.9195402298850576,cosine_72000.csv,Cosine,wsd_20000_24000.csv|wsdld_20000_24000.csv|wsdcon_3.csv|wsdcon_18.csv,WSD sharp + WSD linear + WSD-con 3e-5 + WSD-con 18e-5,4,1
0.004934623402238123,train_size_rho0p35,0.0046576583019972,-5.612689716408836,0.015505311109471181,0.35,100,0.9195402298850576,wsdcon_9.csv,WSD-con 9e-5,wsd_20000_24000.csv|wsdld_20000_24000.csv|wsdcon_3.csv|wsdcon_18.csv,WSD sharp + WSD linear + WSD-con 3e-5 + WSD-con 18e-5,4,1
0.007265129575917493,train_size_rho0p5,0.007094896243457579,-2.3431561774783116,0.01498846740582214,0.5,100,0.8888888888888888,cosine_72000.csv,Cosine,wsd_20000_24000.csv|wsdld_20000_24000.csv|wsdcon_3.csv|wsdcon_18.csv,WSD sharp + WSD linear + WSD-con 3e-5 + WSD-con 18e-5,4,1
0.004934623402238123,train_size_rho0p5,0.004657271414542243,-5.62052997945266,0.01498846740582214,0.5,100,0.8888888888888888,wsdcon_9.csv,WSD-con 9e-5,wsd_20000_24000.csv|wsdld_20000_24000.csv|wsdcon_3.csv|wsdcon_18.csv,WSD sharp + WSD linear + WSD-con 3e-5 + WSD-con 18e-5,4,1
0.007265129575917493,train_size_rho0p75,0.007103855892534411,-2.2198321681374145,0.014199600700252554,0.75,100,0.8421052631578947,cosine_72000.csv,Cosine,wsd_20000_24000.csv|wsdld_20000_24000.csv|wsdcon_3.csv|wsdcon_18.csv,WSD sharp + WSD linear + WSD-con 3e-5 + WSD-con 18e-5,4,1
0.004934623402238123,train_size_rho0p75,0.004656680902111008,-5.6324966967297385,0.014199600700252554,0.75,100,0.8421052631578947,wsdcon_9.csv,WSD-con 9e-5,wsd_20000_24000.csv|wsdld_20000_24000.csv|wsdcon_3.csv|wsdcon_18.csv,WSD sharp + WSD linear + WSD-con 3e-5 + WSD-con 18e-5,4,1
0.007265129575917493,train_size_rho1p0,0.007111919576703561,-2.108840559730596,0.013489620665239926,1.0,100,0.8,cosine_72000.csv,Cosine,wsd_20000_24000.csv|wsdld_20000_24000.csv|wsdcon_3.csv|wsdcon_18.csv,WSD sharp + WSD linear + WSD-con 3e-5 + WSD-con 18e-5,4,1
0.004934623402238123,train_size_rho1p0,0.004657009443017517,-5.625838824796492,0.013489620665239926,1.0,100,0.8,wsdcon_9.csv,WSD-con 9e-5,wsd_20000_24000.csv|wsdld_20000_24000.csv|wsdcon_3.csv|wsdcon_18.csv,WSD sharp + WSD linear + WSD-con 3e-5 + WSD-con 18e-5,4,1
0.007265129575917493,train_selected_rho,0.0070736170769000895,-2.636050699663095,0.016862025831549908,0.0,100,1.0,cosine_72000.csv,Cosine,wsd_20000_24000.csv|wsdld_20000_24000.csv|wsdcon_3.csv|wsdcon_18.csv,WSD sharp + WSD linear + WSD-con 3e-5 + WSD-con 18e-5,4,1
0.004934623402238123,train_selected_rho,0.004665976813186189,-5.444115328640642,0.016862025831549908,0.0,100,1.0,wsdcon_9.csv,WSD-con 9e-5,wsd_20000_24000.csv|wsdld_20000_24000.csv|wsdcon_3.csv|wsdcon_18.csv,WSD sharp + WSD linear + WSD-con 3e-5 + WSD-con 18e-5,4,1
0.005612615040270773,none,0.005414104146845291,-3.53686992607114,0.026725763488033877,0.0,400,1.0,cosine_72000.csv,Cosine,wsd_20000_24000.csv|wsdld_20000_24000.csv|wsdcon_3.csv|wsdcon_18.csv,WSD sharp + WSD linear + WSD-con 3e-5 + WSD-con 18e-5,4,1
0.006687305974578527,none,0.006150465187317425,-8.027758701364595,0.026725763488033877,0.0,400,1.0,wsdcon_9.csv,WSD-con 9e-5,wsd_20000_24000.csv|wsdld_20000_24000.csv|wsdcon_3.csv|wsdcon_18.csv,WSD sharp + WSD linear + WSD-con 3e-5 + WSD-con 18e-5,4,1
0.005612615040270773,constant_0p85,0.005442727511904105,-3.026887237904574,0.022716898964828796,0.0,400,0.85,cosine_72000.csv,Cosine,wsd_20000_24000.csv|wsdld_20000_24000.csv|wsdcon_3.csv|wsdcon_18.csv,WSD sharp + WSD linear + WSD-con 3e-5 + WSD-con 18e-5,4,1
0.006687305974578527,constant_0p85,0.00618682402686127,-7.484059344971139,0.022716898964828796,0.0,400,0.85,wsdcon_9.csv,WSD-con 9e-5,wsd_20000_24000.csv|wsdld_20000_24000.csv|wsdcon_3.csv|wsdcon_18.csv,WSD sharp + WSD linear + WSD-con 3e-5 + WSD-con 18e-5,4,1
0.005612615040270773,train_size_rho0p25,0.005425268825877704,-3.3379487645037287,0.02515365975344365,0.25,400,0.9411764705882353,cosine_72000.csv,Cosine,wsd_20000_24000.csv|wsdld_20000_24000.csv|wsdcon_3.csv|wsdcon_18.csv,WSD sharp + WSD linear + WSD-con 3e-5 + WSD-con 18e-5,4,1
0.006687305974578527,train_size_rho0p25,0.006162482658038881,-7.8480529907669405,0.02515365975344365,0.25,400,0.9411764705882353,wsdcon_9.csv,WSD-con 9e-5,wsd_20000_24000.csv|wsdld_20000_24000.csv|wsdcon_3.csv|wsdcon_18.csv,WSD sharp + WSD linear + WSD-con 3e-5 + WSD-con 18e-5,4,1
0.005612615040270773,train_size_rho0p35,0.00542937537448733,-3.264782360249008,0.02457541470164035,0.35,400,0.9195402298850576,cosine_72000.csv,Cosine,wsd_20000_24000.csv|wsdld_20000_24000.csv|wsdcon_3.csv|wsdcon_18.csv,WSD sharp + WSD linear + WSD-con 3e-5 + WSD-con 18e-5,4,1
0.006687305974578527,train_size_rho0p35,0.006167638399364627,-7.77095555653341,0.02457541470164035,0.35,400,0.9195402298850576,wsdcon_9.csv,WSD-con 9e-5,wsd_20000_24000.csv|wsdld_20000_24000.csv|wsdcon_3.csv|wsdcon_18.csv,WSD sharp + WSD linear + WSD-con 3e-5 + WSD-con 18e-5,4,1
0.005612615040270773,train_size_rho0p5,0.005435232690362042,-3.1604225238325623,0.023756234211585667,0.5,400,0.8888888888888888,cosine_72000.csv,Cosine,wsd_20000_24000.csv|wsdld_20000_24000.csv|wsdcon_3.csv|wsdcon_18.csv,WSD sharp + WSD linear + WSD-con 3e-5 + WSD-con 18e-5,4,1
0.006687305974578527,train_size_rho0p5,0.006174942366242771,-7.661734191369174,0.023756234211585667,0.5,400,0.8888888888888888,wsdcon_9.csv,WSD-con 9e-5,wsd_20000_24000.csv|wsdld_20000_24000.csv|wsdcon_3.csv|wsdcon_18.csv,WSD sharp + WSD linear + WSD-con 3e-5 + WSD-con 18e-5,4,1
0.005612615040270773,train_size_rho0p75,0.005444256299896251,-2.9996488119448883,0.02250590609518642,0.75,400,0.8421052631578947,cosine_72000.csv,Cosine,wsd_20000_24000.csv|wsdld_20000_24000.csv|wsdcon_3.csv|wsdcon_18.csv,WSD sharp + WSD linear + WSD-con 3e-5 + WSD-con 18e-5,4,1
0.006687305974578527,train_size_rho0p75,0.00618956165009601,-7.443121735040526,0.02250590609518642,0.75,400,0.8421052631578947,wsdcon_9.csv,WSD-con 9e-5,wsd_20000_24000.csv|wsdld_20000_24000.csv|wsdcon_3.csv|wsdcon_18.csv,WSD sharp + WSD linear + WSD-con 3e-5 + WSD-con 18e-5,4,1
0.005612615040270773,train_size_rho1p0,0.005452459558236173,-2.85349130281477,0.021380610790427104,1.0,400,0.8,cosine_72000.csv,Cosine,wsd_20000_24000.csv|wsdld_20000_24000.csv|wsdcon_3.csv|wsdcon_18.csv,WSD sharp + WSD linear + WSD-con 3e-5 + WSD-con 18e-5,4,1
0.006687305974578527,train_size_rho1p0,0.006204162307347993,-7.224787815410005,0.021380610790427104,1.0,400,0.8,wsdcon_9.csv,WSD-con 9e-5,wsd_20000_24000.csv|wsdld_20000_24000.csv|wsdcon_3.csv|wsdcon_18.csv,WSD sharp + WSD linear + WSD-con 3e-5 + WSD-con 18e-5,4,1
0.005612615040270773,train_selected_rho,0.005414104146845291,-3.53686992607114,0.026725763488033877,0.0,400,1.0,cosine_72000.csv,Cosine,wsd_20000_24000.csv|wsdld_20000_24000.csv|wsdcon_3.csv|wsdcon_18.csv,WSD sharp + WSD linear + WSD-con 3e-5 + WSD-con 18e-5,4,1
0.006687305974578527,train_selected_rho,0.006150465187317425,-8.027758701364595,0.026725763488033877,0.0,400,1.0,wsdcon_9.csv,WSD-con 9e-5,wsd_20000_24000.csv|wsdld_20000_24000.csv|wsdcon_3.csv|wsdcon_18.csv,WSD sharp + WSD linear + WSD-con 3e-5 + WSD-con 18e-5,4,1
0.00744534704076948,none,0.007289490798827856,-2.0933375044599134,0.013718033014721914,0.0,25,1.0,cosine_72000.csv,Cosine,wsd_20000_24000.csv|wsdld_20000_24000.csv|wsdcon_9.csv|wsdcon_18.csv,WSD sharp + WSD linear + WSD-con 9e-5 + WSD-con 18e-5,4,1
0.004487187642230267,none,0.002842458771358572,-36.65389107851562,0.013718033014721914,0.0,25,1.0,wsdcon_3.csv,WSD-con 3e-5,wsd_20000_24000.csv|wsdld_20000_24000.csv|wsdcon_9.csv|wsdcon_18.csv,WSD sharp + WSD linear + WSD-con 9e-5 + WSD-con 18e-5,4,1
0.00744534704076948,constant_0p85,0.007312869235119108,-1.779336878790827,0.011660328062513627,0.0,25,0.85,cosine_72000.csv,Cosine,wsd_20000_24000.csv|wsdld_20000_24000.csv|wsdcon_9.csv|wsdcon_18.csv,WSD sharp + WSD linear + WSD-con 9e-5 + WSD-con 18e-5,4,1
0.004487187642230267,constant_0p85,0.002967060051293545,-33.87706760088092,0.011660328062513627,0.0,25,0.85,wsdcon_3.csv,WSD-con 3e-5,wsd_20000_24000.csv|wsdld_20000_24000.csv|wsdcon_9.csv|wsdcon_18.csv,WSD sharp + WSD linear + WSD-con 9e-5 + WSD-con 18e-5,4,1
0.00744534704076948,train_size_rho0p25,0.007298658813059722,-1.9702000041974865,0.01291108989620886,0.25,25,0.9411764705882353,cosine_72000.csv,Cosine,wsd_20000_24000.csv|wsdld_20000_24000.csv|wsdcon_9.csv|wsdcon_18.csv,WSD sharp + WSD linear + WSD-con 9e-5 + WSD-con 18e-5,4,1
0.004487187642230267,train_size_rho0p25,0.002884116364532647,-35.72552354643332,0.01291108989620886,0.25,25,0.9411764705882353,wsdcon_3.csv,WSD-con 3e-5,wsd_20000_24000.csv|wsdld_20000_24000.csv|wsdcon_9.csv|wsdcon_18.csv,WSD sharp + WSD linear + WSD-con 9e-5 + WSD-con 18e-5,4,1
0.00744534704076948,train_size_rho0p35,0.007302030956225461,-1.9249080500780447,0.012614283231928198,0.35,25,0.9195402298850576,cosine_72000.csv,Cosine,wsd_20000_24000.csv|wsdld_20000_24000.csv|wsdcon_9.csv|wsdcon_18.csv,WSD sharp + WSD linear + WSD-con 9e-5 + WSD-con 18e-5,4,1
0.004487187642230267,train_size_rho0p35,0.002902782888982863,-35.30952747186448,0.012614283231928198,0.35,25,0.9195402298850576,wsdcon_3.csv,WSD-con 3e-5,wsd_20000_24000.csv|wsdld_20000_24000.csv|wsdcon_9.csv|wsdcon_18.csv,WSD sharp + WSD linear + WSD-con 9e-5 + WSD-con 18e-5,4,1
0.00744534704076948,train_size_rho0p5,0.007306808159043597,-1.8607444484087576,0.012193807124197256,0.5,25,0.8888888888888888,cosine_72000.csv,Cosine,wsd_20000_24000.csv|wsdld_20000_24000.csv|wsdcon_9.csv|wsdcon_18.csv,WSD sharp + WSD linear + WSD-con 9e-5 + WSD-con 18e-5,4,1
0.004487187642230267,train_size_rho0p5,0.0029292271319540228,-34.72019969955817,0.012193807124197256,0.5,25,0.8888888888888888,wsdcon_3.csv,WSD-con 3e-5,wsd_20000_24000.csv|wsdld_20000_24000.csv|wsdcon_9.csv|wsdcon_18.csv,WSD sharp + WSD linear + WSD-con 9e-5 + WSD-con 18e-5,4,1
0.00744534704076948,train_size_rho0p75,0.007314099679134424,-1.762810530071568,0.011552027801871085,0.75,25,0.8421052631578947,cosine_72000.csv,Cosine,wsd_20000_24000.csv|wsdld_20000_24000.csv|wsdcon_9.csv|wsdcon_18.csv,WSD sharp + WSD linear + WSD-con 9e-5 + WSD-con 18e-5,4,1
0.004487187642230267,train_size_rho0p75,0.002975536056576418,-33.68817411215977,0.011552027801871085,0.75,25,0.8421052631578947,wsdcon_3.csv,WSD-con 3e-5,wsd_20000_24000.csv|wsdld_20000_24000.csv|wsdcon_9.csv|wsdcon_18.csv,WSD sharp + WSD linear + WSD-con 9e-5 + WSD-con 18e-5,4,1
0.00744534704076948,train_size_rho1p0,0.007320662047216186,-1.6746700035678685,0.010974426411777531,1.0,25,0.8,cosine_72000.csv,Cosine,wsd_20000_24000.csv|wsdld_20000_24000.csv|wsdcon_9.csv|wsdcon_18.csv,WSD sharp + WSD linear + WSD-con 9e-5 + WSD-con 18e-5,4,1
0.004487187642230267,train_size_rho1p0,0.003020741418085131,-32.68074217231237,0.010974426411777531,1.0,25,0.8,wsdcon_3.csv,WSD-con 3e-5,wsd_20000_24000.csv|wsdld_20000_24000.csv|wsdcon_9.csv|wsdcon_18.csv,WSD sharp + WSD linear + WSD-con 9e-5 + WSD-con 18e-5,4,1
0.00744534704076948,train_selected_rho,0.007331997046630119,-1.522427275970828,0.009976751283434119,1.5,25,0.7272727272727273,cosine_72000.csv,Cosine,wsd_20000_24000.csv|wsdld_20000_24000.csv|wsdcon_9.csv|wsdcon_18.csv,WSD sharp + WSD linear + WSD-con 9e-5 + WSD-con 18e-5,4,1
0.004487187642230267,train_selected_rho,0.003104793702462608,-30.807580381919752,0.009976751283434119,1.5,25,0.7272727272727273,wsdcon_3.csv,WSD-con 3e-5,wsd_20000_24000.csv|wsdld_20000_24000.csv|wsdcon_9.csv|wsdcon_18.csv,WSD sharp + WSD linear + WSD-con 9e-5 + WSD-con 18e-5,4,1
0.007265129575917493,none,0.007048521461300244,-2.98147627449431,0.01907160964813878,0.0,100,1.0,cosine_72000.csv,Cosine,wsd_20000_24000.csv|wsdld_20000_24000.csv|wsdcon_9.csv|wsdcon_18.csv,WSD sharp + WSD linear + WSD-con 9e-5 + WSD-con 18e-5,4,1
0.0056693997340904675,none,0.00442435019292861,-21.960870631070406,0.01907160964813878,0.0,100,1.0,wsdcon_3.csv,WSD-con 3e-5,wsd_20000_24000.csv|wsdld_20000_24000.csv|wsdcon_9.csv|wsdcon_18.csv,WSD sharp + WSD linear + WSD-con 9e-5 + WSD-con 18e-5,4,1
0.007265129575917493,constant_0p85,0.007081012678492831,-2.534254833320171,0.016210868200917963,0.0,100,0.85,cosine_72000.csv,Cosine,wsd_20000_24000.csv|wsdld_20000_24000.csv|wsdcon_9.csv|wsdcon_18.csv,WSD sharp + WSD linear + WSD-con 9e-5 + WSD-con 18e-5,4,1
0.0056693997340904675,constant_0p85,0.004466048937755831,-21.22536516694723,0.016210868200917963,0.0,100,0.85,wsdcon_3.csv,WSD-con 3e-5,wsd_20000_24000.csv|wsdld_20000_24000.csv|wsdcon_9.csv|wsdcon_18.csv,WSD sharp + WSD linear + WSD-con 9e-5 + WSD-con 18e-5,4,1
0.007265129575917493,train_size_rho0p25,0.007061263115101242,-2.806095317171342,0.01794975025707179,0.25,100,0.9411764705882353,cosine_72000.csv,Cosine,wsd_20000_24000.csv|wsdld_20000_24000.csv|wsdcon_9.csv|wsdcon_18.csv,WSD sharp + WSD linear + WSD-con 9e-5 + WSD-con 18e-5,4,1
0.0056693997340904675,train_size_rho0p25,0.0044323521415926236,-21.819727846307902,0.01794975025707179,0.25,100,0.9411764705882353,wsdcon_3.csv,WSD-con 3e-5,wsd_20000_24000.csv|wsdld_20000_24000.csv|wsdcon_9.csv|wsdcon_18.csv,WSD sharp + WSD linear + WSD-con 9e-5 + WSD-con 18e-5,4,1
0.007265129575917493,train_size_rho0p35,0.007065949700407371,-2.741587378845445,0.017537112320127616,0.35,100,0.9195402298850576,cosine_72000.csv,Cosine,wsd_20000_24000.csv|wsdld_20000_24000.csv|wsdcon_9.csv|wsdcon_18.csv,WSD sharp + WSD linear + WSD-con 9e-5 + WSD-con 18e-5,4,1
0.0056693997340904675,train_size_rho0p35,0.004440109146494152,-21.68290551474985,0.017537112320127616,0.35,100,0.9195402298850576,wsdcon_3.csv,WSD-con 3e-5,wsd_20000_24000.csv|wsdld_20000_24000.csv|wsdcon_9.csv|wsdcon_18.csv,WSD sharp + WSD linear + WSD-con 9e-5 + WSD-con 18e-5,4,1
0.007265129575917493,train_size_rho0p5,0.00707258902959104,-2.650201132883956,0.016952541909456692,0.5,100,0.8888888888888888,cosine_72000.csv,Cosine,wsd_20000_24000.csv|wsdld_20000_24000.csv|wsdcon_9.csv|wsdcon_18.csv,WSD sharp + WSD linear + WSD-con 9e-5 + WSD-con 18e-5,4,1
0.0056693997340904675,train_size_rho0p5,0.004451098236771299,-21.489073878376264,0.016952541909456692,0.5,100,0.8888888888888888,wsdcon_3.csv,WSD-con 3e-5,wsd_20000_24000.csv|wsdld_20000_24000.csv|wsdcon_9.csv|wsdcon_18.csv,WSD sharp + WSD linear + WSD-con 9e-5 + WSD-con 18e-5,4,1
0.007265129575917493,train_size_rho0p75,0.007082722742555586,-2.510716862732232,0.01606030286159055,0.75,100,0.8421052631578947,cosine_72000.csv,Cosine,wsd_20000_24000.csv|wsdld_20000_24000.csv|wsdcon_9.csv|wsdcon_18.csv,WSD sharp + WSD linear + WSD-con 9e-5 + WSD-con 18e-5,4,1
0.0056693997340904675,train_size_rho0p75,0.004470032891983011,-21.155093984563933,0.01606030286159055,0.75,100,0.8421052631578947,wsdcon_3.csv,WSD-con 3e-5,wsd_20000_24000.csv|wsdld_20000_24000.csv|wsdcon_9.csv|wsdcon_18.csv,WSD sharp + WSD linear + WSD-con 9e-5 + WSD-con 18e-5,4,1
0.007265129575917493,train_size_rho1p0,0.007091843084223691,-2.3851810195954837,0.015257287718511023,1.0,100,0.8,cosine_72000.csv,Cosine,wsd_20000_24000.csv|wsdld_20000_24000.csv|wsdcon_9.csv|wsdcon_18.csv,WSD sharp + WSD linear + WSD-con 9e-5 + WSD-con 18e-5,4,1
0.0056693997340904675,train_size_rho1p0,0.004491312186054117,-20.77975805714375,0.015257287718511023,1.0,100,0.8,wsdcon_3.csv,WSD-con 3e-5,wsd_20000_24000.csv|wsdld_20000_24000.csv|wsdcon_9.csv|wsdcon_18.csv,WSD sharp + WSD linear + WSD-con 9e-5 + WSD-con 18e-5,4,1
0.007265129575917493,train_selected_rho,0.0071075964016503864,-2.1683463814506254,0.013870261562282748,1.5,100,0.7272727272727273,cosine_72000.csv,Cosine,wsd_20000_24000.csv|wsdld_20000_24000.csv|wsdcon_9.csv|wsdcon_18.csv,WSD sharp + WSD linear + WSD-con 9e-5 + WSD-con 18e-5,4,1
0.0056693997340904675,train_selected_rho,0.004541257725761884,-19.898791075622924,0.013870261562282748,1.5,100,0.7272727272727273,wsdcon_3.csv,WSD-con 3e-5,wsd_20000_24000.csv|wsdld_20000_24000.csv|wsdcon_9.csv|wsdcon_18.csv,WSD sharp + WSD linear + WSD-con 9e-5 + WSD-con 18e-5,4,1
0.005612615040270773,none,0.005370003241241882,-4.3226160584351465,0.03297154424692537,0.0,400,1.0,cosine_72000.csv,Cosine,wsd_20000_24000.csv|wsdld_20000_24000.csv|wsdcon_9.csv|wsdcon_18.csv,WSD sharp + WSD linear + WSD-con 9e-5 + WSD-con 18e-5,4,1
0.008173606778800102,none,0.00509068594292297,-37.71799793297262,0.03297154424692537,0.0,400,1.0,wsdcon_3.csv,WSD-con 3e-5,wsd_20000_24000.csv|wsdld_20000_24000.csv|wsdcon_9.csv|wsdcon_18.csv,WSD sharp + WSD linear + WSD-con 9e-5 + WSD-con 18e-5,4,1
0.005612615040270773,constant_0p85,0.005404871530159429,-3.7013675197884566,0.028025812609886562,0.0,400,0.85,cosine_72000.csv,Cosine,wsd_20000_24000.csv|wsdld_20000_24000.csv|wsdcon_9.csv|wsdcon_18.csv,WSD sharp + WSD linear + WSD-con 9e-5 + WSD-con 18e-5,4,1
0.008173606778800102,constant_0p85,0.005287633773401659,-35.30843951147487,0.028025812609886562,0.0,400,0.85,wsdcon_3.csv,WSD-con 3e-5,wsd_20000_24000.csv|wsdld_20000_24000.csv|wsdcon_9.csv|wsdcon_18.csv,WSD sharp + WSD linear + WSD-con 9e-5 + WSD-con 18e-5,4,1
0.005612615040270773,train_size_rho0p25,0.005383522059684187,-4.081751179135451,0.03103204164416505,0.25,400,0.9411764705882353,cosine_72000.csv,Cosine,wsd_20000_24000.csv|wsdld_20000_24000.csv|wsdcon_9.csv|wsdcon_18.csv,WSD sharp + WSD linear + WSD-con 9e-5 + WSD-con 18e-5,4,1
0.008173606778800102,train_size_rho0p25,0.0051475950892615665,-37.0217429273342,0.03103204164416505,0.25,400,0.9411764705882353,wsdcon_3.csv,WSD-con 3e-5,wsd_20000_24000.csv|wsdld_20000_24000.csv|wsdcon_9.csv|wsdcon_18.csv,WSD sharp + WSD linear + WSD-con 9e-5 + WSD-con 18e-5,4,1
0.005612615040270773,train_size_rho0p35,0.005388588304068374,-3.9914858687972843,0.0303186613764831,0.35,400,0.9195402298850576,cosine_72000.csv,Cosine,wsd_20000_24000.csv|wsdld_20000_24000.csv|wsdcon_9.csv|wsdcon_18.csv,WSD sharp + WSD linear + WSD-con 9e-5 + WSD-con 18e-5,4,1
0.008173606778800102,train_size_rho0p35,0.0051767921527673,-36.664531425779444,0.0303186613764831,0.35,400,0.9195402298850576,wsdcon_3.csv,WSD-con 3e-5,wsd_20000_24000.csv|wsdld_20000_24000.csv|wsdcon_9.csv|wsdcon_18.csv,WSD sharp + WSD linear + WSD-con 9e-5 + WSD-con 18e-5,4,1
0.005612615040270773,train_size_rho0p5,0.00539576548361264,-3.863610012484875,0.029308039330600326,0.5,400,0.8888888888888888,cosine_72000.csv,Cosine,wsd_20000_24000.csv|wsdld_20000_24000.csv|wsdcon_9.csv|wsdcon_18.csv,WSD sharp + WSD linear + WSD-con 9e-5 + WSD-con 18e-5,4,1
0.008173606778800102,train_size_rho0p5,0.005220298857517011,-36.13224860465628,0.029308039330600326,0.5,400,0.8888888888888888,wsdcon_3.csv,WSD-con 3e-5,wsd_20000_24000.csv|wsdld_20000_24000.csv|wsdcon_9.csv|wsdcon_18.csv,WSD sharp + WSD linear + WSD-con 9e-5 + WSD-con 18e-5,4,1
0.005612615040270773,train_size_rho0p75,0.005406720126074956,-3.6684310739024784,0.027765510944779255,0.75,400,0.8421052631578947,cosine_72000.csv,Cosine,wsd_20000_24000.csv|wsdld_20000_24000.csv|wsdcon_9.csv|wsdcon_18.csv,WSD sharp + WSD linear + WSD-con 9e-5 + WSD-con 18e-5,4,1
0.008173606778800102,train_size_rho0p75,0.00530177493191695,-35.13542949401269,0.027765510944779255,0.75,400,0.8421052631578947,wsdcon_3.csv,WSD-con 3e-5,wsd_20000_24000.csv|wsdld_20000_24000.csv|wsdcon_9.csv|wsdcon_18.csv,WSD sharp + WSD linear + WSD-con 9e-5 + WSD-con 18e-5,4,1
0.005612615040270773,train_size_rho1p0,0.005416579304291027,-3.4927700291785713,0.026377235397540295,1.0,400,0.8,cosine_72000.csv,Cosine,wsd_20000_24000.csv|wsdld_20000_24000.csv|wsdcon_9.csv|wsdcon_18.csv,WSD sharp + WSD linear + WSD-con 9e-5 + WSD-con 18e-5,4,1
0.008173606778800102,train_size_rho1p0,0.005386105959035041,-34.103681461591805,0.026377235397540295,1.0,400,0.8,wsdcon_3.csv,WSD-con 3e-5,wsd_20000_24000.csv|wsdld_20000_24000.csv|wsdcon_9.csv|wsdcon_18.csv,WSD sharp + WSD linear + WSD-con 9e-5 + WSD-con 18e-5,4,1
0.005612615040270773,train_selected_rho,0.00543363240692598,-3.188934784598352,0.023979304906854813,1.5,400,0.7272727272727273,cosine_72000.csv,Cosine,wsd_20000_24000.csv|wsdld_20000_24000.csv|wsdcon_9.csv|wsdcon_18.csv,WSD sharp + WSD linear + WSD-con 9e-5 + WSD-con 18e-5,4,1
0.008173606778800102,train_selected_rho,0.005553084067498533,-32.06078763292631,0.023979304906854813,1.5,400,0.7272727272727273,wsdcon_3.csv,WSD-con 3e-5,wsd_20000_24000.csv|wsdld_20000_24000.csv|wsdcon_9.csv|wsdcon_18.csv,WSD sharp + WSD linear + WSD-con 9e-5 + WSD-con 18e-5,4,1
0.00744534704076948,none,0.007317780180347833,-1.713376955071566,0.01122808031970939,0.0,25,1.0,cosine_72000.csv,Cosine,wsd_20000_24000.csv|wsdcon_3.csv|wsdcon_9.csv|wsdcon_18.csv,WSD sharp + WSD-con 3e-5 + WSD-con 9e-5 + WSD-con 18e-5,4,1
0.0031360955249893426,none,0.0028843553646525923,-8.027184067921711,0.01122808031970939,0.0,25,1.0,wsdld_20000_24000.csv,WSD linear,wsd_20000_24000.csv|wsdcon_3.csv|wsdcon_9.csv|wsdcon_18.csv,WSD sharp + WSD-con 3e-5 + WSD-con 9e-5 + WSD-con 18e-5,4,1
0.00744534704076948,constant_0p85,0.007336915209411085,-1.45637041181077,0.009543868271752982,0.0,25,0.85,cosine_72000.csv,Cosine,wsd_20000_24000.csv|wsdcon_3.csv|wsdcon_9.csv|wsdcon_18.csv,WSD sharp + WSD-con 3e-5 + WSD-con 9e-5 + WSD-con 18e-5,4,1
0.0031360955249893426,constant_0p85,0.002922116388703114,-6.823106457733152,0.009543868271752982,0.0,25,0.85,wsdld_20000_24000.csv,WSD linear,wsd_20000_24000.csv|wsdcon_3.csv|wsdcon_9.csv|wsdcon_18.csv,WSD sharp + WSD-con 3e-5 + WSD-con 9e-5 + WSD-con 18e-5,4,1
0.00744534704076948,train_size_rho0p25,0.0073252841133138145,-1.612590075361442,0.01056760500678531,0.25,25,0.9411764705882353,cosine_72000.csv,Cosine,wsd_20000_24000.csv|wsdcon_3.csv|wsdcon_9.csv|wsdcon_18.csv,WSD sharp + WSD-con 3e-5 + WSD-con 9e-5 + WSD-con 18e-5,4,1
0.0031360955249893426,train_size_rho0p25,0.0028991636093782863,-7.554996769808575,0.01056760500678531,0.25,25,0.9411764705882353,wsdld_20000_24000.csv,WSD linear,wsd_20000_24000.csv|wsdcon_3.csv|wsdcon_9.csv|wsdcon_18.csv,WSD sharp + WSD-con 3e-5 + WSD-con 9e-5 + WSD-con 18e-5,4,1
0.00744534704076948,train_size_rho0p35,0.0073280441806116495,-1.5755190391461893,0.010324671558353463,0.35,25,0.9195402298850576,cosine_72000.csv,Cosine,wsd_20000_24000.csv|wsdcon_3.csv|wsdcon_9.csv|wsdcon_18.csv,WSD sharp + WSD-con 3e-5 + WSD-con 9e-5 + WSD-con 18e-5,4,1
0.0031360955249893426,train_size_rho0p35,0.002904610320081978,-7.381318683146654,0.010324671558353463,0.35,25,0.9195402298850576,wsdld_20000_24000.csv,WSD linear,wsd_20000_24000.csv|wsdcon_3.csv|wsdcon_9.csv|wsdcon_18.csv,WSD sharp + WSD-con 3e-5 + WSD-con 9e-5 + WSD-con 18e-5,4,1
0.00744534704076948,train_size_rho0p5,0.007331954275950228,-1.523001737841534,0.00998051583974168,0.5,25,0.8888888888888888,cosine_72000.csv,Cosine,wsd_20000_24000.csv|wsdcon_3.csv|wsdcon_9.csv|wsdcon_18.csv,WSD sharp + WSD-con 3e-5 + WSD-con 9e-5 + WSD-con 18e-5,4,1
0.0031360955249893426,train_size_rho0p5,0.0029123264935788937,-7.135274727041652,0.00998051583974168,0.5,25,0.8888888888888888,wsdld_20000_24000.csv,WSD linear,wsd_20000_24000.csv|wsdcon_3.csv|wsdcon_9.csv|wsdcon_18.csv,WSD sharp + WSD-con 3e-5 + WSD-con 9e-5 + WSD-con 18e-5,4,1
0.00744534704076948,train_size_rho0p75,0.007337922316203872,-1.4428437516393555,0.009455225532386854,0.75,25,0.8421052631578947,cosine_72000.csv,Cosine,wsd_20000_24000.csv|wsdcon_3.csv|wsdcon_9.csv|wsdcon_18.csv,WSD sharp + WSD-con 3e-5 + WSD-con 9e-5 + WSD-con 18e-5,4,1
0.0031360955249893426,train_size_rho0p75,0.0029241038110215515,-6.7597339519341215,0.009455225532386854,0.75,25,0.8421052631578947,wsdld_20000_24000.csv,WSD linear,wsd_20000_24000.csv|wsdcon_3.csv|wsdcon_9.csv|wsdcon_18.csv,WSD sharp + WSD-con 3e-5 + WSD-con 9e-5 + WSD-con 18e-5,4,1
0.00744534704076948,train_size_rho1p0,0.007343293552432154,-1.370701564057375,0.008982464255767512,1.0,25,0.8,cosine_72000.csv,Cosine,wsd_20000_24000.csv|wsdcon_3.csv|wsdcon_9.csv|wsdcon_18.csv,WSD sharp + WSD-con 3e-5 + WSD-con 9e-5 + WSD-con 18e-5,4,1
0.0031360955249893426,train_size_rho1p0,0.0029347033967199445,-6.421747254337296,0.008982464255767512,1.0,25,0.8,wsdld_20000_24000.csv,WSD linear,wsd_20000_24000.csv|wsdcon_3.csv|wsdcon_9.csv|wsdcon_18.csv,WSD sharp + WSD-con 3e-5 + WSD-con 9e-5 + WSD-con 18e-5,4,1
0.00744534704076948,train_selected_rho,0.007331954275950228,-1.523001737841534,0.00998051583974168,0.5,25,0.8888888888888888,cosine_72000.csv,Cosine,wsd_20000_24000.csv|wsdcon_3.csv|wsdcon_9.csv|wsdcon_18.csv,WSD sharp + WSD-con 3e-5 + WSD-con 9e-5 + WSD-con 18e-5,4,1
0.0031360955249893426,train_selected_rho,0.0029123264935788937,-7.135274727041652,0.00998051583974168,0.5,25,0.8888888888888888,wsdld_20000_24000.csv,WSD linear,wsd_20000_24000.csv|wsdcon_3.csv|wsdcon_9.csv|wsdcon_18.csv,WSD sharp + WSD-con 3e-5 + WSD-con 9e-5 + WSD-con 18e-5,4,1
0.007265129575917493,none,0.007084021968270772,-2.4928338270394756,0.0159459104449978,0.0,100,1.0,cosine_72000.csv,Cosine,wsd_20000_24000.csv|wsdcon_3.csv|wsdcon_9.csv|wsdcon_18.csv,WSD sharp + WSD-con 3e-5 + WSD-con 9e-5 + WSD-con 18e-5,4,1
0.003248313740665229,none,0.0028928877967502125,-10.941860063130104,0.0159459104449978,0.0,100,1.0,wsdld_20000_24000.csv,WSD linear,wsd_20000_24000.csv|wsdcon_3.csv|wsdcon_9.csv|wsdcon_18.csv,WSD sharp + WSD-con 3e-5 + WSD-con 9e-5 + WSD-con 18e-5,4,1
0.007265129575917493,constant_0p85,0.007111188109417784,-2.118908752983506,0.013554023878248129,0.0,100,0.85,cosine_72000.csv,Cosine,wsd_20000_24000.csv|wsdcon_3.csv|wsdcon_9.csv|wsdcon_18.csv,WSD sharp + WSD-con 3e-5 + WSD-con 9e-5 + WSD-con 18e-5,4,1
0.003248313740665229,constant_0p85,0.002946201688337468,-9.300581053660494,0.013554023878248129,0.0,100,0.85,wsdld_20000_24000.csv,WSD linear,wsd_20000_24000.csv|wsdcon_3.csv|wsdcon_9.csv|wsdcon_18.csv,WSD sharp + WSD-con 3e-5 + WSD-con 9e-5 + WSD-con 18e-5,4,1
0.007265129575917493,train_size_rho0p25,0.007094675356955867,-2.3461965430960685,0.015007915712939105,0.25,100,0.9411764705882353,cosine_72000.csv,Cosine,wsd_20000_24000.csv|wsdcon_3.csv|wsdcon_9.csv|wsdcon_18.csv,WSD sharp + WSD-con 3e-5 + WSD-con 9e-5 + WSD-con 18e-5,4,1
0.003248313740665229,train_size_rho0p25,0.002913795205215802,-10.298221235887151,0.015007915712939105,0.25,100,0.9411764705882353,wsdld_20000_24000.csv,WSD linear,wsd_20000_24000.csv|wsdcon_3.csv|wsdcon_9.csv|wsdcon_18.csv,WSD sharp + WSD-con 3e-5 + WSD-con 9e-5 + WSD-con 18e-5,4,1
0.007265129575917493,train_size_rho0p35,0.007098593844748096,-2.292260990381101,0.014662906156319818,0.35,100,0.9195402298850576,cosine_72000.csv,Cosine,wsd_20000_24000.csv|wsdcon_3.csv|wsdcon_9.csv|wsdcon_18.csv,WSD sharp + WSD-con 3e-5 + WSD-con 9e-5 + WSD-con 18e-5,4,1
0.003248313740665229,train_size_rho0p35,0.0029214852864904955,-10.061480517820964,0.014662906156319818,0.35,100,0.9195402298850576,wsdld_20000_24000.csv,WSD linear,wsd_20000_24000.csv|wsdcon_3.csv|wsdcon_9.csv|wsdcon_18.csv,WSD sharp + WSD-con 3e-5 + WSD-con 9e-5 + WSD-con 18e-5,4,1
0.007265129575917493,train_size_rho0p5,0.007104145035787071,-2.215852290701803,0.01417414261777582,0.5,100,0.8888888888888888,cosine_72000.csv,Cosine,wsd_20000_24000.csv|wsdcon_3.csv|wsdcon_9.csv|wsdcon_18.csv,WSD sharp + WSD-con 3e-5 + WSD-con 9e-5 + WSD-con 18e-5,4,1
0.003248313740665229,train_size_rho0p5,0.002932379568296323,-9.72609783389351,0.01417414261777582,0.5,100,0.8888888888888888,wsdld_20000_24000.csv,WSD linear,wsd_20000_24000.csv|wsdcon_3.csv|wsdcon_9.csv|wsdcon_18.csv,WSD sharp + WSD-con 3e-5 + WSD-con 9e-5 + WSD-con 18e-5,4,1
0.007265129575917493,train_size_rho0p75,0.007112617906320255,-2.099228485927973,0.013428135111577094,0.75,100,0.8421052631578947,cosine_72000.csv,Cosine,wsd_20000_24000.csv|wsdcon_3.csv|wsdcon_9.csv|wsdcon_18.csv,WSD sharp + WSD-con 3e-5 + WSD-con 9e-5 + WSD-con 18e-5,4,1
0.003248313740665229,train_size_rho0p75,0.0029490076826315234,-9.214197947899272,0.013428135111577094,0.75,100,0.8421052631578947,wsdld_20000_24000.csv,WSD linear,wsd_20000_24000.csv|wsdcon_3.csv|wsdcon_9.csv|wsdcon_18.csv,WSD sharp + WSD-con 3e-5 + WSD-con 9e-5 + WSD-con 18e-5,4,1
0.007265129575917493,train_size_rho1p0,0.007120243489800112,-1.9942670616316382,0.01275672835599824,1.0,100,0.8,cosine_72000.csv,Cosine,wsd_20000_24000.csv|wsdcon_3.csv|wsdcon_9.csv|wsdcon_18.csv,WSD sharp + WSD-con 3e-5 + WSD-con 9e-5 + WSD-con 18e-5,4,1
0.003248313740665229,train_size_rho1p0,0.002963972985533212,-8.753488050504199,0.01275672835599824,1.0,100,0.8,wsdld_20000_24000.csv,WSD linear,wsd_20000_24000.csv|wsdcon_3.csv|wsdcon_9.csv|wsdcon_18.csv,WSD sharp + WSD-con 3e-5 + WSD-con 9e-5 + WSD-con 18e-5,4,1
0.007265129575917493,train_selected_rho,0.007104145035787071,-2.215852290701803,0.01417414261777582,0.5,100,0.8888888888888888,cosine_72000.csv,Cosine,wsd_20000_24000.csv|wsdcon_3.csv|wsdcon_9.csv|wsdcon_18.csv,WSD sharp + WSD-con 3e-5 + WSD-con 9e-5 + WSD-con 18e-5,4,1
0.003248313740665229,train_selected_rho,0.002932379568296323,-9.72609783389351,0.01417414261777582,0.5,100,0.8888888888888888,wsdld_20000_24000.csv,WSD linear,wsd_20000_24000.csv|wsdcon_3.csv|wsdcon_9.csv|wsdcon_18.csv,WSD sharp + WSD-con 3e-5 + WSD-con 9e-5 + WSD-con 18e-5,4,1
0.005612615040270773,none,0.005422690441278062,-3.3838878602931777,0.025516723308296865,0.0,400,1.0,cosine_72000.csv,Cosine,wsd_20000_24000.csv|wsdcon_3.csv|wsdcon_9.csv|wsdcon_18.csv,WSD sharp + WSD-con 3e-5 + WSD-con 9e-5 + WSD-con 18e-5,4,1
0.0038535563963712593,none,0.003280869536122908,-14.861255457105226,0.025516723308296865,0.0,400,1.0,wsdld_20000_24000.csv,WSD linear,wsd_20000_24000.csv|wsdcon_3.csv|wsdcon_9.csv|wsdcon_18.csv,WSD sharp + WSD-con 3e-5 + WSD-con 9e-5 + WSD-con 18e-5,4,1
0.005612615040270773,constant_0p85,0.005450201460857032,-2.893723839037887,0.021689214812052333,0.0,400,0.85,cosine_72000.csv,Cosine,wsd_20000_24000.csv|wsdcon_3.csv|wsdcon_9.csv|wsdcon_18.csv,WSD sharp + WSD-con 3e-5 + WSD-con 9e-5 + WSD-con 18e-5,4,1
0.0038535563963712593,constant_0p85,0.003366772565160157,-12.632067138539538,0.021689214812052333,0.0,400,0.85,wsdld_20000_24000.csv,WSD linear,wsd_20000_24000.csv|wsdcon_3.csv|wsdcon_9.csv|wsdcon_18.csv,WSD sharp + WSD-con 3e-5 + WSD-con 9e-5 + WSD-con 18e-5,4,1
0.005612615040270773,train_size_rho0p25,0.005433371028752973,-3.1935917612684217,0.024015739584279404,0.25,400,0.9411764705882353,cosine_72000.csv,Cosine,wsd_20000_24000.csv|wsdcon_3.csv|wsdcon_9.csv|wsdcon_18.csv,WSD sharp + WSD-con 3e-5 + WSD-con 9e-5 + WSD-con 18e-5,4,1
0.0038535563963712593,train_size_rho0p25,0.0033145569984904576,-13.987063959628465,0.024015739584279404,0.25,400,0.9411764705882353,wsdld_20000_24000.csv,WSD linear,wsd_20000_24000.csv|wsdcon_3.csv|wsdcon_9.csv|wsdcon_18.csv,WSD sharp + WSD-con 3e-5 + WSD-con 9e-5 + WSD-con 18e-5,4,1
0.005612615040270773,train_size_rho0p35,0.005437331629798889,-3.123025705739968,0.023463653616824707,0.35,400,0.9195402298850576,cosine_72000.csv,Cosine,wsd_20000_24000.csv|wsdcon_3.csv|wsdcon_9.csv|wsdcon_18.csv,WSD sharp + WSD-con 3e-5 + WSD-con 9e-5 + WSD-con 18e-5,4,1
0.0038535563963712593,train_size_rho0p35,0.0033269477892463348,-13.665522259407204,0.023463653616824707,0.35,400,0.9195402298850576,wsdld_20000_24000.csv,WSD linear,wsd_20000_24000.csv|wsdcon_3.csv|wsdcon_9.csv|wsdcon_18.csv,WSD sharp + WSD-con 3e-5 + WSD-con 9e-5 + WSD-con 18e-5,4,1
0.005612615040270773,train_size_rho0p5,0.005442983771045695,-3.022321467051736,0.02268153182959721,0.5,400,0.8888888888888888,cosine_72000.csv,Cosine,wsd_20000_24000.csv|wsdcon_3.csv|wsdcon_9.csv|wsdcon_18.csv,WSD sharp + WSD-con 3e-5 + WSD-con 9e-5 + WSD-con 18e-5,4,1
0.0038535563963712593,train_size_rho0p5,0.0033445014094838324,-13.210004850760292,0.02268153182959721,0.5,400,0.8888888888888888,wsdld_20000_24000.csv,WSD linear,wsd_20000_24000.csv|wsdcon_3.csv|wsdcon_9.csv|wsdcon_18.csv,WSD sharp + WSD-con 3e-5 + WSD-con 9e-5 + WSD-con 18e-5,4,1
0.005612615040270773,train_size_rho0p75,0.005451675481778818,-2.8674611983399267,0.021487766996460517,0.75,400,0.8421052631578947,cosine_72000.csv,Cosine,wsd_20000_24000.csv|wsdcon_3.csv|wsdcon_9.csv|wsdcon_18.csv,WSD sharp + WSD-con 3e-5 + WSD-con 9e-5 + WSD-con 18e-5,4,1
0.0038535563963712593,train_size_rho0p75,0.003371293777214755,-12.514741437562249,0.021487766996460517,0.75,400,0.8421052631578947,wsdld_20000_24000.csv,WSD linear,wsd_20000_24000.csv|wsdcon_3.csv|wsdcon_9.csv|wsdcon_18.csv,WSD sharp + WSD-con 3e-5 + WSD-con 9e-5 + WSD-con 18e-5,4,1
0.005612615040270773,train_size_rho1p0,0.005459536926695021,-2.7273937812839377,0.020413378646637493,1.0,400,0.8,cosine_72000.csv,Cosine,wsd_20000_24000.csv|wsdcon_3.csv|wsdcon_9.csv|wsdcon_18.csv,WSD sharp + WSD-con 3e-5 + WSD-con 9e-5 + WSD-con 18e-5,4,1
0.0038535563963712593,train_size_rho1p0,0.003395406908172575,-11.889004365684263,0.020413378646637493,1.0,400,0.8,wsdld_20000_24000.csv,WSD linear,wsd_20000_24000.csv|wsdcon_3.csv|wsdcon_9.csv|wsdcon_18.csv,WSD sharp + WSD-con 3e-5 + WSD-con 9e-5 + WSD-con 18e-5,4,1
0.005612615040270773,train_selected_rho,0.005442983771045695,-3.022321467051736,0.02268153182959721,0.5,400,0.8888888888888888,cosine_72000.csv,Cosine,wsd_20000_24000.csv|wsdcon_3.csv|wsdcon_9.csv|wsdcon_18.csv,WSD sharp + WSD-con 3e-5 + WSD-con 9e-5 + WSD-con 18e-5,4,1
0.0038535563963712593,train_selected_rho,0.0033445014094838324,-13.210004850760292,0.02268153182959721,0.5,400,0.8888888888888888,wsdld_20000_24000.csv,WSD linear,wsd_20000_24000.csv|wsdcon_3.csv|wsdcon_9.csv|wsdcon_18.csv,WSD sharp + WSD-con 3e-5 + WSD-con 9e-5 + WSD-con 18e-5,4,1
0.00744534704076948,none,0.007317606771257671,-1.7157060485202935,0.01124334330561346,0.0,25,1.0,cosine_72000.csv,Cosine,wsdld_20000_24000.csv|wsdcon_3.csv|wsdcon_9.csv|wsdcon_18.csv,WSD linear + WSD-con 3e-5 + WSD-con 9e-5 + WSD-con 18e-5,4,1
0.003408385839825258,none,0.003058075320769355,-10.27790090437245,0.01124334330561346,0.0,25,1.0,wsd_20000_24000.csv,WSD sharp,wsdld_20000_24000.csv|wsdcon_3.csv|wsdcon_9.csv|wsdcon_18.csv,WSD linear + WSD-con 3e-5 + WSD-con 9e-5 + WSD-con 18e-5,4,1
0.00744534704076948,constant_0p85,0.007336767811684444,-1.4583501412422373,0.00955684180977144,0.0,25,0.85,cosine_72000.csv,Cosine,wsdld_20000_24000.csv|wsdcon_3.csv|wsdcon_9.csv|wsdcon_18.csv,WSD linear + WSD-con 3e-5 + WSD-con 9e-5 + WSD-con 18e-5,4,1
0.003408385839825258,constant_0p85,0.0031106218986277465,-8.736215768716404,0.00955684180977144,0.0,25,0.85,wsd_20000_24000.csv,WSD sharp,wsdld_20000_24000.csv|wsdcon_3.csv|wsdcon_9.csv|wsdcon_18.csv,WSD linear + WSD-con 3e-5 + WSD-con 9e-5 + WSD-con 18e-5,4,1
0.00744534704076948,train_size_rho0p25,0.0073251209047583655,-1.614782163313233,0.010581970169989139,0.25,25,0.9411764705882353,cosine_72000.csv,Cosine,wsdld_20000_24000.csv|wsdcon_3.csv|wsdcon_9.csv|wsdcon_18.csv,WSD linear + WSD-con 3e-5 + WSD-con 9e-5 + WSD-con 18e-5,4,1
0.003408385839825258,train_size_rho0p25,0.0030786818218902965,-9.67331849823272,0.010581970169989139,0.25,25,0.9411764705882353,wsd_20000_24000.csv,WSD sharp,wsdld_20000_24000.csv|wsdcon_3.csv|wsdcon_9.csv|wsdcon_18.csv,WSD linear + WSD-con 3e-5 + WSD-con 9e-5 + WSD-con 18e-5,4,1
0.00744534704076948,train_size_rho0p35,0.007327884723977006,-1.5776607342716242,0.010338706487920424,0.35,25,0.9195402298850576,cosine_72000.csv,Cosine,wsdld_20000_24000.csv|wsdcon_3.csv|wsdcon_9.csv|wsdcon_18.csv,WSD linear + WSD-con 3e-5 + WSD-con 9e-5 + WSD-con 18e-5,4,1
0.003408385839825258,train_size_rho0p35,0.003086261224601443,-9.450943360342368,0.010338706487920424,0.35,25,0.9195402298850576,wsd_20000_24000.csv,WSD sharp,wsdld_20000_24000.csv|wsdcon_3.csv|wsdcon_9.csv|wsdcon_18.csv,WSD linear + WSD-con 3e-5 + WSD-con 9e-5 + WSD-con 18e-5,4,1
0.00744534704076948,train_size_rho0p5,0.007331800134536763,-1.5250720431291276,0.009994082938323075,0.5,25,0.8888888888888888,cosine_72000.csv,Cosine,wsdld_20000_24000.csv|wsdcon_3.csv|wsdcon_9.csv|wsdcon_18.csv,WSD linear + WSD-con 3e-5 + WSD-con 9e-5 + WSD-con 18e-5,4,1
0.003408385839825258,train_size_rho0p5,0.003096998711775573,-9.135911914997541,0.009994082938323075,0.5,25,0.8888888888888888,wsd_20000_24000.csv,WSD sharp,wsdld_20000_24000.csv|wsdcon_3.csv|wsdcon_9.csv|wsdcon_18.csv,WSD linear + WSD-con 3e-5 + WSD-con 9e-5 + WSD-con 18e-5,4,1
0.00744534704076948,train_size_rho0p75,0.007337776287496379,-1.4448050934907641,0.009468078573148176,0.75,25,0.8421052631578947,cosine_72000.csv,Cosine,wsdld_20000_24000.csv|wsdcon_3.csv|wsdcon_9.csv|wsdcon_18.csv,WSD linear + WSD-con 3e-5 + WSD-con 9e-5 + WSD-con 18e-5,4,1
0.003408385839825258,train_size_rho0p75,0.0031133875079887166,-8.655074445787081,0.009468078573148176,0.75,25,0.8421052631578947,wsd_20000_24000.csv,WSD sharp,wsdld_20000_24000.csv|wsdcon_3.csv|wsdcon_9.csv|wsdcon_18.csv,WSD linear + WSD-con 3e-5 + WSD-con 9e-5 + WSD-con 18e-5,4,1
0.00744534704076948,train_size_rho1p0,0.007343154825160032,-1.3725648388162592,0.008994674644490767,1.0,25,0.8,cosine_72000.csv,Cosine,wsdld_20000_24000.csv|wsdcon_3.csv|wsdcon_9.csv|wsdcon_18.csv,WSD linear + WSD-con 3e-5 + WSD-con 9e-5 + WSD-con 18e-5,4,1
0.003408385839825258,train_size_rho1p0,0.0031281374245805374,-8.222320723497912,0.008994674644490767,1.0,25,0.8,wsd_20000_24000.csv,WSD sharp,wsdld_20000_24000.csv|wsdcon_3.csv|wsdcon_9.csv|wsdcon_18.csv,WSD linear + WSD-con 3e-5 + WSD-con 9e-5 + WSD-con 18e-5,4,1
0.00744534704076948,train_selected_rho,0.007331800134536763,-1.5250720431291276,0.009994082938323075,0.5,25,0.8888888888888888,cosine_72000.csv,Cosine,wsdld_20000_24000.csv|wsdcon_3.csv|wsdcon_9.csv|wsdcon_18.csv,WSD linear + WSD-con 3e-5 + WSD-con 9e-5 + WSD-con 18e-5,4,1
0.003408385839825258,train_selected_rho,0.003096998711775573,-9.135911914997541,0.009994082938323075,0.5,25,0.8888888888888888,wsd_20000_24000.csv,WSD sharp,wsdld_20000_24000.csv|wsdcon_3.csv|wsdcon_9.csv|wsdcon_18.csv,WSD linear + WSD-con 3e-5 + WSD-con 9e-5 + WSD-con 18e-5,4,1
0.007265129575917493,none,0.007084546239931688,-2.485617552980801,0.01589975010384758,0.0,100,1.0,cosine_72000.csv,Cosine,wsdld_20000_24000.csv|wsdcon_3.csv|wsdcon_9.csv|wsdcon_18.csv,WSD linear + WSD-con 3e-5 + WSD-con 9e-5 + WSD-con 18e-5,4,1
0.0037480705220761528,none,0.0032555766667620627,-13.139930329840354,0.01589975010384758,0.0,100,1.0,wsd_20000_24000.csv,WSD sharp,wsdld_20000_24000.csv|wsdcon_3.csv|wsdcon_9.csv|wsdcon_18.csv,WSD linear + WSD-con 3e-5 + WSD-con 9e-5 + WSD-con 18e-5,4,1
0.007265129575917493,constant_0p85,0.0071116337403295555,-2.112774920033722,0.013514787588270443,0.0,100,0.85,cosine_72000.csv,Cosine,wsdld_20000_24000.csv|wsdcon_3.csv|wsdcon_9.csv|wsdcon_18.csv,WSD linear + WSD-con 3e-5 + WSD-con 9e-5 + WSD-con 18e-5,4,1
0.0037480705220761528,constant_0p85,0.003329450745059173,-11.16894078036439,0.013514787588270443,0.0,100,0.85,wsd_20000_24000.csv,WSD sharp,wsdld_20000_24000.csv|wsdcon_3.csv|wsdcon_9.csv|wsdcon_18.csv,WSD linear + WSD-con 3e-5 + WSD-con 9e-5 + WSD-con 18e-5,4,1
0.007265129575917493,train_size_rho0p25,0.007095168789107326,-2.339404755746599,0.014964470685974193,0.25,100,0.9411764705882353,cosine_72000.csv,Cosine,wsdld_20000_24000.csv|wsdcon_3.csv|wsdcon_9.csv|wsdcon_18.csv,WSD linear + WSD-con 3e-5 + WSD-con 9e-5 + WSD-con 18e-5,4,1
0.0037480705220761528,train_size_rho0p25,0.0032845468935452427,-12.366993251614499,0.014964470685974193,0.25,100,0.9411764705882353,wsd_20000_24000.csv,WSD sharp,wsdld_20000_24000.csv|wsdcon_3.csv|wsdcon_9.csv|wsdcon_18.csv,WSD linear + WSD-con 3e-5 + WSD-con 9e-5 + WSD-con 18e-5,4,1
0.007265129575917493,train_size_rho0p35,0.0070990759336316935,-2.285625336074326,0.014620459865606972,0.35,100,0.9195402298850576,cosine_72000.csv,Cosine,wsdld_20000_24000.csv|wsdcon_3.csv|wsdcon_9.csv|wsdcon_18.csv,WSD linear + WSD-con 3e-5 + WSD-con 9e-5 + WSD-con 18e-5,4,1
0.0037480705220761528,train_size_rho0p35,0.003295202609143652,-12.082694556175156,0.014620459865606972,0.35,100,0.9195402298850576,wsd_20000_24000.csv,WSD sharp,wsdld_20000_24000.csv|wsdcon_3.csv|wsdcon_9.csv|wsdcon_18.csv,WSD linear + WSD-con 3e-5 + WSD-con 9e-5 + WSD-con 18e-5,4,1
0.007265129575917493,train_size_rho0p5,0.0071046110550412305,-2.2094378248717073,0.014133111203420071,0.5,100,0.8888888888888888,cosine_72000.csv,Cosine,wsdld_20000_24000.csv|wsdcon_3.csv|wsdcon_9.csv|wsdcon_18.csv,WSD linear + WSD-con 3e-5 + WSD-con 9e-5 + WSD-con 18e-5,4,1
0.0037480705220761528,train_size_rho0p5,0.003310298206241402,-11.679938070969309,0.014133111203420071,0.5,100,0.8888888888888888,wsd_20000_24000.csv,WSD sharp,wsdld_20000_24000.csv|wsdcon_3.csv|wsdcon_9.csv|wsdcon_18.csv,WSD linear + WSD-con 3e-5 + WSD-con 9e-5 + WSD-con 18e-5,4,1
0.007265129575917493,train_size_rho0p75,0.00711305939824524,-2.093151623562728,0.013389263245345331,0.75,100,0.8421052631578947,cosine_72000.csv,Cosine,wsdld_20000_24000.csv|wsdcon_3.csv|wsdcon_9.csv|wsdcon_18.csv,WSD linear + WSD-con 3e-5 + WSD-con 9e-5 + WSD-con 18e-5,4,1
0.0037480705220761528,train_size_rho0p75,0.0033333388544432305,-11.065204488286728,0.013389263245345331,0.75,100,0.8421052631578947,wsd_20000_24000.csv,WSD sharp,wsdld_20000_24000.csv|wsdcon_3.csv|wsdcon_9.csv|wsdcon_18.csv,WSD linear + WSD-con 3e-5 + WSD-con 9e-5 + WSD-con 18e-5,4,1
0.007265129575917493,train_size_rho1p0,0.00712066290712885,-1.9884940423846253,0.012719800083078065,1.0,100,0.8,cosine_72000.csv,Cosine,wsdld_20000_24000.csv|wsdcon_3.csv|wsdcon_9.csv|wsdcon_18.csv,WSD linear + WSD-con 3e-5 + WSD-con 9e-5 + WSD-con 18e-5,4,1
0.0037480705220761528,train_size_rho1p0,0.003354075437824878,-10.511944263872353,0.012719800083078065,1.0,100,0.8,wsd_20000_24000.csv,WSD sharp,wsdld_20000_24000.csv|wsdcon_3.csv|wsdcon_9.csv|wsdcon_18.csv,WSD linear + WSD-con 3e-5 + WSD-con 9e-5 + WSD-con 18e-5,4,1
0.007265129575917493,train_selected_rho,0.0071046110550412305,-2.2094378248717073,0.014133111203420071,0.5,100,0.8888888888888888,cosine_72000.csv,Cosine,wsdld_20000_24000.csv|wsdcon_3.csv|wsdcon_9.csv|wsdcon_18.csv,WSD linear + WSD-con 3e-5 + WSD-con 9e-5 + WSD-con 18e-5,4,1
0.0037480705220761528,train_selected_rho,0.003310298206241402,-11.679938070969309,0.014133111203420071,0.5,100,0.8888888888888888,wsd_20000_24000.csv,WSD sharp,wsdld_20000_24000.csv|wsdcon_3.csv|wsdcon_9.csv|wsdcon_18.csv,WSD linear + WSD-con 3e-5 + WSD-con 9e-5 + WSD-con 18e-5,4,1
0.005612615040270773,none,0.005423657905964948,-3.3666505354464693,0.025380494148200223,0.0,400,1.0,cosine_72000.csv,Cosine,wsdld_20000_24000.csv|wsdcon_3.csv|wsdcon_9.csv|wsdcon_18.csv,WSD linear + WSD-con 3e-5 + WSD-con 9e-5 + WSD-con 18e-5,4,1
0.004701998914275349,none,0.003909158509264909,-16.861773459865393,0.025380494148200223,0.0,400,1.0,wsd_20000_24000.csv,WSD sharp,wsdld_20000_24000.csv|wsdcon_3.csv|wsdcon_9.csv|wsdcon_18.csv,WSD linear + WSD-con 3e-5 + WSD-con 9e-5 + WSD-con 18e-5,4,1
0.005612615040270773,constant_0p85,0.0054510487469733694,-2.8786277365926205,0.021573420025970187,0.0,400,0.85,cosine_72000.csv,Cosine,wsdld_20000_24000.csv|wsdcon_3.csv|wsdcon_9.csv|wsdcon_18.csv,WSD linear + WSD-con 3e-5 + WSD-con 9e-5 + WSD-con 18e-5,4,1
0.004701998914275349,constant_0p85,0.004028084570016469,-14.332507440885712,0.021573420025970187,0.0,400,0.85,wsd_20000_24000.csv,WSD sharp,wsdld_20000_24000.csv|wsdcon_3.csv|wsdcon_9.csv|wsdcon_18.csv,WSD linear + WSD-con 3e-5 + WSD-con 9e-5 + WSD-con 18e-5,4,1
0.005612615040270773,train_size_rho0p25,0.005434290833251919,-3.1772035983114733,0.023887523904188444,0.25,400,0.9411764705882353,cosine_72000.csv,Cosine,wsdld_20000_24000.csv|wsdcon_3.csv|wsdcon_9.csv|wsdcon_18.csv,WSD linear + WSD-con 3e-5 + WSD-con 9e-5 + WSD-con 18e-5,4,1
0.004701998914275349,train_size_rho0p25,0.0039557961801478725,-15.869904432814563,0.023887523904188444,0.25,400,0.9411764705882353,wsd_20000_24000.csv,WSD sharp,wsdld_20000_24000.csv|wsdcon_3.csv|wsdcon_9.csv|wsdcon_18.csv,WSD linear + WSD-con 3e-5 + WSD-con 9e-5 + WSD-con 18e-5,4,1
0.005612615040270773,train_size_rho0p35,0.0054382302893668175,-3.107014282161469,0.023338385423632393,0.35,400,0.9195402298850576,cosine_72000.csv,Cosine,wsdld_20000_24000.csv|wsdcon_3.csv|wsdcon_9.csv|wsdcon_18.csv,WSD linear + WSD-con 3e-5 + WSD-con 9e-5 + WSD-con 18e-5,4,1
0.004701998914275349,train_size_rho0p35,0.003972950265989887,-15.505079043554392,0.023338385423632393,0.35,400,0.9195402298850576,wsd_20000_24000.csv,WSD sharp,wsdld_20000_24000.csv|wsdcon_3.csv|wsdcon_9.csv|wsdcon_18.csv,WSD linear + WSD-con 3e-5 + WSD-con 9e-5 + WSD-con 18e-5,4,1
0.005612615040270773,train_size_rho0p5,0.005443861169854863,-3.006688846555361,0.022560439242844642,0.5,400,0.8888888888888888,cosine_72000.csv,Cosine,wsdld_20000_24000.csv|wsdcon_3.csv|wsdcon_9.csv|wsdcon_18.csv,WSD linear + WSD-con 3e-5 + WSD-con 9e-5 + WSD-con 18e-5,4,1
0.004701998914275349,train_size_rho0p5,0.0039972518875994074,-14.988243075435792,0.022560439242844642,0.5,400,0.8888888888888888,wsd_20000_24000.csv,WSD sharp,wsdld_20000_24000.csv|wsdcon_3.csv|wsdcon_9.csv|wsdcon_18.csv,WSD linear + WSD-con 3e-5 + WSD-con 9e-5 + WSD-con 18e-5,4,1
0.005612615040270773,train_size_rho0p75,0.005452514898364667,-2.8525053073724216,0.021373047703747556,0.75,400,0.8421052631578947,cosine_72000.csv,Cosine,wsdld_20000_24000.csv|wsdcon_3.csv|wsdcon_9.csv|wsdcon_18.csv,WSD linear + WSD-con 3e-5 + WSD-con 9e-5 + WSD-con 18e-5,4,1
0.004701998914275349,train_size_rho0p75,0.004034343836371815,-14.199388176728878,0.021373047703747556,0.75,400,0.8421052631578947,wsd_20000_24000.csv,WSD sharp,wsdld_20000_24000.csv|wsdcon_3.csv|wsdcon_9.csv|wsdcon_18.csv,WSD linear + WSD-con 3e-5 + WSD-con 9e-5 + WSD-con 18e-5,4,1
0.005612615040270773,train_size_rho1p0,0.005460334372451586,-2.7131856848646607,0.02030439531856018,1.0,400,0.8,cosine_72000.csv,Cosine,wsdld_20000_24000.csv|wsdcon_3.csv|wsdcon_9.csv|wsdcon_18.csv,WSD linear + WSD-con 3e-5 + WSD-con 9e-5 + WSD-con 18e-5,4,1
0.004701998914275349,train_size_rho1p0,0.004067726590267,-13.489418767892246,0.02030439531856018,1.0,400,0.8,wsd_20000_24000.csv,WSD sharp,wsdld_20000_24000.csv|wsdcon_3.csv|wsdcon_9.csv|wsdcon_18.csv,WSD linear + WSD-con 3e-5 + WSD-con 9e-5 + WSD-con 18e-5,4,1
0.005612615040270773,train_selected_rho,0.005443861169854863,-3.006688846555361,0.022560439242844642,0.5,400,0.8888888888888888,cosine_72000.csv,Cosine,wsdld_20000_24000.csv|wsdcon_3.csv|wsdcon_9.csv|wsdcon_18.csv,WSD linear + WSD-con 3e-5 + WSD-con 9e-5 + WSD-con 18e-5,4,1
0.004701998914275349,train_selected_rho,0.0039972518875994074,-14.988243075435792,0.022560439242844642,0.5,400,0.8888888888888888,wsd_20000_24000.csv,WSD sharp,wsdld_20000_24000.csv|wsdcon_3.csv|wsdcon_9.csv|wsdcon_18.csv,WSD linear + WSD-con 3e-5 + WSD-con 9e-5 + WSD-con 18e-5,4,1
0.002504818961791151,none,0.002274112718281104,-9.210495729602474,0.01127561677983119,0.0,25,1.0,wsdcon_18.csv,WSD-con 18e-5,cosine_72000.csv|wsd_20000_24000.csv|wsdld_20000_24000.csv|wsdcon_3.csv|wsdcon_9.csv,Cosine + WSD sharp + WSD linear + WSD-con 3e-5 + WSD-con 9e-5,5,1
0.002504818961791151,constant_0p85,0.0023087186548076143,-7.828921370161968,0.009584274262856511,0.0,25,0.85,wsdcon_18.csv,WSD-con 18e-5,cosine_72000.csv|wsd_20000_24000.csv|wsdld_20000_24000.csv|wsdcon_3.csv|wsdcon_9.csv,Cosine + WSD sharp + WSD linear + WSD-con 3e-5 + WSD-con 9e-5,5,1
0.002504818961791151,train_size_rho0p25,0.0022850987298767924,-8.771900694860612,0.010738682647458276,0.25,25,0.9523809523809523,wsdcon_18.csv,WSD-con 18e-5,cosine_72000.csv|wsd_20000_24000.csv|wsdld_20000_24000.csv|wsdcon_3.csv|wsdcon_9.csv,Cosine + WSD sharp + WSD linear + WSD-con 3e-5 + WSD-con 9e-5,5,1
0.002504818961791151,train_size_rho0p35,0.0022892056500995153,-8.60793993420803,0.01053795960731887,0.35,25,0.9345794392523366,wsdcon_18.csv,WSD-con 18e-5,cosine_72000.csv|wsd_20000_24000.csv|wsdld_20000_24000.csv|wsdcon_3.csv|wsdcon_9.csv,Cosine + WSD sharp + WSD linear + WSD-con 3e-5 + WSD-con 9e-5,5,1
0.002504818961791151,train_size_rho0p5,0.0022950860131456577,-8.373177936002085,0.010250560708937444,0.5,25,0.9090909090909091,wsdcon_18.csv,WSD-con 18e-5,cosine_72000.csv|wsd_20000_24000.csv|wsdld_20000_24000.csv|wsdcon_3.csv|wsdcon_9.csv,Cosine + WSD sharp + WSD linear + WSD-con 3e-5 + WSD-con 9e-5,5,1
0.002504818961791151,train_size_rho0p75,0.0023042048369997874,-8.009126721394189,0.009804884156374948,0.75,25,0.8695652173913043,wsdcon_18.csv,WSD-con 18e-5,cosine_72000.csv|wsd_20000_24000.csv|wsdld_20000_24000.csv|wsdcon_3.csv|wsdcon_9.csv,Cosine + WSD sharp + WSD linear + WSD-con 3e-5 + WSD-con 9e-5,5,1
0.002504818961791151,train_size_rho1p0,0.0023125637588661168,-7.675413108001861,0.009396347316525992,1.0,25,0.8333333333333334,wsdcon_18.csv,WSD-con 18e-5,cosine_72000.csv|wsd_20000_24000.csv|wsdld_20000_24000.csv|wsdcon_3.csv|wsdcon_9.csv,Cosine + WSD sharp + WSD linear + WSD-con 3e-5 + WSD-con 9e-5,5,1
0.002504818961791151,train_selected_rho,0.002274112718281104,-9.210495729602474,0.01127561677983119,0.0,25,1.0,wsdcon_18.csv,WSD-con 18e-5,cosine_72000.csv|wsd_20000_24000.csv|wsdld_20000_24000.csv|wsdcon_3.csv|wsdcon_9.csv,Cosine + WSD sharp + WSD linear + WSD-con 3e-5 + WSD-con 9e-5,5,1
0.0013816404339982303,none,0.0012218639083063888,-11.564262434725926,0.01666065109450169,0.0,100,1.0,wsdcon_18.csv,WSD-con 18e-5,cosine_72000.csv|wsd_20000_24000.csv|wsdld_20000_24000.csv|wsdcon_3.csv|wsdcon_9.csv,Cosine + WSD sharp + WSD linear + WSD-con 3e-5 + WSD-con 9e-5,5,1
0.0013816404339982303,constant_0p85,0.001220941104565982,-11.631052875834847,0.014161553430326436,0.0,100,0.85,wsdcon_18.csv,WSD-con 18e-5,cosine_72000.csv|wsd_20000_24000.csv|wsdld_20000_24000.csv|wsdcon_3.csv|wsdcon_9.csv,Cosine + WSD sharp + WSD linear + WSD-con 3e-5 + WSD-con 9e-5,5,1
0.0013816404339982303,train_size_rho0p25,0.0012212535333097675,-11.608439992186003,0.015867286756668274,0.25,100,0.9523809523809523,wsdcon_18.csv,WSD-con 18e-5,cosine_72000.csv|wsd_20000_24000.csv|wsdld_20000_24000.csv|wsdcon_3.csv|wsdcon_9.csv,Cosine + WSD sharp + WSD linear + WSD-con 3e-5 + WSD-con 9e-5,5,1
0.0013816404339982303,train_size_rho0p35,0.001221025355740928,-11.624954966938095,0.015570701957478216,0.35,100,0.9345794392523366,wsdcon_18.csv,WSD-con 18e-5,cosine_72000.csv|wsd_20000_24000.csv|wsdld_20000_24000.csv|wsdcon_3.csv|wsdcon_9.csv,Cosine + WSD sharp + WSD linear + WSD-con 3e-5 + WSD-con 9e-5,5,1
0.0013816404339982303,train_size_rho0p5,0.0012206986469492013,-11.648601408058902,0.01514604644954699,0.5,100,0.9090909090909091,wsdcon_18.csv,WSD-con 18e-5,cosine_72000.csv|wsd_20000_24000.csv|wsdld_20000_24000.csv|wsdcon_3.csv|wsdcon_9.csv,Cosine + WSD sharp + WSD linear + WSD-con 3e-5 + WSD-con 9e-5,5,1
0.0013816404339982303,train_size_rho0p75,0.0012205914465477526,-11.656360329903602,0.014487522690871035,0.75,100,0.8695652173913043,wsdcon_18.csv,WSD-con 18e-5,cosine_72000.csv|wsd_20000_24000.csv|wsdld_20000_24000.csv|wsdcon_3.csv|wsdcon_9.csv,Cosine + WSD sharp + WSD linear + WSD-con 3e-5 + WSD-con 9e-5,5,1
0.0013816404339982303,train_size_rho1p0,0.0012212389613963138,-11.609494674221576,0.013883875912084741,1.0,100,0.8333333333333334,wsdcon_18.csv,WSD-con 18e-5,cosine_72000.csv|wsd_20000_24000.csv|wsdld_20000_24000.csv|wsdcon_3.csv|wsdcon_9.csv,Cosine + WSD sharp + WSD linear + WSD-con 3e-5 + WSD-con 9e-5,5,1
0.0013816404339982303,train_selected_rho,0.0012218639083063888,-11.564262434725926,0.01666065109450169,0.0,100,1.0,wsdcon_18.csv,WSD-con 18e-5,cosine_72000.csv|wsd_20000_24000.csv|wsdld_20000_24000.csv|wsdcon_3.csv|wsdcon_9.csv,Cosine + WSD sharp + WSD linear + WSD-con 3e-5 + WSD-con 9e-5,5,1
0.0025579541942073844,none,0.0023863701375277826,-6.707862754859429,0.026781184794631176,0.0,400,1.0,wsdcon_18.csv,WSD-con 18e-5,cosine_72000.csv|wsd_20000_24000.csv|wsdld_20000_24000.csv|wsdcon_3.csv|wsdcon_9.csv,Cosine + WSD sharp + WSD linear + WSD-con 3e-5 + WSD-con 9e-5,5,1
0.0025579541942073844,constant_0p85,0.002401344130020384,-6.122473363348401,0.0227640070754365,0.0,400,0.85,wsdcon_18.csv,WSD-con 18e-5,cosine_72000.csv|wsd_20000_24000.csv|wsdld_20000_24000.csv|wsdcon_3.csv|wsdcon_9.csv,Cosine + WSD sharp + WSD linear + WSD-con 3e-5 + WSD-con 9e-5,5,1
0.0025579541942073844,train_size_rho0p25,0.002390202617721113,-6.558036764933206,0.02550589028060112,0.25,400,0.9523809523809523,wsdcon_18.csv,WSD-con 18e-5,cosine_72000.csv|wsd_20000_24000.csv|wsdld_20000_24000.csv|wsdcon_3.csv|wsdcon_9.csv,Cosine + WSD sharp + WSD linear + WSD-con 3e-5 + WSD-con 9e-5,5,1
0.0025579541942073844,train_size_rho0p35,0.002391635320597123,-6.502027049073,0.025029144667879605,0.35,400,0.9345794392523366,wsdcon_18.csv,WSD-con 18e-5,cosine_72000.csv|wsd_20000_24000.csv|wsdld_20000_24000.csv|wsdcon_3.csv|wsdcon_9.csv,Cosine + WSD sharp + WSD linear + WSD-con 3e-5 + WSD-con 9e-5,5,1
0.0025579541942073844,train_size_rho0p5,0.0023936866906241346,-6.421831319545978,0.024346531631482888,0.5,400,0.9090909090909091,wsdcon_18.csv,WSD-con 18e-5,cosine_72000.csv|wsd_20000_24000.csv|wsdld_20000_24000.csv|wsdcon_3.csv|wsdcon_9.csv,Cosine + WSD sharp + WSD linear + WSD-con 3e-5 + WSD-con 9e-5,5,1
0.0025579541942073844,train_size_rho0p75,0.002398804298444704,-6.221764882384662,0.023287986777940153,0.75,400,0.8695652173913043,wsdcon_18.csv,WSD-con 18e-5,cosine_72000.csv|wsd_20000_24000.csv|wsdld_20000_24000.csv|wsdcon_3.csv|wsdcon_9.csv,Cosine + WSD sharp + WSD linear + WSD-con 3e-5 + WSD-con 9e-5,5,1
0.0025579541942073844,train_size_rho1p0,0.0024035076902515396,-6.037891698983378,0.02231765399552598,1.0,400,0.8333333333333334,wsdcon_18.csv,WSD-con 18e-5,cosine_72000.csv|wsd_20000_24000.csv|wsdld_20000_24000.csv|wsdcon_3.csv|wsdcon_9.csv,Cosine + WSD sharp + WSD linear + WSD-con 3e-5 + WSD-con 9e-5,5,1
0.0025579541942073844,train_selected_rho,0.0023863701375277826,-6.707862754859429,0.026781184794631176,0.0,400,1.0,wsdcon_18.csv,WSD-con 18e-5,cosine_72000.csv|wsd_20000_24000.csv|wsdld_20000_24000.csv|wsdcon_3.csv|wsdcon_9.csv,Cosine + WSD sharp + WSD linear + WSD-con 3e-5 + WSD-con 9e-5,5,1
0.002926482771138891,none,0.0023257270197131045,-20.52825177549198,0.011729325466462985,0.0,25,1.0,wsdcon_9.csv,WSD-con 9e-5,cosine_72000.csv|wsd_20000_24000.csv|wsdld_20000_24000.csv|wsdcon_3.csv|wsdcon_18.csv,Cosine + WSD sharp + WSD linear + WSD-con 3e-5 + WSD-con 18e-5,5,1
0.002926482771138891,constant_0p85,0.00240651677282614,-17.76760838781215,0.009969926646493536,0.0,25,0.85,wsdcon_9.csv,WSD-con 9e-5,cosine_72000.csv|wsd_20000_24000.csv|wsdld_20000_24000.csv|wsdcon_3.csv|wsdcon_18.csv,Cosine + WSD sharp + WSD linear + WSD-con 3e-5 + WSD-con 18e-5,5,1
0.002926482771138891,train_size_rho0p25,0.0023510694151162434,-19.662284080309668,0.011170786158536176,0.25,25,0.9523809523809523,wsdcon_9.csv,WSD-con 9e-5,cosine_72000.csv|wsd_20000_24000.csv|wsdld_20000_24000.csv|wsdcon_3.csv|wsdcon_18.csv,Cosine + WSD sharp + WSD linear + WSD-con 3e-5 + WSD-con 18e-5,5,1
0.002926482771138891,train_size_rho0p35,0.002360543207790297,-19.338557839120607,0.010961986417255128,0.35,25,0.9345794392523366,wsdcon_9.csv,WSD-con 9e-5,cosine_72000.csv|wsd_20000_24000.csv|wsdld_20000_24000.csv|wsdcon_3.csv|wsdcon_18.csv,Cosine + WSD sharp + WSD linear + WSD-con 3e-5 + WSD-con 18e-5,5,1
0.002926482771138891,train_size_rho0p5,0.0023741079563918167,-18.87504072105328,0.010663023151329986,0.5,25,0.9090909090909091,wsdcon_9.csv,WSD-con 9e-5,cosine_72000.csv|wsd_20000_24000.csv|wsdld_20000_24000.csv|wsdcon_3.csv|wsdcon_18.csv,Cosine + WSD sharp + WSD linear + WSD-con 3e-5 + WSD-con 18e-5,5,1
0.002926482771138891,train_size_rho0p75,0.0023954302419277548,-18.14644304242624,0.010199413449098247,0.75,25,0.8695652173913043,wsdcon_9.csv,WSD-con 9e-5,cosine_72000.csv|wsd_20000_24000.csv|wsdld_20000_24000.csv|wsdcon_3.csv|wsdcon_18.csv,Cosine + WSD sharp + WSD linear + WSD-con 3e-5 + WSD-con 18e-5,5,1
0.002926482771138891,train_size_rho1p0,0.0024159608547025583,-17.444897385732915,0.009774437888719154,1.0,25,0.8333333333333334,wsdcon_9.csv,WSD-con 9e-5,cosine_72000.csv|wsd_20000_24000.csv|wsdld_20000_24000.csv|wsdcon_3.csv|wsdcon_18.csv,Cosine + WSD sharp + WSD linear + WSD-con 3e-5 + WSD-con 18e-5,5,1
0.002926482771138891,train_selected_rho,0.0023257270197131045,-20.52825177549198,0.011729325466462985,0.0,25,1.0,wsdcon_9.csv,WSD-con 9e-5,cosine_72000.csv|wsd_20000_24000.csv|wsdld_20000_24000.csv|wsdcon_3.csv|wsdcon_18.csv,Cosine + WSD sharp + WSD linear + WSD-con 3e-5 + WSD-con 18e-5,5,1
0.004934623402238123,none,0.004666088511038698,-5.441851774902007,0.016879255342916497,0.0,100,1.0,wsdcon_9.csv,WSD-con 9e-5,cosine_72000.csv|wsd_20000_24000.csv|wsdld_20000_24000.csv|wsdcon_3.csv|wsdcon_18.csv,Cosine + WSD sharp + WSD linear + WSD-con 3e-5 + WSD-con 18e-5,5,1
0.004934623402238123,constant_0p85,0.004656791513778096,-5.630255154507124,0.014347367041479021,0.0,100,0.85,wsdcon_9.csv,WSD-con 9e-5,cosine_72000.csv|wsd_20000_24000.csv|wsdld_20000_24000.csv|wsdcon_3.csv|wsdcon_18.csv,Cosine + WSD sharp + WSD linear + WSD-con 3e-5 + WSD-con 18e-5,5,1
0.004934623402238123,train_size_rho0p25,0.004660877693684236,-5.547448837326241,0.01607548127896809,0.25,100,0.9523809523809523,wsdcon_9.csv,WSD-con 9e-5,cosine_72000.csv|wsd_20000_24000.csv|wsdld_20000_24000.csv|wsdcon_3.csv|wsdcon_18.csv,Cosine + WSD sharp + WSD linear + WSD-con 3e-5 + WSD-con 18e-5,5,1
0.004934623402238123,train_size_rho0p35,0.004658929724579776,-5.5869243746808355,0.015775004993379905,0.35,100,0.9345794392523366,wsdcon_9.csv,WSD-con 9e-5,cosine_72000.csv|wsd_20000_24000.csv|wsdld_20000_24000.csv|wsdcon_3.csv|wsdcon_18.csv,Cosine + WSD sharp + WSD linear + WSD-con 3e-5 + WSD-con 18e-5,5,1
0.004934623402238123,train_size_rho0p5,0.004657538133353419,-5.6151249304867035,0.015344777584469543,0.5,100,0.9090909090909091,wsdcon_9.csv,WSD-con 9e-5,cosine_72000.csv|wsd_20000_24000.csv|wsdld_20000_24000.csv|wsdcon_3.csv|wsdcon_18.csv,Cosine + WSD sharp + WSD linear + WSD-con 3e-5 + WSD-con 18e-5,5,1
0.004934623402238123,train_size_rho0p75,0.0046570387222662265,-5.625245481671337,0.014677613341666519,0.75,100,0.8695652173913043,wsdcon_9.csv,WSD-con 9e-5,cosine_72000.csv|wsd_20000_24000.csv|wsdld_20000_24000.csv|wsdcon_3.csv|wsdcon_18.csv,Cosine + WSD sharp + WSD linear + WSD-con 3e-5 + WSD-con 18e-5,5,1
0.004934623402238123,train_size_rho1p0,0.0046565809287696675,-5.63452265358989,0.014066046119097082,1.0,100,0.8333333333333334,wsdcon_9.csv,WSD-con 9e-5,cosine_72000.csv|wsd_20000_24000.csv|wsdld_20000_24000.csv|wsdcon_3.csv|wsdcon_18.csv,Cosine + WSD sharp + WSD linear + WSD-con 3e-5 + WSD-con 18e-5,5,1
0.004934623402238123,train_selected_rho,0.004666088511038698,-5.441851774902007,0.016879255342916497,0.0,100,1.0,wsdcon_9.csv,WSD-con 9e-5,cosine_72000.csv|wsd_20000_24000.csv|wsdld_20000_24000.csv|wsdcon_3.csv|wsdcon_18.csv,Cosine + WSD sharp + WSD linear + WSD-con 3e-5 + WSD-con 18e-5,5,1
0.006687305974578527,none,0.006150298785361293,-8.030247027108405,0.026763912869102766,0.0,400,1.0,wsdcon_9.csv,WSD-con 9e-5,cosine_72000.csv|wsd_20000_24000.csv|wsdld_20000_24000.csv|wsdcon_3.csv|wsdcon_18.csv,Cosine + WSD sharp + WSD linear + WSD-con 3e-5 + WSD-con 18e-5,5,1
0.006687305974578527,constant_0p85,0.006186403288296251,-7.490350945304947,0.02274932593873735,0.0,400,0.85,wsdcon_9.csv,WSD-con 9e-5,cosine_72000.csv|wsd_20000_24000.csv|wsdld_20000_24000.csv|wsdcon_3.csv|wsdcon_18.csv,Cosine + WSD sharp + WSD linear + WSD-con 3e-5 + WSD-con 18e-5,5,1
0.006687305974578527,train_size_rho0p25,0.0061594887710083954,-7.892822693871104,0.025489440827716918,0.25,400,0.9523809523809523,wsdcon_9.csv,WSD-con 9e-5,cosine_72000.csv|wsd_20000_24000.csv|wsdld_20000_24000.csv|wsdcon_3.csv|wsdcon_18.csv,Cosine + WSD sharp + WSD linear + WSD-con 3e-5 + WSD-con 18e-5,5,1
0.006687305974578527,train_size_rho0p35,0.00616373678287196,-7.8292991781277905,0.025013002681404457,0.35,400,0.9345794392523366,wsdcon_9.csv,WSD-con 9e-5,cosine_72000.csv|wsd_20000_24000.csv|wsdld_20000_24000.csv|wsdcon_3.csv|wsdcon_18.csv,Cosine + WSD sharp + WSD linear + WSD-con 3e-5 + WSD-con 18e-5,5,1
0.006687305974578527,train_size_rho0p5,0.006169819163494765,-7.73834505331391,0.024330829881002512,0.5,400,0.9090909090909091,wsdcon_9.csv,WSD-con 9e-5,cosine_72000.csv|wsd_20000_24000.csv|wsdld_20000_24000.csv|wsdcon_3.csv|wsdcon_18.csv,Cosine + WSD sharp + WSD linear + WSD-con 3e-5 + WSD-con 18e-5,5,1
0.006687305974578527,train_size_rho0p75,0.00617960905923855,-7.5919498415350395,0.023272967712263275,0.75,400,0.8695652173913043,wsdcon_9.csv,WSD-con 9e-5,cosine_72000.csv|wsd_20000_24000.csv|wsdld_20000_24000.csv|wsdcon_3.csv|wsdcon_18.csv,Cosine + WSD sharp + WSD linear + WSD-con 3e-5 + WSD-con 18e-5,5,1
0.006687305974578527,train_size_rho1p0,0.00619219096490092,-7.403803737405823,0.022303260724252306,1.0,400,0.8333333333333334,wsdcon_9.csv,WSD-con 9e-5,cosine_72000.csv|wsd_20000_24000.csv|wsdld_20000_24000.csv|wsdcon_3.csv|wsdcon_18.csv,Cosine + WSD sharp + WSD linear + WSD-con 3e-5 + WSD-con 18e-5,5,1
0.006687305974578527,train_selected_rho,0.006150298785361293,-8.030247027108405,0.026763912869102766,0.0,400,1.0,wsdcon_9.csv,WSD-con 9e-5,cosine_72000.csv|wsd_20000_24000.csv|wsdld_20000_24000.csv|wsdcon_3.csv|wsdcon_18.csv,Cosine + WSD sharp + WSD linear + WSD-con 3e-5 + WSD-con 18e-5,5,1
0.004487187642230267,none,0.0028444476870241805,-36.609566752809016,0.013675067792674616,0.0,25,1.0,wsdcon_3.csv,WSD-con 3e-5,cosine_72000.csv|wsd_20000_24000.csv|wsdld_20000_24000.csv|wsdcon_9.csv|wsdcon_18.csv,Cosine + WSD sharp + WSD linear + WSD-con 9e-5 + WSD-con 18e-5,5,1
0.004487187642230267,constant_0p85,0.002969918284781246,-33.813369941777,0.011623807623773423,0.0,25,0.85,wsdcon_3.csv,WSD-con 3e-5,cosine_72000.csv|wsd_20000_24000.csv|wsdld_20000_24000.csv|wsdcon_9.csv|wsdcon_18.csv,Cosine + WSD sharp + WSD linear + WSD-con 9e-5 + WSD-con 18e-5,5,1
0.004487187642230267,train_size_rho0p25,0.0028770232324304658,-35.88359877456565,0.013023874088261538,0.25,25,0.9523809523809523,wsdcon_3.csv,WSD-con 3e-5,cosine_72000.csv|wsd_20000_24000.csv|wsdld_20000_24000.csv|wsdcon_9.csv|wsdcon_18.csv,Cosine + WSD sharp + WSD linear + WSD-con 9e-5 + WSD-con 18e-5,5,1
0.004487187642230267,train_size_rho0p35,0.0028923332687984388,-35.54240429845581,0.01278043718941553,0.35,25,0.9345794392523366,wsdcon_3.csv,WSD-con 3e-5,cosine_72000.csv|wsd_20000_24000.csv|wsdld_20000_24000.csv|wsdcon_9.csv|wsdcon_18.csv,Cosine + WSD sharp + WSD linear + WSD-con 9e-5 + WSD-con 18e-5,5,1
0.004487187642230267,train_size_rho0p5,0.002914254457234417,-35.05387584402544,0.012431879811522377,0.5,25,0.9090909090909091,wsdcon_3.csv,WSD-con 3e-5,cosine_72000.csv|wsd_20000_24000.csv|wsdld_20000_24000.csv|wsdcon_9.csv|wsdcon_18.csv,Cosine + WSD sharp + WSD linear + WSD-con 9e-5 + WSD-con 18e-5,5,1
0.004487187642230267,train_size_rho0p75,0.0029505649471284015,-34.24467211132981,0.011891363297977927,0.75,25,0.8695652173913043,wsdcon_3.csv,WSD-con 3e-5,cosine_72000.csv|wsd_20000_24000.csv|wsdld_20000_24000.csv|wsdcon_9.csv|wsdcon_18.csv,Cosine + WSD sharp + WSD linear + WSD-con 9e-5 + WSD-con 18e-5,5,1
0.004487187642230267,train_size_rho1p0,0.002987756029917896,-33.41584377262878,0.011395889827228847,1.0,25,0.8333333333333334,wsdcon_3.csv,WSD-con 3e-5,cosine_72000.csv|wsd_20000_24000.csv|wsdld_20000_24000.csv|wsdcon_9.csv|wsdcon_18.csv,Cosine + WSD sharp + WSD linear + WSD-con 9e-5 + WSD-con 18e-5,5,1
0.004487187642230267,train_selected_rho,0.0028444476870241805,-36.609566752809016,0.013675067792674616,0.0,25,1.0,wsdcon_3.csv,WSD-con 3e-5,cosine_72000.csv|wsd_20000_24000.csv|wsdld_20000_24000.csv|wsdcon_9.csv|wsdcon_18.csv,Cosine + WSD sharp + WSD linear + WSD-con 9e-5 + WSD-con 18e-5,5,1
0.0056693997340904675,none,0.004424410526164588,-21.959806440171768,0.019048081371424008,0.0,100,1.0,wsdcon_3.csv,WSD-con 3e-5,cosine_72000.csv|wsd_20000_24000.csv|wsdld_20000_24000.csv|wsdcon_9.csv|wsdcon_18.csv,Cosine + WSD sharp + WSD linear + WSD-con 9e-5 + WSD-con 18e-5,5,1
0.0056693997340904675,constant_0p85,0.004466578111609587,-21.216031306599113,0.016190869165710407,0.0,100,0.85,wsdcon_3.csv,WSD-con 3e-5,cosine_72000.csv|wsd_20000_24000.csv|wsdld_20000_24000.csv|wsdcon_9.csv|wsdcon_18.csv,Cosine + WSD sharp + WSD linear + WSD-con 9e-5 + WSD-con 18e-5,5,1
0.0056693997340904675,train_size_rho0p25,0.004430056511273057,-21.860219440255023,0.018141029877546674,0.25,100,0.9523809523809523,wsdcon_3.csv,WSD-con 3e-5,cosine_72000.csv|wsd_20000_24000.csv|wsdld_20000_24000.csv|wsdcon_9.csv|wsdcon_18.csv,Cosine + WSD sharp + WSD linear + WSD-con 9e-5 + WSD-con 18e-5,5,1
0.0056693997340904675,train_size_rho0p35,0.0044351306658040515,-21.77071870351064,0.017801945206938327,0.35,100,0.9345794392523366,wsdcon_3.csv,WSD-con 3e-5,cosine_72000.csv|wsd_20000_24000.csv|wsdld_20000_24000.csv|wsdcon_9.csv|wsdcon_18.csv,Cosine + WSD sharp + WSD linear + WSD-con 9e-5 + WSD-con 18e-5,5,1
0.0056693997340904675,train_size_rho0p5,0.004444257516413285,-21.609734277692993,0.01731643761038546,0.5,100,0.9090909090909091,wsdcon_3.csv,WSD-con 3e-5,cosine_72000.csv|wsd_20000_24000.csv|wsdld_20000_24000.csv|wsdcon_9.csv|wsdcon_18.csv,Cosine + WSD sharp + WSD linear + WSD-con 9e-5 + WSD-con 18e-5,5,1
0.0056693997340904675,train_size_rho0p75,0.004458410748517425,-21.360091762295184,0.01656354901862957,0.75,100,0.8695652173913043,wsdcon_3.csv,WSD-con 3e-5,cosine_72000.csv|wsd_20000_24000.csv|wsdld_20000_24000.csv|wsdcon_9.csv|wsdcon_18.csv,Cosine + WSD sharp + WSD linear + WSD-con 9e-5 + WSD-con 18e-5,5,1
0.0056693997340904675,train_size_rho1p0,0.004474978305686861,-21.067864049547836,0.01587340114285334,1.0,100,0.8333333333333334,wsdcon_3.csv,WSD-con 3e-5,cosine_72000.csv|wsd_20000_24000.csv|wsdld_20000_24000.csv|wsdcon_9.csv|wsdcon_18.csv,Cosine + WSD sharp + WSD linear + WSD-con 9e-5 + WSD-con 18e-5,5,1
0.0056693997340904675,train_selected_rho,0.004424410526164588,-21.959806440171768,0.019048081371424008,0.0,100,1.0,wsdcon_3.csv,WSD-con 3e-5,cosine_72000.csv|wsd_20000_24000.csv|wsdld_20000_24000.csv|wsdcon_9.csv|wsdcon_18.csv,Cosine + WSD sharp + WSD linear + WSD-con 9e-5 + WSD-con 18e-5,5,1
0.008173606778800102,none,0.005091486342151655,-37.70820544783911,0.03292896659090248,0.0,400,1.0,wsdcon_3.csv,WSD-con 3e-5,cosine_72000.csv|wsd_20000_24000.csv|wsdld_20000_24000.csv|wsdcon_9.csv|wsdcon_18.csv,Cosine + WSD sharp + WSD linear + WSD-con 9e-5 + WSD-con 18e-5,5,1
0.008173606778800102,constant_0p85,0.0052895998875076315,-35.28438508655351,0.027989621602267103,0.0,400,0.85,wsdcon_3.csv,WSD-con 3e-5,cosine_72000.csv|wsd_20000_24000.csv|wsdld_20000_24000.csv|wsdcon_9.csv|wsdcon_18.csv,Cosine + WSD sharp + WSD linear + WSD-con 9e-5 + WSD-con 18e-5,5,1
0.008173606778800102,train_size_rho0p25,0.005135310344440513,-37.17204064966795,0.03136092056276426,0.25,400,0.9523809523809523,wsdcon_3.csv,WSD-con 3e-5,cosine_72000.csv|wsd_20000_24000.csv|wsdld_20000_24000.csv|wsdcon_9.csv|wsdcon_18.csv,Cosine + WSD sharp + WSD linear + WSD-con 9e-5 + WSD-con 18e-5,5,1
0.008173606778800102,train_size_rho0p35,0.005158126071019359,-36.89290162088542,0.03077473513168456,0.35,400,0.9345794392523366,wsdcon_3.csv,WSD-con 3e-5,cosine_72000.csv|wsd_20000_24000.csv|wsdld_20000_24000.csv|wsdcon_9.csv|wsdcon_18.csv,Cosine + WSD sharp + WSD linear + WSD-con 9e-5 + WSD-con 18e-5,5,1
0.008173606778800102,train_size_rho0p5,0.005192477196857776,-36.47263273876212,0.029935424173547706,0.5,400,0.9090909090909091,wsdcon_3.csv,WSD-con 3e-5,cosine_72000.csv|wsd_20000_24000.csv|wsdld_20000_24000.csv|wsdcon_9.csv|wsdcon_18.csv,Cosine + WSD sharp + WSD linear + WSD-con 9e-5 + WSD-con 18e-5,5,1
0.008173606778800102,train_size_rho0p75,0.005254599663532307,-35.712595360457385,0.02863388399208911,0.75,400,0.8695652173913043,wsdcon_3.csv,WSD-con 3e-5,cosine_72000.csv|wsd_20000_24000.csv|wsdld_20000_24000.csv|wsdcon_9.csv|wsdcon_18.csv,Cosine + WSD sharp + WSD linear + WSD-con 9e-5 + WSD-con 18e-5,5,1
0.008173606778800102,train_size_rho1p0,0.005320236352359166,-34.90956322784854,0.027440805492418733,1.0,400,0.8333333333333334,wsdcon_3.csv,WSD-con 3e-5,cosine_72000.csv|wsd_20000_24000.csv|wsdld_20000_24000.csv|wsdcon_9.csv|wsdcon_18.csv,Cosine + WSD sharp + WSD linear + WSD-con 9e-5 + WSD-con 18e-5,5,1
0.008173606778800102,train_selected_rho,0.005091486342151655,-37.70820544783911,0.03292896659090248,0.0,400,1.0,wsdcon_3.csv,WSD-con 3e-5,cosine_72000.csv|wsd_20000_24000.csv|wsdld_20000_24000.csv|wsdcon_9.csv|wsdcon_18.csv,Cosine + WSD sharp + WSD linear + WSD-con 9e-5 + WSD-con 18e-5,5,1
0.0031360955249893426,none,0.002884326729426807,-8.028097153175551,0.011229357504146926,0.0,25,1.0,wsdld_20000_24000.csv,WSD linear,cosine_72000.csv|wsd_20000_24000.csv|wsdcon_3.csv|wsdcon_9.csv|wsdcon_18.csv,Cosine + WSD sharp + WSD-con 3e-5 + WSD-con 9e-5 + WSD-con 18e-5,5,1
0.0031360955249893426,constant_0p85,0.0029220920487611907,-6.823882580199125,0.009544953878524887,0.0,25,0.85,wsdld_20000_24000.csv,WSD linear,cosine_72000.csv|wsd_20000_24000.csv|wsdcon_3.csv|wsdcon_9.csv|wsdcon_18.csv,Cosine + WSD sharp + WSD-con 3e-5 + WSD-con 9e-5 + WSD-con 18e-5,5,1
0.0031360955249893426,train_size_rho0p25,0.0028963157196916865,-7.64580681254825,0.010694626194425643,0.25,25,0.9523809523809523,wsdld_20000_24000.csv,WSD linear,cosine_72000.csv|wsd_20000_24000.csv|wsdcon_3.csv|wsdcon_9.csv|wsdcon_18.csv,Cosine + WSD sharp + WSD-con 3e-5 + WSD-con 9e-5 + WSD-con 18e-5,5,1
0.0031360955249893426,train_size_rho0p35,0.002900797585211274,-7.5028945356780286,0.010494726639389652,0.35,25,0.9345794392523366,wsdld_20000_24000.csv,WSD linear,cosine_72000.csv|wsd_20000_24000.csv|wsdcon_3.csv|wsdcon_9.csv|wsdcon_18.csv,Cosine + WSD sharp + WSD-con 3e-5 + WSD-con 9e-5 + WSD-con 18e-5,5,1
0.0031360955249893426,train_size_rho0p5,0.0029072148017506775,-7.298270139250396,0.01020850682195175,0.5,25,0.9090909090909091,wsdld_20000_24000.csv,WSD linear,cosine_72000.csv|wsd_20000_24000.csv|wsdcon_3.csv|wsdcon_9.csv|wsdcon_18.csv,Cosine + WSD sharp + WSD-con 3e-5 + WSD-con 9e-5 + WSD-con 18e-5,5,1
0.0031360955249893426,train_size_rho0p75,0.002917166137543663,-6.980954046239496,0.009764658699258197,0.75,25,0.8695652173913043,wsdld_20000_24000.csv,WSD linear,cosine_72000.csv|wsd_20000_24000.csv|wsdcon_3.csv|wsdcon_9.csv|wsdcon_18.csv,Cosine + WSD sharp + WSD-con 3e-5 + WSD-con 9e-5 + WSD-con 18e-5,5,1
0.0031360955249893426,train_size_rho1p0,0.0029262881953538975,-6.690080960979595,0.00935779792012244,1.0,25,0.8333333333333334,wsdld_20000_24000.csv,WSD linear,cosine_72000.csv|wsd_20000_24000.csv|wsdcon_3.csv|wsdcon_9.csv|wsdcon_18.csv,Cosine + WSD sharp + WSD-con 3e-5 + WSD-con 9e-5 + WSD-con 18e-5,5,1
0.0031360955249893426,train_selected_rho,0.002884326729426807,-8.028097153175551,0.011229357504146926,0.0,25,1.0,wsdld_20000_24000.csv,WSD linear,cosine_72000.csv|wsd_20000_24000.csv|wsdcon_3.csv|wsdcon_9.csv|wsdcon_18.csv,Cosine + WSD sharp + WSD-con 3e-5 + WSD-con 9e-5 + WSD-con 18e-5,5,1
0.003248313740665229,none,0.0028925923836151304,-10.95095441665218,0.015959163927127703,0.0,100,1.0,wsdld_20000_24000.csv,WSD linear,cosine_72000.csv|wsd_20000_24000.csv|wsdcon_3.csv|wsdcon_9.csv|wsdcon_18.csv,Cosine + WSD sharp + WSD-con 3e-5 + WSD-con 9e-5 + WSD-con 18e-5,5,1
0.003248313740665229,constant_0p85,0.002945950587172653,-9.30831125415411,0.013565289338058548,0.0,100,0.85,wsdld_20000_24000.csv,WSD linear,cosine_72000.csv|wsd_20000_24000.csv|wsdcon_3.csv|wsdcon_9.csv|wsdcon_18.csv,Cosine + WSD sharp + WSD-con 3e-5 + WSD-con 9e-5 + WSD-con 18e-5,5,1
0.003248313740665229,train_size_rho0p25,0.0029095314958556256,-10.429480396811163,0.015199203740121622,0.25,100,0.9523809523809523,wsdld_20000_24000.csv,WSD linear,cosine_72000.csv|wsd_20000_24000.csv|wsdcon_3.csv|wsdcon_9.csv|wsdcon_18.csv,Cosine + WSD sharp + WSD-con 3e-5 + WSD-con 9e-5 + WSD-con 18e-5,5,1
0.003248313740665229,train_size_rho0p35,0.0029158638742632684,-10.23453683799267,0.014915106473951126,0.35,100,0.9345794392523366,wsdld_20000_24000.csv,WSD linear,cosine_72000.csv|wsd_20000_24000.csv|wsdcon_3.csv|wsdcon_9.csv|wsdcon_18.csv,Cosine + WSD sharp + WSD-con 3e-5 + WSD-con 9e-5 + WSD-con 18e-5,5,1
0.003248313740665229,train_size_rho0p5,0.002924930688801504,-9.955413106047395,0.014508330842843366,0.5,100,0.9090909090909091,wsdld_20000_24000.csv,WSD linear,cosine_72000.csv|wsd_20000_24000.csv|wsdcon_3.csv|wsdcon_9.csv|wsdcon_18.csv,Cosine + WSD sharp + WSD-con 3e-5 + WSD-con 9e-5 + WSD-con 18e-5,5,1
0.003248313740665229,train_size_rho0p75,0.0029389908214912416,-9.522569057958064,0.013877533849676263,0.75,100,0.8695652173913043,wsdld_20000_24000.csv,WSD linear,cosine_72000.csv|wsd_20000_24000.csv|wsdcon_3.csv|wsdcon_9.csv|wsdcon_18.csv,Cosine + WSD sharp + WSD-con 3e-5 + WSD-con 9e-5 + WSD-con 18e-5,5,1
0.003248313740665229,train_size_rho1p0,0.002951879276456815,-9.125795347210097,0.01329930327260642,1.0,100,0.8333333333333334,wsdld_20000_24000.csv,WSD linear,cosine_72000.csv|wsd_20000_24000.csv|wsdcon_3.csv|wsdcon_9.csv|wsdcon_18.csv,Cosine + WSD sharp + WSD-con 3e-5 + WSD-con 9e-5 + WSD-con 18e-5,5,1
0.003248313740665229,train_selected_rho,0.0028925923836151304,-10.95095441665218,0.015959163927127703,0.0,100,1.0,wsdld_20000_24000.csv,WSD linear,cosine_72000.csv|wsd_20000_24000.csv|wsdcon_3.csv|wsdcon_9.csv|wsdcon_18.csv,Cosine + WSD sharp + WSD-con 3e-5 + WSD-con 9e-5 + WSD-con 18e-5,5,1
0.0038535563963712593,none,0.0032802189736088234,-14.87813759005382,0.02554570987114448,0.0,400,1.0,wsdld_20000_24000.csv,WSD linear,cosine_72000.csv|wsd_20000_24000.csv|wsdcon_3.csv|wsdcon_9.csv|wsdcon_18.csv,Cosine + WSD sharp + WSD-con 3e-5 + WSD-con 9e-5 + WSD-con 18e-5,5,1
0.0038535563963712593,constant_0p85,0.0033662195870231867,-12.646416951545802,0.021713853390472805,0.0,400,0.85,wsdld_20000_24000.csv,WSD linear,cosine_72000.csv|wsd_20000_24000.csv|wsdcon_3.csv|wsdcon_9.csv|wsdcon_18.csv,Cosine + WSD sharp + WSD-con 3e-5 + WSD-con 9e-5 + WSD-con 18e-5,5,1
0.0038535563963712593,train_size_rho0p25,0.0033075207556451224,-14.169654847670499,0.024329247496328074,0.25,400,0.9523809523809523,wsdld_20000_24000.csv,WSD linear,cosine_72000.csv|wsd_20000_24000.csv|wsdcon_3.csv|wsdcon_9.csv|wsdcon_18.csv,Cosine + WSD sharp + WSD-con 3e-5 + WSD-con 9e-5 + WSD-con 18e-5,5,1
0.0038535563963712593,train_size_rho0p35,0.003317727029303563,-13.904801486031593,0.023874495206677088,0.35,400,0.9345794392523366,wsdld_20000_24000.csv,WSD linear,cosine_72000.csv|wsd_20000_24000.csv|wsdcon_3.csv|wsdcon_9.csv|wsdcon_18.csv,Cosine + WSD sharp + WSD-con 3e-5 + WSD-con 9e-5 + WSD-con 18e-5,5,1
0.0038535563963712593,train_size_rho0p5,0.0033323405574963187,-13.525579627321626,0.023223372610131344,0.5,400,0.9090909090909091,wsdld_20000_24000.csv,WSD linear,cosine_72000.csv|wsd_20000_24000.csv|wsdcon_3.csv|wsdcon_9.csv|wsdcon_18.csv,Cosine + WSD sharp + WSD-con 3e-5 + WSD-con 9e-5 + WSD-con 18e-5,5,1
0.0038535563963712593,train_size_rho0p75,0.0033550021157082734,-12.937510947872843,0.022213660757516938,0.75,400,0.8695652173913043,wsdld_20000_24000.csv,WSD linear,cosine_72000.csv|wsd_20000_24000.csv|wsdcon_3.csv|wsdcon_9.csv|wsdcon_18.csv,Cosine + WSD sharp + WSD-con 3e-5 + WSD-con 9e-5 + WSD-con 18e-5,5,1
0.0038535563963712593,train_size_rho1p0,0.0033757752107358876,-12.398447991711736,0.021288091559287067,1.0,400,0.8333333333333334,wsdld_20000_24000.csv,WSD linear,cosine_72000.csv|wsd_20000_24000.csv|wsdcon_3.csv|wsdcon_9.csv|wsdcon_18.csv,Cosine + WSD sharp + WSD-con 3e-5 + WSD-con 9e-5 + WSD-con 18e-5,5,1
0.0038535563963712593,train_selected_rho,0.0032802189736088234,-14.87813759005382,0.02554570987114448,0.0,400,1.0,wsdld_20000_24000.csv,WSD linear,cosine_72000.csv|wsd_20000_24000.csv|wsdcon_3.csv|wsdcon_9.csv|wsdcon_18.csv,Cosine + WSD sharp + WSD-con 3e-5 + WSD-con 9e-5 + WSD-con 18e-5,5,1
0.003408385839825258,none,0.0030580448363783513,-10.27879529815403,0.011244321713211372,0.0,25,1.0,wsd_20000_24000.csv,WSD sharp,cosine_72000.csv|wsdld_20000_24000.csv|wsdcon_3.csv|wsdcon_9.csv|wsdcon_18.csv,Cosine + WSD linear + WSD-con 3e-5 + WSD-con 9e-5 + WSD-con 18e-5,5,1
0.003408385839825258,constant_0p85,0.003110595986895389,-8.736976003430874,0.009557673456229666,0.0,25,0.85,wsd_20000_24000.csv,WSD sharp,cosine_72000.csv|wsdld_20000_24000.csv|wsdcon_3.csv|wsdcon_9.csv|wsdcon_18.csv,Cosine + WSD linear + WSD-con 3e-5 + WSD-con 9e-5 + WSD-con 18e-5,5,1
0.003408385839825258,train_size_rho0p25,0.0030747277413043974,-9.789328855384705,0.010708877822106068,0.25,25,0.9523809523809523,wsd_20000_24000.csv,WSD sharp,cosine_72000.csv|wsdld_20000_24000.csv|wsdcon_3.csv|wsdcon_9.csv|wsdcon_18.csv,Cosine + WSD linear + WSD-con 3e-5 + WSD-con 9e-5 + WSD-con 18e-5,5,1
0.003408385839825258,train_size_rho0p35,0.0030809643412767493,-9.606350745938286,0.010508711881505955,0.35,25,0.9345794392523366,wsd_20000_24000.csv,WSD sharp,cosine_72000.csv|wsdld_20000_24000.csv|wsdcon_3.csv|wsdcon_9.csv|wsdcon_18.csv,Cosine + WSD linear + WSD-con 3e-5 + WSD-con 9e-5 + WSD-con 18e-5,5,1
0.003408385839825258,train_size_rho0p5,0.003089894018509899,-9.344359361957899,0.010222110648373974,0.5,25,0.9090909090909091,wsd_20000_24000.csv,WSD sharp,cosine_72000.csv|wsdld_20000_24000.csv|wsdcon_3.csv|wsdcon_9.csv|wsdcon_18.csv,Cosine + WSD linear + WSD-con 3e-5 + WSD-con 9e-5 + WSD-con 18e-5,5,1
0.003408385839825258,train_size_rho0p75,0.0031037414890018687,-8.938082867959807,0.00977767105496641,0.75,25,0.8695652173913043,wsd_20000_24000.csv,WSD sharp,cosine_72000.csv|wsdld_20000_24000.csv|wsdcon_3.csv|wsdcon_9.csv|wsdcon_18.csv,Cosine + WSD linear + WSD-con 3e-5 + WSD-con 9e-5 + WSD-con 18e-5,5,1
0.003408385839825258,train_size_rho1p0,0.0031164350036195056,-8.5656627484616,0.00937026809434281,1.0,25,0.8333333333333334,wsd_20000_24000.csv,WSD sharp,cosine_72000.csv|wsdld_20000_24000.csv|wsdcon_3.csv|wsdcon_9.csv|wsdcon_18.csv,Cosine + WSD linear + WSD-con 3e-5 + WSD-con 9e-5 + WSD-con 18e-5,5,1
0.003408385839825258,train_selected_rho,0.0030580448363783513,-10.27879529815403,0.011244321713211372,0.0,25,1.0,wsd_20000_24000.csv,WSD sharp,cosine_72000.csv|wsdld_20000_24000.csv|wsdcon_3.csv|wsdcon_9.csv|wsdcon_18.csv,Cosine + WSD linear + WSD-con 3e-5 + WSD-con 9e-5 + WSD-con 18e-5,5,1
0.0037480705220761528,none,0.0032551656834042763,-13.150895527943373,0.015913018356060588,0.0,100,1.0,wsd_20000_24000.csv,WSD sharp,cosine_72000.csv|wsdld_20000_24000.csv|wsdcon_3.csv|wsdcon_9.csv|wsdcon_18.csv,Cosine + WSD linear + WSD-con 3e-5 + WSD-con 9e-5 + WSD-con 18e-5,5,1
0.0037480705220761528,constant_0p85,0.0033291014092050528,-11.178261198751994,0.0135260656026515,0.0,100,0.85,wsd_20000_24000.csv,WSD sharp,cosine_72000.csv|wsdld_20000_24000.csv|wsdcon_3.csv|wsdcon_9.csv|wsdcon_18.csv,Cosine + WSD linear + WSD-con 3e-5 + WSD-con 9e-5 + WSD-con 18e-5,5,1
0.0037480705220761528,train_size_rho0p25,0.0032786373423886466,-12.524662407565245,0.01515525557720056,0.25,100,0.9523809523809523,wsd_20000_24000.csv,WSD sharp,cosine_72000.csv|wsdld_20000_24000.csv|wsdcon_3.csv|wsdcon_9.csv|wsdcon_18.csv,Cosine + WSD linear + WSD-con 3e-5 + WSD-con 9e-5 + WSD-con 18e-5,5,1
0.0037480705220761528,train_size_rho0p35,0.003287411794345422,-12.290556568171507,0.014871979772019242,0.35,100,0.9345794392523366,wsd_20000_24000.csv,WSD sharp,cosine_72000.csv|wsdld_20000_24000.csv|wsdcon_3.csv|wsdcon_9.csv|wsdcon_18.csv,Cosine + WSD linear + WSD-con 3e-5 + WSD-con 9e-5 + WSD-con 18e-5,5,1
0.0037480705220761528,train_size_rho0p5,0.003299975214192622,-11.955359570857782,0.014466380323691443,0.5,100,0.9090909090909091,wsd_20000_24000.csv,WSD sharp,cosine_72000.csv|wsdld_20000_24000.csv|wsdcon_3.csv|wsdcon_9.csv|wsdcon_18.csv,Cosine + WSD linear + WSD-con 3e-5 + WSD-con 9e-5 + WSD-con 18e-5,5,1
0.0037480705220761528,train_size_rho0p75,0.003319457618883214,-11.435561328646482,0.013837407266139641,0.75,100,0.8695652173913043,wsd_20000_24000.csv,WSD sharp,cosine_72000.csv|wsdld_20000_24000.csv|wsdcon_3.csv|wsdcon_9.csv|wsdcon_18.csv,Cosine + WSD linear + WSD-con 3e-5 + WSD-con 9e-5 + WSD-con 18e-5,5,1
0.0037480705220761528,train_size_rho1p0,0.003337316489849582,-10.959079606619671,0.013260848630050491,1.0,100,0.8333333333333334,wsd_20000_24000.csv,WSD sharp,cosine_72000.csv|wsdld_20000_24000.csv|wsdcon_3.csv|wsdcon_9.csv|wsdcon_18.csv,Cosine + WSD linear + WSD-con 3e-5 + WSD-con 9e-5 + WSD-con 18e-5,5,1
0.0037480705220761528,train_selected_rho,0.0032551656834042763,-13.150895527943373,0.015913018356060588,0.0,100,1.0,wsd_20000_24000.csv,WSD sharp,cosine_72000.csv|wsdld_20000_24000.csv|wsdcon_3.csv|wsdcon_9.csv|wsdcon_18.csv,Cosine + WSD linear + WSD-con 3e-5 + WSD-con 9e-5 + WSD-con 18e-5,5,1
0.004701998914275349,none,0.00390824198917766,-16.881265597229923,0.025409833889923874,0.0,400,1.0,wsd_20000_24000.csv,WSD sharp,cosine_72000.csv|wsdld_20000_24000.csv|wsdcon_3.csv|wsdcon_9.csv|wsdcon_18.csv,Cosine + WSD linear + WSD-con 3e-5 + WSD-con 9e-5 + WSD-con 18e-5,5,1
0.004701998914275349,constant_0p85,0.004027305527942311,-14.34907575764549,0.02159835880643529,0.0,400,0.85,wsd_20000_24000.csv,WSD sharp,cosine_72000.csv|wsdld_20000_24000.csv|wsdcon_3.csv|wsdcon_9.csv|wsdcon_18.csv,Cosine + WSD linear + WSD-con 3e-5 + WSD-con 9e-5 + WSD-con 18e-5,5,1
0.004701998914275349,train_size_rho0p25,0.003946039937991829,-16.077395806885775,0.0241998417999275,0.25,400,0.9523809523809523,wsd_20000_24000.csv,WSD sharp,cosine_72000.csv|wsdld_20000_24000.csv|wsdcon_3.csv|wsdcon_9.csv|wsdcon_18.csv,Cosine + WSD linear + WSD-con 3e-5 + WSD-con 9e-5 + WSD-con 18e-5,5,1
0.004701998914275349,train_size_rho0p35,0.003960170012314891,-15.77688373572892,0.023747508308340073,0.35,400,0.9345794392523366,wsd_20000_24000.csv,WSD sharp,cosine_72000.csv|wsdld_20000_24000.csv|wsdcon_3.csv|wsdcon_9.csv|wsdcon_18.csv,Cosine + WSD linear + WSD-con 3e-5 + WSD-con 9e-5 + WSD-con 18e-5,5,1
0.004701998914275349,train_size_rho0p5,0.003980401709641086,-15.346605088390842,0.023099848990839885,0.5,400,0.9090909090909091,wsd_20000_24000.csv,WSD sharp,cosine_72000.csv|wsdld_20000_24000.csv|wsdcon_3.csv|wsdcon_9.csv|wsdcon_18.csv,Cosine + WSD linear + WSD-con 3e-5 + WSD-con 9e-5 + WSD-con 18e-5,5,1
0.004701998914275349,train_size_rho0p75,0.00401177550114692,-14.67936138889565,0.022095507730368585,0.75,400,0.8695652173913043,wsd_20000_24000.csv,WSD sharp,cosine_72000.csv|wsdld_20000_24000.csv|wsdcon_3.csv|wsdcon_9.csv|wsdcon_18.csv,Cosine + WSD linear + WSD-con 3e-5 + WSD-con 9e-5 + WSD-con 18e-5,5,1
0.004701998914275349,train_size_rho1p0,0.0040405348100272746,-14.067721331024941,0.021174861574936563,1.0,400,0.8333333333333334,wsd_20000_24000.csv,WSD sharp,cosine_72000.csv|wsdld_20000_24000.csv|wsdcon_3.csv|wsdcon_9.csv|wsdcon_18.csv,Cosine + WSD linear + WSD-con 3e-5 + WSD-con 9e-5 + WSD-con 18e-5,5,1
0.004701998914275349,train_selected_rho,0.00390824198917766,-16.881265597229923,0.025409833889923874,0.0,400,1.0,wsd_20000_24000.csv,WSD sharp,cosine_72000.csv|wsdld_20000_24000.csv|wsdcon_3.csv|wsdcon_9.csv|wsdcon_18.csv,Cosine + WSD linear + WSD-con 3e-5 + WSD-con 9e-5 + WSD-con 18e-5,5,1
0.00744534704076948,none,0.007314258733204462,-1.7606742418748267,0.011538028304920784,0.0,25,1.0,cosine_72000.csv,Cosine,wsd_20000_24000.csv|wsdld_20000_24000.csv|wsdcon_3.csv|wsdcon_9.csv|wsdcon_18.csv,WSD sharp + WSD linear + WSD-con 3e-5 + WSD-con 9e-5 + WSD-con 18e-5,5,1
0.00744534704076948,constant_0p85,0.007333921979339209,-1.4965731055936904,0.009807324059182667,0.0,25,0.85,cosine_72000.csv,Cosine,wsd_20000_24000.csv|wsdld_20000_24000.csv|wsdcon_3.csv|wsdcon_9.csv|wsdcon_18.csv,WSD sharp + WSD linear + WSD-con 3e-5 + WSD-con 9e-5 + WSD-con 18e-5,5,1
0.00744534704076948,train_size_rho0p25,0.007320501033564702,-1.6768326113093424,0.01098859838563884,0.25,25,0.9523809523809523,cosine_72000.csv,Cosine,wsd_20000_24000.csv|wsdld_20000_24000.csv|wsdcon_3.csv|wsdcon_9.csv|wsdcon_18.csv,WSD sharp + WSD linear + WSD-con 3e-5 + WSD-con 9e-5 + WSD-con 18e-5,5,1
0.00744534704076948,train_size_rho0p35,0.007322834603792816,-1.6454899456775696,0.010783204023290454,0.35,25,0.9345794392523366,cosine_72000.csv,Cosine,wsd_20000_24000.csv|wsdld_20000_24000.csv|wsdcon_3.csv|wsdcon_9.csv|wsdcon_18.csv,WSD sharp + WSD linear + WSD-con 3e-5 + WSD-con 9e-5 + WSD-con 18e-5,5,1
0.00744534704076948,train_size_rho0p5,0.007326175852073997,-1.6006129471590969,0.010489116640837076,0.5,25,0.9090909090909091,cosine_72000.csv,Cosine,wsd_20000_24000.csv|wsdld_20000_24000.csv|wsdcon_3.csv|wsdcon_9.csv|wsdcon_18.csv,WSD sharp + WSD linear + WSD-con 3e-5 + WSD-con 9e-5 + WSD-con 18e-5,5,1
0.00744534704076948,train_size_rho0p75,0.00733135720810425,-1.531021079891115,0.010033068091235465,0.75,25,0.8695652173913043,cosine_72000.csv,Cosine,wsd_20000_24000.csv|wsdld_20000_24000.csv|wsdcon_3.csv|wsdcon_9.csv|wsdcon_18.csv,WSD sharp + WSD linear + WSD-con 3e-5 + WSD-con 9e-5 + WSD-con 18e-5,5,1
0.00744534704076948,train_size_rho1p0,0.007336106784465296,-1.467228534895726,0.009615023587433987,1.0,25,0.8333333333333334,cosine_72000.csv,Cosine,wsd_20000_24000.csv|wsdld_20000_24000.csv|wsdcon_3.csv|wsdcon_9.csv|wsdcon_18.csv,WSD sharp + WSD linear + WSD-con 3e-5 + WSD-con 9e-5 + WSD-con 18e-5,5,1
0.00744534704076948,train_selected_rho,0.007332339879075495,-1.5178226223059421,0.009946576124931711,0.8,25,0.8620689655172414,cosine_72000.csv,Cosine,wsd_20000_24000.csv|wsdld_20000_24000.csv|wsdcon_3.csv|wsdcon_9.csv|wsdcon_18.csv,WSD sharp + WSD linear + WSD-con 3e-5 + WSD-con 9e-5 + WSD-con 18e-5,5,1
0.007265129575917493,none,0.007077454526217121,-2.583230591268171,0.01652415143774795,0.0,100,1.0,cosine_72000.csv,Cosine,wsd_20000_24000.csv|wsdld_20000_24000.csv|wsdcon_3.csv|wsdcon_9.csv|wsdcon_18.csv,WSD sharp + WSD linear + WSD-con 3e-5 + WSD-con 9e-5 + WSD-con 18e-5,5,1
0.007265129575917493,constant_0p85,0.007105605783672179,-2.195746002577903,0.014045528722085757,0.0,100,0.85,cosine_72000.csv,Cosine,wsd_20000_24000.csv|wsdld_20000_24000.csv|wsdcon_3.csv|wsdcon_9.csv|wsdcon_18.csv,WSD sharp + WSD linear + WSD-con 3e-5 + WSD-con 9e-5 + WSD-con 18e-5,5,1
0.007265129575917493,train_size_rho0p25,0.007086391433345709,-2.4602196107315955,0.015737287083569477,0.25,100,0.9523809523809523,cosine_72000.csv,Cosine,wsd_20000_24000.csv|wsdld_20000_24000.csv|wsdcon_3.csv|wsdcon_9.csv|wsdcon_18.csv,WSD sharp + WSD linear + WSD-con 3e-5 + WSD-con 9e-5 + WSD-con 18e-5,5,1
0.007265129575917493,train_size_rho0p35,0.007089732333206866,-2.414234197446863,0.01544313218481117,0.35,100,0.9345794392523366,cosine_72000.csv,Cosine,wsd_20000_24000.csv|wsdld_20000_24000.csv|wsdcon_3.csv|wsdcon_9.csv|wsdcon_18.csv,WSD sharp + WSD linear + WSD-con 3e-5 + WSD-con 9e-5 + WSD-con 18e-5,5,1
0.007265129575917493,train_size_rho0p5,0.007094515894371695,-2.3483914466075007,0.015021955852498136,0.5,100,0.9090909090909091,cosine_72000.csv,Cosine,wsd_20000_24000.csv|wsdld_20000_24000.csv|wsdcon_3.csv|wsdcon_9.csv|wsdcon_18.csv,WSD sharp + WSD linear + WSD-con 3e-5 + WSD-con 9e-5 + WSD-con 18e-5,5,1
0.007265129575917493,train_size_rho0p75,0.007101933880525865,-2.2462874706679736,0.01436882733717213,0.75,100,0.8695652173913043,cosine_72000.csv,Cosine,wsd_20000_24000.csv|wsdld_20000_24000.csv|wsdcon_3.csv|wsdcon_9.csv|wsdcon_18.csv,WSD sharp + WSD linear + WSD-con 3e-5 + WSD-con 9e-5 + WSD-con 18e-5,5,1
0.007265129575917493,train_size_rho1p0,0.007108733701167179,-2.1526921593901904,0.013770126198123293,1.0,100,0.8333333333333334,cosine_72000.csv,Cosine,wsd_20000_24000.csv|wsdld_20000_24000.csv|wsdcon_3.csv|wsdcon_9.csv|wsdcon_18.csv,WSD sharp + WSD linear + WSD-con 3e-5 + WSD-con 9e-5 + WSD-con 18e-5,5,1
0.007265129575917493,train_selected_rho,0.00710334073996889,-2.2269229235071353,0.014244958135989612,0.8,100,0.8620689655172414,cosine_72000.csv,Cosine,wsd_20000_24000.csv|wsdld_20000_24000.csv|wsdcon_3.csv|wsdcon_9.csv|wsdcon_18.csv,WSD sharp + WSD linear + WSD-con 3e-5 + WSD-con 9e-5 + WSD-con 18e-5,5,1
0.005612615040270773,none,0.00541488980417735,-3.5228718640907264,0.026615134707549986,0.0,400,1.0,cosine_72000.csv,Cosine,wsd_20000_24000.csv|wsdld_20000_24000.csv|wsdcon_3.csv|wsdcon_9.csv|wsdcon_18.csv,WSD sharp + WSD linear + WSD-con 3e-5 + WSD-con 9e-5 + WSD-con 18e-5,5,1
0.005612615040270773,constant_0p85,0.0054434088560592585,-3.014747724500122,0.022622864501417487,0.0,400,0.85,cosine_72000.csv,Cosine,wsd_20000_24000.csv|wsdld_20000_24000.csv|wsdcon_3.csv|wsdcon_9.csv|wsdcon_18.csv,WSD sharp + WSD linear + WSD-con 3e-5 + WSD-con 9e-5 + WSD-con 18e-5,5,1
0.005612615040270773,train_size_rho0p25,0.005423890465425875,-3.3625070219637565,0.025347747340523794,0.25,400,0.9523809523809523,cosine_72000.csv,Cosine,wsd_20000_24000.csv|wsdld_20000_24000.csv|wsdcon_3.csv|wsdcon_9.csv|wsdcon_18.csv,WSD sharp + WSD linear + WSD-con 3e-5 + WSD-con 9e-5 + WSD-con 18e-5,5,1
0.005612615040270773,train_size_rho0p35,0.005427255198602906,-3.302557548271212,0.024873957670607467,0.35,400,0.9345794392523366,cosine_72000.csv,Cosine,wsd_20000_24000.csv|wsdld_20000_24000.csv|wsdcon_3.csv|wsdcon_9.csv|wsdcon_18.csv,WSD sharp + WSD linear + WSD-con 3e-5 + WSD-con 9e-5 + WSD-con 18e-5,5,1
0.005612615040270773,train_size_rho0p5,0.005432080895828084,-3.2165780682863243,0.024195577006863624,0.5,400,0.9090909090909091,cosine_72000.csv,Cosine,wsd_20000_24000.csv|wsdld_20000_24000.csv|wsdcon_3.csv|wsdcon_9.csv|wsdcon_18.csv,WSD sharp + WSD linear + WSD-con 3e-5 + WSD-con 9e-5 + WSD-con 18e-5,5,1
0.005612615040270773,train_size_rho0p75,0.005439635803713978,-3.0819722235653324,0.023143595397869553,0.75,400,0.8695652173913043,cosine_72000.csv,Cosine,wsd_20000_24000.csv|wsdld_20000_24000.csv|wsdcon_3.csv|wsdcon_9.csv|wsdcon_18.csv,WSD sharp + WSD linear + WSD-con 3e-5 + WSD-con 9e-5 + WSD-con 18e-5,5,1
0.005612615040270773,train_size_rho1p0,0.005446622937686731,-2.9574824104814046,0.02217927892295832,1.0,400,0.8333333333333334,cosine_72000.csv,Cosine,wsd_20000_24000.csv|wsdld_20000_24000.csv|wsdcon_3.csv|wsdcon_9.csv|wsdcon_18.csv,WSD sharp + WSD linear + WSD-con 3e-5 + WSD-con 9e-5 + WSD-con 18e-5,5,1
0.005612615040270773,train_selected_rho,0.005441081417639376,-3.056215710513477,0.022944081644439646,0.8,400,0.8620689655172414,cosine_72000.csv,Cosine,wsd_20000_24000.csv|wsdld_20000_24000.csv|wsdcon_3.csv|wsdcon_9.csv|wsdcon_18.csv,WSD sharp + WSD linear + WSD-con 3e-5 + WSD-con 9e-5 + WSD-con 18e-5,5,1
